2016,07,23, 004, 09, 008, 16, 03, 00 
2016,07,23, 004, 08, 008, 16, 01, 00 
2016,07,07, 004, 11, 005, 16, 00, 01 
2016,07,07, 004, 02, 005, 16, 07, 01 
2016,07,07, 004, 16, 005, 14, 04, 01 
2016,07,06, 004, 12, 000, 16, 03, 01 
2016,07,05, 004, 16, 145, 04, 01, 01 
2016,06,25, 004, 10, 012, 16, 01, 98 
2016,06,25, 004, 04, 012, 16, 07, 98 
2016,06,24, 004, 12, 016, 16, 02, 98 
2016,06,20, 004, 13, 167, 16, 00, 166 
2016,06,20, 004, 10, 167, 16, 07, 166 
2016,06,20, 004, 16, 017, 14, 03, 166 
2016,06,20, 004, 10, 017, 16, 04, 166 
2016,06,20, 004, 16, 017, 12, 07, 166 
2016,06,19, 004, 16, 044, 14, 07, 166 
2016,06,19, 004, 16, 044, 13, 04, 166 
2016,06,18, 004, 08, 010, 16, 00, 166 
2016,06,18, 004, 16, 044, 09, 07, 166 
2016,06,04, 004, 16, 012, 03, 02, 00 
2016,06,04, 004, 16, 012, 09, 07, 00 
2016,06,02, 004, 16, 145, 14, 02, 00 
2016,06,02, 004, 16, 145, 02, 04, 00 
2016,06,02, 004, 03, 145, 16, 03, 00 
2016,06,01, 004, 16, 171, 12, 07, 00 
2016,06,01, 004, 16, 171, 09, 03, 00 
2016,05,31, 004, 12, 012, 16, 01, 00 
2016,05,31, 004, 09, 012, 16, 02, 00 
2016,05,31, 004, 16, 145, 10, 02, 00 
2016,05,31, 004, 16, 145, 04, 03, 00 
2016,05,27, 004, 16, 007, 09, 01, 99 
2016,05,27, 004, 16, 007, 08, 03, 99 
2016,05,26, 004, 16, 019, 14, 07, 99 
2016,05,26, 004, 09, 019, 16, 00, 99 
2016,05,26, 004, 16, 019, 10, 03, 99 
2016,05,25, 004, 08, 001, 16, 01, 99 
2016,05,25, 004, 09, 001, 16, 07, 99 
2016,05,23, 004, 14, 012, 16, 02, 99 
2016,05,23, 004, 13, 012, 16, 01, 99 
2016,05,23, 004, 16, 007, 10, 01, 99 
2016,05,23, 004, 16, 007, 08, 03, 99 
2016,05,22, 004, 11, 019, 16, 01, 99 
2016,05,22, 004, 31, 019, 28, 00, 99 
2016,05,22, 004, 14, 019, 16, 07, 99 
2016,05,18, 004, 16, 013, 05, 00, 99 
2016,05,18, 004, 16, 013, 09, 07, 99 
2016,05,14, 004, 10, 016, 16, 03, 100 
2016,05,14, 004, 16, 016, 08, 01, 100 
2016,05,14, 004, 04, 016, 16, 04, 100 
2016,05,11, 004, 16, 001, 09, 02, 100 
2016,05,11, 004, 22, 003, 18, 01, 100 
2016,05,09, 004, 16, 017, 09, 03, 99 
2016,05,09, 004, 16, 017, 14, 04, 99 
2016,05,09, 004, 16, 018, 06, 04, 99 
2016,05,09, 004, 16, 018, 08, 01, 99 
2016,05,04, 004, 16, 001, 07, 04, 99 
2016,05,04, 004, 16, 001, 11, 03, 99 
2016,04,26, 004, 16, 012, 10, 01, 04 
2016,04,26, 004, 13, 012, 16, 03, 04 
2016,04,23, 004, 22, 008, 25, 00, 99 
2016,04,23, 004, 12, 008, 16, 07, 99 
2016,04,21, 004, 16, 013, 03, 02, 04 
2016,04,21, 004, 16, 013, 10, 07, 04 
2016,04,17, 004, 16, 000, 14, 03, 05 
2016,04,17, 004, 16, 000, 14, 01, 05 
2016,04,17, 004, 16, 010, 10, 00, 05 
2016,04,17, 004, 16, 010, 19, 02, 05 
2016,04,17, 004, 16, 010, 14, 03, 05 
2016,04,16, 004, 16, 008, 12, 02, 05 
2016,04,16, 004, 16, 008, 12, 07, 05 
2016,04,14, 004, 16, 017, 12, 02, 05 
2016,04,14, 004, 09, 017, 16, 06, 05 
2016,04,14, 004, 16, 017, 05, 07, 05 
2016,04,13, 004, 16, 169, 08, 07, 05 
2016,04,12, 004, 02, 018, 16, 04, 05 
2016,04,07, 004, 16, 005, 08, 03, 04 
2016,04,07, 004, 16, 005, 04, 04, 04 
2016,04,01, 004, 10, 000, 16, 00, 06 
2016,04,01, 004, 09, 000, 16, 06, 06 
2016,03,31, 004, 16, 007, 09, 04, 06 
2016,03,31, 004, 12, 007, 16, 07, 06 
2016,03,31, 004, 16, 007, 05, 03, 06 
2016,03,30, 004, 05, 016, 16, 00, 06 
2016,03,29, 004, 19, 005, 17, 07, 06 
2016,03,23, 004, 16, 017, 04, 07, 04 
2016,03,23, 004, 16, 017, 08, 00, 04 
2016,03,19, 004, 19, 022, 16, 00, 04 
2016,03,19, 004, 16, 022, 08, 07, 04 
2016,03,16, 004, 10, 001, 16, 06, 04 
2016,03,16, 004, 16, 001, 06, 07, 04 
2016,03,09, 004, 16, 008, 11, 04, 04 
2016,03,09, 004, 16, 008, 02, 07, 04 
2016,03,08, 004, 16, 019, 09, 02, 04 
2016,03,08, 004, 16, 019, 07, 01, 04 
2016,03,02, 004, 16, 016, 13, 00, 08 
2016,03,02, 004, 13, 000, 16, 04, 08 
2016,03,02, 004, 14, 001, 16, 06, 08 
2016,03,02, 004, 16, 021, 05, 00, 08 
2016,03,02, 004, 08, 007, 16, 00, 08 
2016,02,24, 004, 16, 000, 10, 00, 04 
2016,02,24, 004, 13, 000, 16, 02, 04 
2016,02,23, 004, 16, 007, 14, 04, 04 
2016,02,23, 004, 19, 007, 15, 07, 04 
2016,02,17, 004, 16, 018, 08, 00, 04 
2016,02,17, 004, 16, 018, 08, 02, 04 
2016,01,31, 004, 13, 117, 16, 07, 205 
2016,01,31, 004, 09, 117, 16, 06, 205 
2016,01,14, 004, 16, 025, 09, 00, 205 
2016,01,14, 004, 12, 025, 16, 07, 205 
2016,01,14, 004, 16, 025, 11, 03, 205 
2015,12,06, 004, 12, 001, 16, 00, 103 
2015,12,06, 004, 09, 001, 16, 02, 103 
2015,12,06, 004, 16, 001, 09, 01, 103 
2015,12,05, 004, 16, 001, 12, 03, 103 
2015,12,05, 004, 14, 001, 16, 06, 103 
2015,12,05, 004, 16, 001, 06, 07, 103 
2015,12,04, 004, 16, 022, 06, 00, 103 
2015,12,04, 004, 16, 022, 02, 07, 103 
2015,11,27, 004, 06, 016, 16, 03, 104 
2015,11,27, 004, 21, 016, 19, 07, 104 
2015,11,27, 004, 10, 016, 16, 00, 104 
2015,11,26, 004, 04, 001, 16, 01, 104 
2015,11,26, 004, 16, 013, 08, 00, 104 
2015,11,17, 004, 16, 026, 03, 00, 15 
2015,11,17, 004, 16, 008, 13, 04, 15 
2015,11,15, 004, 16, 026, 06, 02, 105 
2015,11,15, 004, 14, 008, 16, 03, 105 
2015,11,13, 004, 16, 001, 07, 02, 105 
2015,11,13, 004, 16, 008, 14, 00, 105 
2015,11,11, 004, 08, 007, 16, 00, 15 
2015,11,10, 004, 12, 022, 16, 00, 15 
2015,11,04, 004, 16, 028, 07, 07, 15 
2015,11,04, 004, 12, 011, 16, 04, 15 
2015,11,03, 004, 16, 013, 09, 03, 15 
2015,11,03, 004, 16, 018, 04, 02, 15 
2015,11,01, 004, 06, 000, 16, 01, 17 
2015,11,01, 004, 03, 000, 16, 02, 17 
2015,10,31, 004, 16, 027, 08, 01, 17 
2015,10,31, 004, 16, 027, 10, 02, 17 
2015,10,30, 004, 16, 026, 01, 01, 17 
2015,10,30, 004, 16, 026, 14, 07, 17 
2015,10,29, 004, 16, 003, 11, 00, 17 
2015,10,28, 004, 13, 026, 16, 03, 17 
2015,10,24, 004, 17, 026, 19, 01, 15 
2015,10,22, 004, 11, 000, 16, 04, 15 
2015,10,22, 004, 06, 000, 16, 06, 15 
2015,10,21, 004, 16, 012, 10, 07, 105 
2015,10,21, 004, 16, 007, 08, 03, 15 
2015,10,20, 004, 16, 013, 14, 01, 105 
2015,10,18, 004, 12, 008, 16, 06, 15 
2015,10,17, 004, 16, 028, 04, 02, 15 
2015,10,17, 004, 16, 018, 08, 01, 15 
2015,10,15, 004, 16, 027, 09, 06, 184 
2015,10,15, 004, 16, 027, 12, 07, 184 
2015,10,15, 004, 13, 027, 16, 01, 184 
2015,10,15, 004, 16, 011, 04, 06, 184 
2015,10,15, 004, 16, 011, 13, 04, 184 
2015,10,14, 004, 10, 013, 16, 00, 105 
2015,10,14, 004, 16, 027, 13, 01, 105 
2015,10,13, 004, 16, 166, 14, 01, 184 
2015,10,13, 004, 16, 166, 12, 07, 184 
2015,10,06, 004, 02, 011, 16, 03, 105 
2015,10,06, 004, 21, 026, 16, 03, 105 
2015,10,06, 004, 10, 027, 16, 03, 15 
2015,10,06, 004, 14, 001, 16, 03, 105 
2015,10,01, 004, 11, 011, 16, 07, 15 
2015,09,29, 004, 16, 011, 02, 01, 105 
2015,09,29, 004, 12, 027, 16, 01, 105 
2015,09,29, 004, 13, 012, 16, 02, 105 
2015,09,26, 004, 07, 001, 16, 02, 107 
2015,09,26, 004, 19, 001, 17, 06, 107 
2015,09,26, 004, 13, 001, 16, 00, 107 
2015,09,26, 004, 01, 001, 16, 03, 107 
2015,09,26, 004, 19, 001, 16, 01, 107 
2015,09,22, 004, 05, 027, 16, 02, 15 
2015,09,22, 004, 14, 001, 16, 01, 15 
2015,09,17, 004, 16, 001, 13, 07, 15 
2015,09,16, 004, 16, 022, 09, 06, 15 
2015,09,15, 004, 16, 013, 08, 02, 15 
2015,09,11, 004, 10, 027, 16, 06, 19 
2015,09,11, 004, 08, 027, 16, 00, 19 
2015,09,11, 004, 16, 027, 07, 01, 19 
2015,09,11, 004, 16, 013, 07, 06, 19 
2015,09,11, 004, 16, 013, 13, 01, 19 
2015,09,10, 004, 19, 002, 16, 01, 19 
2015,09,10, 004, 07, 008, 16, 00, 19 
2015,08,22, 004, 05, 008, 16, 06, 24 
2015,08,22, 004, 14, 008, 16, 02, 24 
2015,08,21, 004, 16, 033, 05, 06, 24 
2015,08,20, 004, 03, 027, 16, 07, 24 
2015,08,20, 004, 16, 015, 13, 01, 24 
2015,07,17, 004, 14, 001, 16, 00, 27 
2015,07,17, 004, 14, 001, 16, 02, 27 
2015,07,17, 004, 16, 003, 10, 07, 27 
2015,07,17, 004, 16, 003, 06, 01, 27 
2015,07,16, 004, 13, 027, 16, 00, 27 
2015,07,11, 004, 12, 005, 16, 04, 28 
2015,07,11, 004, 10, 005, 16, 00, 28 
2015,07,11, 004, 16, 005, 01, 06, 28 
2015,07,10, 004, 16, 199, 08, 07, 28 
2015,07,10, 004, 16, 003, 02, 00, 28 
2015,07,10, 004, 16, 206, 04, 00, 28 
2015,07,02, 004, 16, 005, 02, 03, 29 
2015,07,02, 004, 16, 000, 08, 02, 29 
2015,07,02, 004, 16, 000, 07, 00, 29 
2015,06,30, 004, 05, 027, 16, 07, 29 
2015,06,30, 004, 07, 001, 16, 07, 29 
2015,06,28, 004, 09, 013, 16, 07, 153 
2015,06,28, 004, 04, 013, 16, 06, 153 
2015,06,28, 004, 10, 013, 16, 01, 153 
2015,06,28, 004, 16, 007, 02, 01, 153 
2015,06,28, 004, 16, 007, 13, 02, 153 
2015,06,27, 004, 16, 018, 09, 06, 153 
2015,06,27, 004, 09, 018, 16, 00, 153 
2015,06,27, 004, 16, 018, 04, 07, 153 
2015,06,26, 004, 16, 022, 12, 06, 153 
2015,06,26, 004, 22, 022, 19, 03, 153 
2015,06,24, 004, 16, 007, 09, 01, 30 
2015,06,24, 004, 16, 007, 09, 06, 30 
2015,06,23, 004, 16, 026, 08, 00, 32 
2015,06,23, 004, 16, 040, 10, 01, 30 
2015,06,23, 004, 16, 040, 07, 06, 30 
2015,06,22, 004, 16, 026, 08, 07, 29 
2015,06,22, 004, 16, 037, 04, 00, 30 
2015,06,22, 004, 16, 037, 08, 02, 30 
2015,06,22, 004, 21, 013, 18, 07, 29 
2015,06,18, 004, 16, 007, 10, 04, 32 
2015,06,18, 004, 04, 001, 16, 06, 32 
2015,06,17, 004, 21, 008, 17, 02, 29 
2015,06,15, 004, 14, 001, 16, 02, 33 
2015,06,15, 004, 06, 001, 16, 01, 33 
2015,06,14, 004, 16, 018, 11, 07, 33 
2015,06,14, 004, 13, 000, 16, 03, 33 
2015,06,14, 004, 16, 018, 09, 00, 33 
2015,06,13, 004, 16, 121, 05, 01, 215 
2015,06,13, 004, 16, 121, 05, 02, 215 
2015,06,11, 004, 16, 013, 03, 03, 32 
2015,06,10, 004, 12, 013, 16, 02, 29 
2015,06,10, 004, 07, 027, 16, 00, 29 
2015,06,09, 004, 04, 027, 16, 07, 32 
2015,06,09, 004, 01, 005, 16, 02, 29 
2015,06,09, 004, 13, 001, 16, 02, 29 
2015,06,08, 004, 16, 018, 10, 03, 32 
2015,06,01, 004, 16, 026, 14, 01, 32 
2015,06,01, 004, 16, 001, 11, 01, 32 
2015,05,31, 004, 16, 190, 07, 07, 215 
2015,05,31, 004, 16, 190, 06, 02, 215 
2015,05,27, 004, 16, 035, 06, 07, 30 
2015,05,27, 004, 14, 035, 16, 00, 30 
2015,05,27, 004, 03, 027, 16, 04, 32 
2015,05,26, 004, 16, 028, 08, 02, 32 
2015,05,26, 004, 16, 007, 10, 00, 32 
2015,05,25, 004, 16, 026, 10, 06, 30 
2015,05,25, 004, 16, 026, 07, 07, 30 
2015,05,25, 004, 16, 028, 07, 04, 32 
2015,05,24, 004, 16, 005, 06, 06, 32 
2015,05,24, 004, 16, 005, 11, 02, 32 
2015,05,24, 004, 16, 000, 14, 00, 32 
2015,05,23, 004, 16, 011, 19, 01, 32 
2015,05,23, 004, 16, 013, 05, 03, 32 
2015,05,21, 004, 13, 011, 16, 07, 32 
2015,05,20, 004, 25, 008, 22, 04, 30 
2015,05,20, 004, 16, 008, 10, 07, 30 
2015,05,19, 004, 16, 012, 08, 02, 30 
2015,05,19, 004, 16, 012, 09, 00, 30 
2015,05,16, 004, 09, 000, 16, 06, 37 
2015,05,16, 004, 12, 000, 16, 01, 37 
2015,05,16, 004, 16, 039, 05, 01, 37 
2015,05,16, 004, 13, 039, 16, 02, 37 
2015,05,15, 004, 22, 001, 20, 04, 37 
2015,05,15, 004, 14, 001, 16, 01, 37 
2015,05,15, 004, 16, 003, 01, 06, 37 
2015,05,15, 004, 16, 003, 02, 01, 37 
2015,05,12, 004, 16, 028, 07, 04, 30 
2015,05,12, 004, 16, 028, 12, 00, 30 
2015,05,12, 004, 14, 000, 16, 06, 32 
2015,05,11, 004, 11, 008, 16, 02, 32 
2015,05,07, 004, 19, 000, 15, 01, 30 
2015,05,07, 004, 03, 008, 16, 07, 32 
2015,05,06, 004, 16, 018, 13, 06, 32 
2015,05,03, 004, 12, 027, 16, 07, 38 
2015,05,03, 004, 18, 027, 21, 01, 38 
2015,05,03, 004, 16, 027, 01, 06, 38 
2015,05,03, 004, 16, 008, 14, 07, 38 
2015,05,03, 004, 05, 008, 16, 04, 38 
2015,05,03, 004, 16, 008, 06, 06, 38 
2015,05,02, 004, 16, 146, 04, 00, 38 
2015,05,02, 004, 16, 146, 03, 01, 38 
2015,05,02, 004, 12, 001, 16, 01, 38 
2015,05,02, 004, 07, 001, 16, 00, 38 
2015,05,01, 004, 16, 146, 14, 01, 38 
2015,05,01, 004, 16, 146, 05, 06, 38 
2015,04,25, 004, 04, 001, 16, 03, 113 
2015,04,25, 004, 06, 001, 16, 00, 113 
2015,04,25, 004, 14, 027, 16, 01, 113 
2015,04,25, 004, 12, 027, 16, 06, 113 
2015,04,24, 004, 16, 013, 11, 00, 113 
2015,04,24, 004, 36, 013, 33, 01, 113 
2015,04,24, 004, 10, 013, 16, 07, 113 
2015,04,16, 004, 16, 000, 14, 01, 39 
2015,04,15, 004, 10, 000, 16, 00, 39 
2015,04,07, 004, 06, 026, 16, 00, 39 
2015,04,07, 004, 16, 040, 12, 00, 39 
2015,04,05, 004, 16, 001, 08, 00, 41 
2015,04,05, 004, 16, 001, 10, 07, 41 
2015,04,05, 004, 11, 001, 16, 03, 41 
2015,04,05, 004, 16, 001, 13, 06, 41 
2015,04,02, 004, 16, 001, 07, 06, 39 
2015,03,29, 004, 02, 013, 16, 00, 42 
2015,03,29, 004, 09, 013, 16, 06, 42 
2015,03,29, 004, 16, 027, 13, 05, 42 
2015,03,29, 004, 16, 027, 06, 01, 42 
2015,03,28, 004, 01, 013, 16, 06, 42 
2015,03,28, 004, 09, 013, 16, 07, 42 
2015,03,27, 004, 16, 008, 06, 06, 42 
2015,03,27, 004, 16, 008, 06, 00, 42 
2015,03,27, 004, 16, 026, 11, 01, 42 
2015,03,27, 004, 25, 026, 22, 07, 42 
2015,03,25, 004, 16, 013, 12, 00, 39 
2015,03,25, 004, 16, 008, 07, 00, 39 
2015,03,22, 004, 09, 013, 16, 03, 156 
2015,03,22, 004, 11, 013, 16, 01, 156 
2015,03,22, 004, 05, 013, 16, 07, 156 
2015,03,22, 004, 16, 013, 14, 06, 156 
2015,03,22, 004, 16, 008, 12, 06, 156 
2015,03,22, 004, 07, 008, 16, 00, 156 
2015,03,22, 004, 16, 008, 10, 05, 156 
2015,03,21, 004, 16, 043, 10, 00, 156 
2015,03,21, 004, 16, 043, 13, 06, 156 
2015,03,21, 004, 13, 043, 16, 07, 156 
2015,03,21, 004, 09, 013, 16, 01, 156 
2015,03,21, 004, 06, 013, 16, 06, 156 
2015,03,20, 004, 16, 012, 08, 05, 156 
2015,03,20, 004, 16, 012, 05, 03, 156 
2015,03,18, 004, 21, 013, 26, 06, 43 
2015,03,18, 004, 05, 013, 16, 00, 43 
2015,03,18, 004, 16, 027, 12, 05, 39 
2015,03,18, 004, 16, 008, 04, 06, 43 
2015,03,18, 004, 16, 008, 14, 00, 43 
2015,03,17, 004, 16, 028, 10, 01, 43 
2015,03,17, 004, 16, 028, 13, 05, 43 
2015,03,15, 004, 13, 001, 16, 06, 44 
2015,03,15, 004, 16, 001, 10, 07, 44 
2015,03,15, 004, 14, 001, 16, 01, 44 
2015,03,14, 004, 16, 013, 10, 01, 44 
2015,03,14, 004, 16, 013, 09, 07, 44 
2015,03,14, 004, 16, 027, 12, 05, 44 
2015,03,14, 004, 04, 027, 16, 06, 44 
2015,03,14, 004, 16, 027, 08, 01, 44 
2015,03,12, 004, 16, 015, 07, 00, 44 
2015,03,12, 004, 16, 120, 09, 06, 44 
2015,03,01, 004, 16, 027, 02, 05, 39 
2015,02,26, 004, 16, 040, 12, 07, 39 
2015,02,22, 004, 11, 013, 16, 00, 39 
2015,02,22, 004, 18, 001, 21, 00, 39 
2015,02,19, 004, 16, 008, 06, 05, 39 
2015,02,18, 004, 16, 026, 10, 01, 39 
2015,02,17, 004, 11, 008, 16, 05, 116 
2015,02,17, 004, 16, 008, 09, 07, 116 
2015,02,17, 004, 09, 008, 16, 00, 116 
2015,02,17, 004, 15, 001, 19, 00, 116 
2015,02,17, 004, 12, 001, 16, 07, 116 
2015,02,16, 004, 16, 013, 14, 01, 116 
2015,02,16, 004, 16, 013, 06, 06, 116 
2015,02,07, 004, 09, 001, 16, 06, 118 
2015,02,07, 004, 15, 008, 15, 05, 118 
2015,02,07, 004, 13, 013, 16, 07, 118 
2015,02,07, 004, 08, 026, 16, 06, 118 
2015,02,07, 004, 16, 040, 05, 01, 118 
2015,01,31, 004, 16, 026, 14, 07, 157 
2015,01,31, 004, 16, 026, 05, 01, 157 
2015,01,31, 004, 16, 011, 10, 06, 157 
2015,01,31, 004, 16, 011, 08, 01, 157 
2015,01,30, 004, 16, 055, 02, 05, 157 
2015,01,30, 004, 16, 007, 06, 07, 157 
2015,01,26, 004, 10, 046, 16, 03, 119 
2015,01,26, 004, 19, 046, 17, 06, 119 
2015,01,26, 004, 11, 046, 16, 01, 119 
2015,01,25, 004, 16, 001, 12, 00, 119 
2015,01,25, 004, 14, 001, 16, 06, 119 
2015,01,25, 004, 16, 001, 14, 07, 119 
2015,01,24, 004, 16, 207, 03, 06, 119 
2015,01,24, 004, 07, 002, 16, 05, 119 
2015,01,24, 004, 19, 018, 17, 01, 119 
2015,01,15, 004, 16, 018, 10, 01, 158 
2015,01,15, 004, 14, 018, 16, 05, 158 
2015,01,15, 004, 16, 018, 09, 07, 158 
2015,01,14, 004, 16, 044, 03, 01, 158 
2015,01,14, 004, 16, 044, 02, 07, 158 
2015,01,14, 004, 13, 044, 16, 06, 158 
2015,01,14, 004, 16, 208, 08, 07, 158 
2015,01,14, 004, 16, 208, 04, 00, 158 
2014,11,29, 004, 16, 046, 19, 04, 46 
2014,11,29, 004, 16, 046, 04, 06, 46 
2014,11,29, 004, 10, 046, 16, 01, 46 
2014,11,29, 004, 16, 008, 08, 06, 46 
2014,11,29, 004, 09, 008, 16, 07, 46 
2014,11,29, 004, 22, 008, 20, 05, 46 
2014,11,28, 004, 16, 011, 06, 06, 46 
2014,11,28, 004, 16, 011, 05, 01, 46 
2014,11,27, 004, 16, 045, 13, 07, 46 
2014,11,27, 004, 13, 046, 16, 04, 46 
2014,11,27, 004, 16, 061, 02, 04, 46 
2014,11,16, 004, 08, 008, 16, 00, 161 
2014,11,16, 004, 09, 008, 16, 06, 161 
2014,11,11, 004, 19, 044, 16, 07, 161 
2014,11,11, 004, 16, 044, 03, 01, 161 
2014,11,11, 004, 16, 061, 05, 01, 161 
2014,10,31, 004, 01, 026, 16, 01, 47 
2014,10,31, 004, 10, 011, 16, 04, 47 
2014,10,31, 004, 10, 209, 16, 03, 47 
2014,10,31, 004, 16, 207, 07, 07, 47 
2014,10,31, 004, 16, 041, 09, 01, 47 
2014,10,28, 004, 13, 001, 16, 06, 48 
2014,10,28, 004, 16, 001, 05, 03, 48 
2014,10,28, 004, 04, 001, 16, 01, 48 
2014,10,28, 004, 16, 041, 10, 07, 48 
2014,10,28, 004, 14, 041, 16, 01, 48 
2014,10,28, 004, 16, 041, 14, 05, 48 
2014,10,21, 004, 16, 044, 07, 06, 48 
2014,10,21, 004, 19, 044, 15, 07, 48 
2014,10,14, 004, 03, 018, 16, 01, 48 
2014,10,14, 004, 14, 018, 16, 06, 48 
2014,10,09, 004, 09, 046, 16, 06, 124 
2014,10,08, 004, 12, 011, 16, 00, 124 
2014,10,07, 004, 13, 001, 16, 01, 124 
2014,10,06, 004, 09, 018, 16, 04, 124 
2014,10,02, 004, 16, 044, 11, 01, 124 
2014,10,02, 004, 16, 041, 14, 05, 48 
2014,10,02, 004, 16, 041, 09, 01, 48 
2014,10,02, 004, 09, 046, 16, 06, 48 
2014,10,02, 004, 13, 046, 16, 04, 48 
2014,10,01, 004, 05, 026, 16, 06, 124 
2014,10,01, 004, 16, 052, 08, 01, 48 
2014,10,01, 004, 16, 008, 12, 08, 124 
2014,09,30, 004, 16, 026, 19, 06, 51 
2014,09,30, 004, 07, 026, 16, 07, 51 
2014,09,29, 004, 08, 046, 16, 07, 51 
2014,09,29, 004, 10, 046, 16, 06, 51 
2014,09,28, 004, 16, 053, 02, 06, 51 
2014,09,28, 004, 07, 008, 16, 06, 124 
2014,09,27, 004, 08, 044, 16, 01, 51 
2014,09,25, 004, 13, 026, 16, 01, 125 
2014,09,25, 004, 03, 046, 16, 06, 125 
2014,09,25, 004, 16, 071, 08, 06, 125 
2014,09,23, 004, 16, 160, 03, 07, 51 
2014,09,23, 004, 15, 046, 15, 07, 51 
2014,09,23, 004, 16, 011, 11, 04, 51 
2014,09,22, 004, 16, 210, 03, 05, 51 
2014,09,21, 004, 16, 126, 13, 04, 51 
2014,09,18, 004, 04, 018, 16, 01, 124 
2014,09,17, 004, 16, 001, 12, 06, 124 
2014,09,16, 004, 14, 046, 16, 01, 53 
2014,09,16, 004, 12, 046, 16, 06, 53 
2014,09,15, 004, 16, 150, 10, 01, 51 
2014,09,10, 004, 16, 046, 05, 06, 124 
2014,09,10, 004, 16, 011, 02, 04, 124 
2014,09,09, 004, 07, 001, 16, 06, 128 
2014,09,09, 004, 00, 001, 16, 01, 128 
2014,09,04, 004, 16, 026, 11, 05, 124 
2014,09,03, 004, 16, 044, 12, 06, 124 
2014,09,01, 004, 13, 008, 16, 01, 162 
2014,09,01, 004, 19, 008, 16, 06, 162 
2014,09,01, 004, 16, 008, 11, 04, 162 
2014,09,01, 004, 01, 008, 16, 00, 162 
2014,09,01, 004, 09, 008, 16, 05, 162 
2014,08,27, 004, 16, 011, 06, 01, 163 
2014,08,27, 004, 13, 011, 16, 06, 163 
2014,08,27, 004, 16, 011, 04, 05, 163 
2014,08,22, 004, 16, 007, 10, 01, 216 
2014,08,22, 004, 16, 007, 09, 04, 216 
2014,08,21, 004, 19, 192, 17, 01, 216 
2014,08,21, 004, 16, 192, 03, 05, 216 
2014,08,17, 004, 16, 001, 13, 06, 55 
2014,08,17, 004, 08, 001, 16, 07, 55 
2014,08,17, 004, 16, 001, 11, 03, 55 
2014,08,17, 004, 16, 046, 14, 03, 55 
2014,08,17, 004, 16, 046, 06, 05, 55 
2014,08,17, 004, 10, 046, 16, 06, 55 
2014,08,16, 004, 16, 002, 14, 03, 55 
2014,08,16, 004, 16, 002, 14, 01, 55 
2014,08,16, 004, 08, 002, 16, 05, 55 
2014,08,15, 004, 16, 011, 11, 04, 55 
2014,08,15, 004, 06, 044, 16, 03, 55 
2014,08,14, 004, 16, 211, 07, 01, 55 
2014,08,03, 004, 11, 018, 16, 06, 131 
2014,08,03, 004, 04, 018, 16, 07, 131 
2014,08,02, 004, 16, 048, 11, 01, 131 
2014,08,02, 004, 10, 047, 16, 06, 131 
2014,08,02, 004, 16, 127, 12, 07, 131 
2014,08,02, 004, 14, 001, 16, 01, 131 
2014,08,02, 004, 14, 044, 16, 01, 131 
2014,07,30, 004, 13, 000, 16, 06, 58 
2014,07,30, 004, 16, 000, 11, 07, 58 
2014,07,30, 004, 01, 000, 16, 01, 58 
2014,07,30, 004, 16, 046, 02, 01, 58 
2014,07,30, 004, 16, 046, 09, 05, 58 
2014,07,30, 004, 09, 046, 16, 06, 58 
2014,06,29, 004, 08, 008, 16, 07, 61 
2014,06,29, 004, 16, 008, 12, 02, 61 
2014,06,29, 004, 14, 008, 16, 06, 61 
2014,06,28, 004, 16, 067, 08, 07, 61 
2014,06,28, 004, 16, 067, 08, 05, 61 
2014,06,28, 004, 06, 066, 16, 01, 61 
2014,06,28, 004, 16, 066, 07, 07, 61 
2014,06,28, 004, 13, 066, 16, 06, 61 
2014,06,22, 004, 05, 018, 16, 01, 217 
2014,06,22, 004, 16, 018, 07, 05, 217 
2014,06,22, 004, 10, 018, 16, 08, 217 
2014,06,22, 004, 19, 194, 17, 07, 217 
2014,06,22, 004, 16, 194, 11, 01, 217 
2014,06,22, 004, 16, 064, 07, 01, 217 
2014,06,22, 004, 16, 064, 04, 06, 217 
2014,06,22, 004, 08, 064, 16, 07, 217 
2014,06,16, 004, 19, 000, 16, 02, 62 
2014,06,16, 004, 16, 000, 05, 06, 62 
2014,06,16, 004, 16, 011, 13, 01, 62 
2014,06,16, 004, 11, 011, 16, 06, 62 
2014,06,16, 004, 16, 011, 09, 05, 62 
2014,06,16, 004, 16, 026, 09, 01, 62 
2014,06,16, 004, 09, 026, 16, 06, 62 
2014,06,16, 004, 16, 026, 12, 05, 62 
2014,06,16, 004, 07, 001, 16, 01, 133 
2014,06,16, 004, 14, 001, 16, 02, 133 
2014,06,15, 004, 16, 022, 05, 02, 133 
2014,06,15, 004, 16, 022, 07, 01, 133 
2014,06,15, 004, 08, 022, 16, 06, 133 
2014,06,15, 004, 16, 212, 00, 02, 133 
2014,06,15, 004, 16, 212, 07, 06, 133 
2014,06,14, 004, 16, 044, 05, 01, 62 
2014,06,14, 004, 16, 059, 12, 06, 62 
2014,05,22, 004, 16, 026, 06, 05, 135 
2014,05,21, 004, 10, 008, 16, 01, 135 
2014,05,19, 004, 16, 018, 09, 06, 136 
2014,05,19, 004, 16, 018, 01, 01, 136 
2014,05,18, 004, 16, 018, 06, 01, 136 
2014,05,18, 004, 10, 018, 16, 05, 136 
2014,05,18, 004, 16, 018, 11, 06, 136 
2014,05,18, 004, 16, 001, 06, 01, 136 
2014,05,15, 004, 16, 001, 08, 01, 135 
2014,05,14, 004, 16, 130, 02, 05, 135 
2014,05,08, 004, 12, 018, 16, 06, 135 
2014,05,07, 004, 13, 040, 16, 07, 135 
2014,05,04, 004, 08, 000, 16, 06, 63 
2014,05,04, 004, 13, 000, 16, 01, 63 
2014,05,04, 004, 16, 026, 03, 06, 63 
2014,05,04, 004, 16, 026, 12, 05, 63 
2014,05,04, 004, 08, 026, 16, 01, 63 
2014,05,03, 004, 16, 008, 12, 01, 63 
2014,05,03, 004, 10, 008, 16, 02, 63 
2014,05,03, 004, 16, 008, 14, 06, 63 
2014,05,02, 004, 15, 000, 19, 02, 63 
2014,05,02, 004, 03, 000, 16, 01, 63 
2014,04,30, 004, 09, 046, 16, 01, 135 
2014,04,28, 004, 16, 018, 06, 01, 137 
2014,04,28, 004, 11, 018, 16, 06, 137 
2014,04,28, 004, 16, 018, 07, 05, 137 
2014,04,28, 004, 16, 040, 13, 01, 137 
2014,04,28, 004, 16, 040, 13, 02, 137 
2014,04,19, 004, 16, 008, 13, 01, 138 
2014,04,19, 004, 16, 008, 06, 06, 138 
2014,04,19, 004, 12, 008, 16, 02, 138 
2014,04,19, 004, 16, 018, 11, 05, 138 
2014,04,19, 004, 19, 018, 15, 06, 138 
2014,04,19, 004, 16, 058, 07, 02, 138 
2014,04,19, 004, 16, 058, 12, 06, 138 
2014,04,18, 004, 16, 087, 04, 01, 138 
2014,04,18, 004, 16, 087, 10, 02, 138 
2014,04,13, 004, 10, 007, 16, 06, 65 
2014,04,13, 004, 16, 051, 07, 06, 65 
2014,04,09, 004, 16, 011, 14, 06, 65 
2014,04,07, 004, 16, 069, 06, 05, 65 
2014,04,06, 004, 16, 070, 06, 05, 65 
2014,04,03, 004, 16, 008, 09, 02, 65 
2014,04,02, 004, 16, 046, 08, 05, 65 
2014,03,31, 004, 16, 001, 12, 05, 65 
2014,03,26, 004, 16, 040, 13, 02, 218 
2014,03,26, 004, 16, 040, 05, 01, 218 
2014,03,26, 004, 04, 040, 16, 08, 218 
2014,03,26, 004, 16, 055, 04, 02, 218 
2014,03,24, 004, 14, 026, 16, 01, 65 
2014,03,23, 004, 12, 011, 16, 06, 66 
2014,03,20, 004, 05, 026, 16, 00, 66 
2014,03,20, 004, 13, 026, 16, 05, 66 
2014,03,18, 004, 16, 071, 09, 02, 65 
2014,03,18, 004, 16, 000, 11, 06, 65 
2014,03,16, 004, 10, 008, 16, 06, 67 
2014,03,16, 004, 09, 008, 16, 00, 67 
2014,03,15, 004, 16, 018, 05, 05, 67 
2014,03,15, 004, 16, 018, 06, 06, 67 
2014,03,14, 004, 16, 066, 11, 02, 67 
2014,03,14, 004, 16, 066, 02, 05, 67 
2014,03,14, 004, 12, 066, 16, 01, 67 
2014,03,13, 004, 16, 046, 07, 06, 67 
2014,03,13, 004, 16, 055, 05, 01, 67 
2014,03,09, 004, 16, 051, 05, 06, 219 
2014,03,09, 004, 16, 051, 10, 05, 219 
2014,03,08, 004, 16, 000, 13, 02, 66 
2014,03,08, 004, 16, 051, 09, 05, 66 
2014,03,07, 004, 13, 011, 16, 06, 219 
2014,03,07, 004, 16, 011, 11, 05, 219 
2014,03,07, 004, 09, 011, 16, 01, 219 
2014,03,06, 004, 16, 073, 11, 05, 65 
2014,03,05, 004, 16, 132, 07, 05, 219 
2014,03,05, 004, 16, 051, 07, 05, 219 
2014,03,05, 004, 16, 074, 07, 05, 219 
2014,03,05, 004, 16, 072, 10, 06, 65 
2014,03,04, 004, 16, 074, 13, 05, 65 
2014,03,01, 004, 16, 001, 07, 00, 140 
2014,03,01, 004, 16, 001, 12, 06, 140 
2014,02,28, 004, 16, 127, 01, 00, 140 
2014,02,28, 004, 16, 127, 02, 06, 140 
2014,02,22, 004, 10, 026, 16, 05, 141 
2014,02,21, 004, 16, 001, 10, 01, 141 
2014,02,21, 004, 16, 018, 03, 05, 141 
2014,02,21, 004, 19, 026, 22, 05, 141 
2013,12,14, 004, 16, 040, 13, 01, 202 
2013,12,14, 004, 19, 040, 17, 00, 202 
2013,12,14, 004, 14, 040, 16, 06, 202 
2013,12,14, 004, 16, 022, 03, 01, 202 
2013,12,14, 004, 16, 022, 14, 00, 202 
2013,12,14, 004, 12, 022, 16, 06, 202 
2013,12,13, 004, 16, 069, 09, 01, 70 
2013,12,13, 004, 16, 069, 03, 06, 70 
2013,12,13, 004, 16, 344, 04, 05, 70 
2013,12,13, 004, 16, 344, 07, 06, 70 
2013,12,12, 004, 16, 084, 04, 01, 70 
2013,12,12, 004, 16, 084, 04, 06, 70 
2013,12,12, 004, 04, 084, 16, 05, 70 
2013,12,10, 004, 16, 079, 11, 06, 70 
2013,12,10, 004, 16, 000, 11, 06, 70 
2013,11,30, 004, 02, 001, 16, 02, 72 
2013,11,30, 004, 16, 001, 06, 06, 72 
2013,11,30, 004, 14, 001, 16, 01, 72 
2013,11,30, 004, 16, 093, 05, 05, 72 
2013,11,30, 004, 06, 093, 16, 06, 72 
2013,11,30, 004, 16, 093, 13, 01, 72 
2013,11,28, 004, 16, 040, 07, 06, 72 
2013,11,28, 004, 16, 040, 09, 02, 72 
2013,11,28, 004, 14, 040, 16, 01, 72 
2013,11,28, 004, 16, 079, 04, 06, 72 
2013,11,28, 004, 16, 134, 13, 06, 72 
2013,11,02, 004, 09, 078, 16, 06, 144 
2013,11,02, 004, 13, 078, 16, 01, 144 
2013,11,02, 004, 16, 093, 19, 05, 144 
2013,11,02, 004, 13, 093, 16, 07, 144 
2013,11,02, 004, 16, 066, 02, 01, 144 
2013,11,02, 004, 16, 066, 06, 05, 144 
2013,10,31, 004, 16, 087, 02, 05, 144 
2013,10,31, 004, 16, 161, 05, 05, 144 
2013,10,31, 004, 16, 345, 09, 06, 144 
2013,10,27, 004, 06, 093, 16, 06, 74 
2013,10,27, 004, 14, 093, 16, 07, 74 
2013,10,27, 004, 16, 093, 05, 05, 74 
2013,10,27, 004, 16, 041, 06, 06, 74 
2013,10,27, 004, 16, 041, 06, 05, 74 
2013,10,27, 004, 14, 041, 16, 01, 74 
2013,10,26, 004, 16, 000, 02, 01, 74 
2013,10,26, 004, 16, 007, 08, 01, 74 
2013,10,12, 004, 20, 078, 22, 09, 145 
2013,10,12, 004, 12, 078, 16, 07, 145 
2013,10,12, 004, 16, 078, 07, 11, 145 
2013,10,11, 004, 16, 001, 12, 11, 145 
2013,10,11, 004, 16, 001, 11, 12, 145 
2013,10,10, 004, 06, 093, 16, 10, 145 
2013,10,10, 004, 14, 093, 16, 11, 145 
2013,10,03, 004, 16, 084, 07, 12, 81 
2013,10,03, 004, 14, 084, 16, 09, 81 
2013,10,03, 004, 16, 084, 14, 13, 81 
2013,10,02, 004, 16, 001, 12, 11, 75 
2013,10,02, 004, 16, 139, 07, 09, 75 
2013,09,29, 004, 07, 093, 16, 10, 81 
2013,09,29, 004, 08, 093, 16, 11, 81 
2013,09,26, 004, 16, 085, 10, 12, 76 
2013,09,26, 004, 16, 078, 14, 07, 76 
2013,09,26, 004, 16, 070, 02, 12, 76 
2013,09,25, 004, 14, 051, 16, 01, 76 
2013,09,24, 004, 16, 081, 02, 13, 76 
2013,09,24, 004, 16, 000, 12, 11, 76 
2013,09,23, 004, 16, 001, 07, 11, 76 
2013,09,22, 004, 16, 093, 08, 11, 76 
2013,09,17, 004, 19, 087, 21, 11, 78 
2013,09,17, 004, 16, 223, 10, 10, 78 
2013,09,15, 004, 16, 090, 04, 09, 79 
2013,09,15, 004, 16, 090, 11, 11, 79 
2013,09,15, 004, 16, 078, 08, 09, 79 
2013,09,15, 004, 12, 078, 16, 10, 79 
2013,09,15, 004, 16, 078, 10, 11, 79 
2013,09,14, 004, 16, 093, 02, 11, 79 
2013,09,14, 004, 16, 093, 10, 09, 79 
2013,09,14, 004, 16, 346, 03, 11, 79 
2013,09,14, 004, 17, 001, 19, 12, 79 
2013,09,14, 004, 16, 346, 07, 13, 79 
2013,09,12, 004, 15, 055, 15, 10, 76 
2013,09,11, 004, 16, 093, 11, 11, 80 
2013,09,11, 004, 16, 093, 07, 09, 80 
2013,09,11, 004, 16, 347, 01, 11, 80 
2013,09,10, 004, 16, 000, 03, 07, 80 
2013,09,10, 004, 16, 071, 01, 13, 80 
2013,09,09, 004, 16, 093, 12, 11, 146 
2013,09,09, 004, 16, 093, 14, 10, 146 
2013,09,09, 004, 13, 093, 16, 09, 146 
2013,09,09, 004, 16, 001, 05, 09, 146 
2013,09,09, 004, 16, 001, 06, 11, 146 
2013,09,04, 004, 16, 041, 06, 11, 82 
2013,09,04, 004, 26, 041, 22, 10, 82 
2013,09,04, 004, 14, 041, 16, 09, 82 
2013,09,04, 004, 16, 001, 07, 12, 82 
2013,09,03, 004, 16, 084, 08, 09, 82 
2013,09,03, 004, 16, 088, 10, 13, 82 
2013,09,02, 004, 16, 084, 13, 09, 76 
2013,09,01, 004, 16, 045, 10, 07, 76 
2013,09,01, 004, 16, 071, 06, 11, 76 
2013,09,01, 004, 16, 041, 10, 09, 81 
2013,08,29, 004, 16, 078, 13, 11, 81 
2013,08,29, 004, 16, 045, 12, 12, 81 
2013,08,29, 004, 16, 062, 04, 11, 76 
2013,08,28, 004, 16, 040, 14, 09, 81 
2013,08,28, 004, 16, 095, 00, 10, 76 
2013,08,26, 004, 16, 084, 11, 13, 81 
2013,08,22, 004, 16, 090, 06, 12, 76 
2013,08,18, 004, 16, 066, 10, 12, 220 
2013,08,18, 004, 13, 066, 16, 13, 220 
2013,08,18, 004, 16, 066, 11, 09, 220 
2013,08,18, 004, 16, 336, 03, 11, 220 
2013,08,18, 004, 16, 336, 14, 09, 220 
2013,08,17, 004, 16, 348, 02, 10, 220 
2013,08,17, 004, 16, 348, 08, 09, 220 
2013,07,07, 004, 16, 000, 02, 13, 84 
2013,07,07, 004, 16, 000, 08, 11, 84 
2013,07,07, 004, 09, 000, 16, 12, 84 
2013,07,07, 004, 12, 000, 16, 09, 84 
2013,07,06, 004, 19, 008, 17, 13, 84 
2013,07,06, 004, 16, 008, 10, 09, 84 
2013,07,06, 004, 09, 008, 16, 10, 84 
2013,07,04, 004, 16, 000, 10, 09, 84 
2013,07,04, 004, 16, 000, 02, 12, 84 
2013,07,04, 004, 13, 000, 16, 10, 84 
2013,06,30, 004, 14, 008, 16, 13, 221 
2013,06,30, 004, 11, 008, 16, 09, 221 
2013,06,30, 004, 16, 008, 11, 10, 221 
2013,06,29, 004, 16, 141, 10, 13, 221 
2013,06,29, 004, 16, 141, 06, 09, 221 
2013,06,25, 004, 16, 000, 14, 09, 85 
2013,06,24, 004, 16, 085, 04, 09, 85 
2013,06,19, 004, 16, 081, 05, 10, 85 
2013,06,17, 004, 16, 044, 02, 12, 222 
2013,06,17, 004, 16, 044, 05, 10, 222 
2013,06,17, 004, 16, 008, 09, 09, 222 
2013,06,17, 004, 16, 008, 06, 10, 222 
2013,06,17, 004, 16, 041, 10, 09, 222 
2013,06,17, 004, 16, 041, 03, 10, 222 
2013,06,17, 004, 14, 041, 16, 11, 222 
2013,06,16, 004, 16, 044, 06, 09, 223 
2013,06,16, 004, 16, 044, 10, 12, 223 
2013,06,16, 004, 11, 044, 16, 11, 223 
2013,06,15, 004, 22, 035, 20, 09, 222 
2013,06,15, 004, 02, 141, 16, 13, 222 
2013,06,15, 004, 16, 137, 05, 13, 222 
2013,06,13, 004, 16, 051, 07, 13, 85 
2013,06,13, 004, 16, 045, 13, 09, 85 
2013,06,12, 004, 23, 046, 25, 12, 224 
2013,06,12, 004, 09, 046, 16, 11, 224 
2013,06,12, 004, 13, 035, 16, 10, 86 
2013,06,12, 004, 16, 109, 01, 13, 86 
2013,06,12, 004, 08, 001, 16, 07, 86 
2013,06,11, 004, 16, 109, 13, 13, 224 
2013,06,11, 004, 16, 109, 10, 11, 224 
2013,06,11, 004, 16, 104, 04, 10, 85 
2013,06,10, 004, 16, 055, 14, 12, 85 
2013,06,09, 004, 16, 008, 03, 09, 85 
2013,06,03, 004, 16, 051, 04, 13, 224 
2013,06,03, 004, 16, 054, 12, 09, 85 
2013,06,03, 004, 16, 071, 01, 09, 85 
2013,06,02, 004, 16, 083, 08, 10, 224 
2013,06,02, 004, 16, 046, 08, 13, 224 
2013,06,02, 004, 16, 045, 01, 10, 224 
2013,05,29, 004, 16, 046, 06, 10, 88 
2013,05,29, 004, 16, 046, 07, 13, 88 
2013,05,29, 004, 21, 093, 18, 11, 88 
2013,05,28, 004, 16, 045, 12, 12, 88 
2013,05,28, 004, 16, 109, 09, 13, 88 
2013,05,27, 004, 16, 001, 03, 13, 85 
2013,05,27, 004, 16, 001, 08, 13, 224 
2013,05,26, 004, 16, 084, 08, 13, 85 
2013,05,21, 004, 03, 141, 16, 09, 89 
2013,05,20, 004, 16, 102, 05, 10, 85 
2013,05,15, 004, 08, 041, 16, 13, 225 
2013,05,14, 004, 16, 045, 06, 10, 225 
2013,05,14, 004, 16, 044, 02, 12, 225 
2013,04,21, 004, 16, 226, 04, 11, 226 
2013,04,21, 004, 16, 226, 10, 13, 226 
2013,04,21, 004, 16, 093, 14, 10, 226 
2013,04,21, 004, 16, 093, 14, 13, 226 
2013,04,20, 004, 16, 336, 09, 12, 226 
2013,04,20, 004, 16, 336, 14, 13, 226 
2013,04,20, 004, 16, 254, 05, 12, 226 
2013,04,20, 004, 16, 254, 04, 10, 226 
2013,04,14, 004, 16, 001, 07, 13, 227 
2013,04,14, 004, 16, 001, 06, 09, 227 
2013,04,14, 004, 16, 093, 14, 09, 227 
2013,04,14, 004, 16, 093, 03, 11, 227 
2013,04,13, 004, 16, 051, 07, 11, 227 
2013,04,13, 004, 16, 051, 07, 13, 227 
2013,04,07, 004, 14, 008, 16, 09, 90 
2013,04,07, 004, 15, 008, 19, 11, 90 
2013,04,06, 004, 16, 000, 05, 09, 90 
2013,04,06, 004, 16, 000, 03, 12, 90 
2013,04,05, 004, 10, 008, 16, 13, 90 
2013,04,05, 004, 14, 008, 16, 10, 90 
2013,04,04, 004, 16, 045, 07, 09, 90 
2013,04,04, 004, 16, 045, 08, 13, 90 
2013,03,31, 004, 16, 141, 02, 12, 91 
2013,03,30, 004, 16, 008, 11, 13, 91 
2013,03,30, 004, 16, 008, 13, 09, 91 
2013,03,30, 004, 16, 001, 08, 09, 91 
2013,03,30, 004, 16, 001, 04, 13, 91 
2013,03,30, 004, 16, 093, 02, 10, 91 
2013,03,30, 004, 16, 093, 11, 11, 91 
2013,03,30, 004, 16, 041, 10, 09, 91 
2013,03,30, 004, 16, 041, 10, 13, 91 
2013,03,29, 004, 16, 336, 02, 13, 91 
2013,03,29, 004, 16, 336, 04, 09, 91 
2013,03,29, 004, 16, 162, 05, 11, 91 
2013,03,29, 004, 16, 162, 01, 13, 91 
2013,03,29, 004, 16, 088, 12, 11, 91 
2013,03,29, 004, 16, 088, 03, 12, 91 
2013,03,23, 004, 16, 008, 10, 09, 92 
2013,03,23, 004, 16, 008, 12, 11, 92 
2013,03,23, 004, 16, 000, 05, 12, 92 
2013,03,21, 004, 16, 055, 07, 12, 93 
2013,03,21, 004, 16, 001, 14, 10, 93 
2013,03,20, 004, 12, 000, 16, 09, 93 
2013,03,19, 004, 16, 109, 14, 13, 228 
2013,03,19, 004, 16, 349, 02, 13, 228 
2013,03,19, 004, 16, 071, 13, 11, 228 
2013,03,17, 004, 16, 008, 05, 11, 93 
2013,03,13, 004, 12, 045, 16, 12, 94 
2013,03,11, 004, 16, 104, 03, 12, 93 
2013,03,10, 004, 16, 054, 02, 12, 93 
2013,03,07, 004, 16, 045, 09, 12, 93 
2013,03,05, 004, 16, 109, 07, 13, 93 
2013,03,04, 004, 16, 110, 03, 13, 93 
2013,03,03, 004, 16, 007, 06, 12, 93 
2013,02,28, 004, 16, 071, 08, 11, 93 
2013,02,28, 004, 16, 081, 05, 11, 93 
2013,02,24, 004, 16, 109, 05, 11, 95 
2013,02,24, 004, 16, 109, 13, 13, 95 
2013,02,24, 004, 16, 045, 12, 11, 95 
2013,02,24, 004, 16, 045, 08, 09, 95 
2013,02,24, 004, 16, 063, 05, 09, 95 
2013,02,24, 004, 16, 063, 02, 13, 95 
2013,02,23, 004, 16, 112, 09, 09, 95 
2013,02,23, 004, 16, 350, 05, 11, 95 
2013,02,23, 004, 16, 063, 08, 09, 95 
2013,02,21, 004, 16, 044, 04, 12, 229 
2013,02,21, 004, 16, 044, 02, 11, 229 
2013,02,21, 004, 16, 055, 06, 12, 229 
2013,02,20, 004, 16, 071, 05, 12, 229 
2013,02,20, 004, 16, 109, 09, 13, 229 
2013,02,19, 004, 16, 113, 01, 09, 93 
2013,02,17, 004, 16, 112, 10, 09, 93 
2013,02,14, 004, 12, 084, 16, 10, 230 
2013,02,13, 004, 16, 071, 09, 10, 230 
2013,02,13, 004, 16, 127, 06, 12, 230 
2013,02,10, 004, 16, 008, 06, 11, 96 
2013,02,10, 004, 16, 008, 12, 12, 96 
2013,02,07, 004, 16, 109, 12, 13, 96 
2013,02,07, 004, 16, 109, 05, 09, 96 
2013,01,31, 004, 16, 000, 09, 12, 96 
2013,01,29, 004, 16, 090, 07, 13, 96 
2013,01,29, 004, 16, 109, 02, 13, 96 
2013,01,24, 004, 16, 112, 09, 09, 231 
2013,01,24, 004, 16, 112, 05, 13, 231 
2013,01,13, 004, 16, 351, 02, 13, 231 
2013,01,13, 004, 16, 351, 03, 10, 231 
2013,01,07, 004, 16, 130, 05, 11, 231 
2013,01,07, 004, 16, 130, 04, 10, 231 
2012,12,16, 004, 16, 045, 06, 10, 232 
2012,12,16, 004, 16, 045, 03, 12, 232 
2012,12,15, 004, 16, 085, 02, 13, 232 
2012,12,15, 004, 16, 085, 07, 11, 232 
2012,12,15, 004, 16, 352, 04, 13, 232 
2012,12,15, 004, 16, 108, 05, 13, 232 
2012,12,15, 004, 16, 106, 02, 13, 232 
2012,12,14, 004, 16, 085, 03, 13, 232 
2012,12,14, 004, 16, 352, 03, 13, 232 
2012,12,14, 004, 16, 231, 09, 13, 232 
2012,12,09, 004, 16, 336, 10, 09, 233 
2012,12,09, 004, 16, 336, 13, 13, 233 
2012,12,09, 004, 16, 090, 05, 09, 233 
2012,12,09, 004, 16, 090, 09, 13, 233 
2012,12,08, 004, 16, 353, 11, 09, 233 
2012,12,08, 004, 16, 041, 07, 13, 233 
2012,12,08, 004, 16, 336, 06, 13, 233 
2012,12,02, 004, 16, 093, 11, 11, 234 
2012,12,02, 004, 16, 093, 09, 13, 234 
2012,12,02, 004, 16, 354, 06, 09, 234 
2012,12,02, 004, 16, 354, 08, 13, 234 
2012,12,02, 004, 16, 351, 08, 09, 234 
2012,12,02, 004, 16, 351, 07, 11, 234 
2012,12,01, 004, 16, 045, 12, 12, 234 
2012,12,01, 004, 16, 354, 10, 10, 234 
2012,12,01, 004, 16, 355, 01, 10, 234 
2012,12,01, 004, 16, 104, 04, 12, 234 
2012,11,29, 004, 16, 352, 03, 11, 231 
2012,11,24, 004, 16, 093, 01, 11, 235 
2012,11,24, 004, 16, 093, 09, 09, 235 
2012,11,24, 004, 16, 007, 05, 13, 235 
2012,11,24, 004, 16, 007, 14, 09, 235 
2012,11,23, 004, 16, 237, 10, 11, 235 
2012,11,23, 004, 16, 237, 05, 10, 235 
2012,11,22, 004, 16, 045, 10, 13, 235 
2012,11,22, 004, 16, 007, 14, 10, 235 
2012,11,22, 004, 16, 001, 06, 13, 235 
2012,11,20, 004, 16, 093, 06, 12, 236 
2012,11,19, 004, 16, 045, 02, 10, 236 
2012,11,11, 004, 16, 085, 10, 13, 231 
2012,11,08, 004, 15, 356, 15, 09, 231 
2012,11,04, 004, 16, 093, 14, 12, 237 
2012,11,04, 004, 16, 093, 03, 09, 237 
2012,11,03, 004, 16, 084, 05, 12, 237 
2012,11,03, 004, 16, 084, 07, 13, 237 
2012,11,03, 004, 16, 007, 05, 09, 237 
2012,11,02, 004, 16, 236, 10, 11, 237 
2012,11,02, 004, 16, 237, 13, 13, 237 
2012,11,02, 004, 16, 231, 09, 13, 237 
2012,10,11, 004, 16, 357, 03, 12, 238 
2012,10,11, 004, 16, 357, 08, 11, 238 
2012,10,09, 004, 16, 035, 01, 10, 238 
2012,10,09, 004, 16, 035, 12, 09, 238 
2012,10,03, 004, 16, 193, 06, 13, 238 
2012,10,03, 004, 16, 193, 02, 11, 238 
2012,09,23, 004, 16, 093, 12, 12, 239 
2012,09,23, 004, 16, 093, 10, 13, 239 
2012,09,23, 004, 16, 051, 04, 13, 239 
2012,09,23, 004, 16, 051, 09, 11, 239 
2012,09,22, 004, 16, 037, 07, 13, 239 
2012,09,22, 004, 16, 358, 01, 10, 239 
2012,09,21, 004, 16, 359, 02, 09, 239 
2012,09,13, 004, 16, 360, 01, 10, 240 
2012,09,13, 004, 16, 360, 03, 11, 240 
