2016,01,07,21:00,29,196,7,664,14,16,5,10,9,6,29,18,22,0.89 
2016,01,07,21:00,29,196,1,664,16,7,8,7,8,0,29,22,11,1.50 
2016,01,07,21:00,29,196,14,664,14,16,6,9,8,7,29,14,22,0.65 
2015,12,16,23:00,29,642,0,698,16,11,4,11,12,0,29,23,19,1.25 
2015,12,15,17:00,642,29,2,698,7,16,4,11,3,5,29,13,13,0.95 
2015,12,15,17:00,642,29,1,698,11,16,4,11,7,5,29,21,16,1.15 
2015,12,14,19:30,654,29,2,698,9,16,6,9,3,7,29,17,10,1.15 
2015,12,14,19:30,654,29,7,698,7,16,6,9,1,7,29,17,15,1.15 
2015,12,11,17:00,13,29,0,709,16,11,7,8,9,3,29,19,18,1.05 
2015,12,11,17:00,29,13,2,709,6,16,3,12,3,4,29,21,17,1.25 
2015,12,11,17:00,13,29,14,709,2,16,2,13,0,3,29,9,10,0.81 
2015,12,09,22:00,29,654,0,709,16,13,7,8,9,5,29,25,21,1.29 
2015,12,09,20:45,776,29,1,709,16,10,9,6,7,4,29,17,20,0.96 
2015,12,09,17:00,29,654,14,709,16,6,13,2,3,4,29,16,10,1.16 
2015,12,04,22:30,723,29,2,719,10,16,8,7,2,9,29,20,15,1.12 
2015,12,04,22:30,29,723,7,719,25,23,9,6,6,9,29,26,36,0.72 
2015,12,04,17:00,29,216,1,719,16,4,12,3,4,1,29,17,8,1.43 
2015,12,04,17:00,29,216,2,719,16,4,14,1,2,3,29,18,10,1.60 
2015,12,04,17:00,216,29,0,719,19,17,7,8,8,7,29,26,27,0.90 
2015,12,03,21:00,320,29,1,719,14,16,11,4,3,12,29,18,20,0.89 
2015,12,03,18:00,29,743,14,657,16,3,12,3,4,0,29,15,8,1.32 
2015,12,03,18:00,743,29,7,657,10,16,3,12,7,4,29,17,16,1.11 
2015,12,03,17:00,29,743,1,719,19,17,6,9,9,6,29,24,19,1.04 
2015,12,02,18:00,654,29,4,657,14,16,8,7,6,9,29,19,19,0.94 
2015,12,02,18:00,29,654,0,657,19,22,13,2,2,13,29,26,28,0.92 
2015,12,02,18:00,29,654,1,657,16,6,13,2,3,4,29,9,12,0.77 
2015,11,30,21:00,29,743,7,657,17,19,8,7,7,8,29,20,27,0.75 
2015,11,30,21:00,29,743,1,657,7,16,3,12,4,4,29,13,15,0.81 
2015,11,30,21:00,743,29,2,657,8,16,6,9,2,7,29,16,18,0.98 
2015,11,27,17:15,137,29,0,730,16,7,14,1,2,6,29,13,16,0.85 
2015,11,27,17:15,137,29,2,730,11,16,5,10,6,6,29,26,14,1.52 
2015,11,27,17:15,137,29,14,730,16,10,7,8,9,2,29,10,20,0.58 
2015,11,25,20:45,484,29,2,730,3,16,3,12,0,4,29,21,12,1.62 
2015,11,25,17:00,29,490,14,730,16,6,10,5,6,1,29,12,14,0.83 
2015,11,24,18:00,29,825,6,731,7,16,5,10,2,6,29,5,18,0.43 
2015,11,24,18:00,825,29,0,731,16,9,10,5,6,4,29,10,16,0.65 
2015,11,23,17:00,489,29,1,731,5,16,4,11,1,5,29,13,6,1.21 
2015,11,23,17:00,29,489,0,731,16,12,11,4,5,8,29,16,22,0.71 
2015,11,21,22:00,29,320,0,738,16,11,10,5,6,6,29,17,16,1.05 
2015,11,21,22:00,29,320,1,738,16,4,11,4,5,0,29,12,11,0.93 
2015,11,21,17:00,29,218,2,738,16,1,14,1,2,0,29,14,7,1.44 
2015,11,21,17:00,29,218,14,738,16,12,10,5,6,7,29,14,19,0.80 
2015,11,19,20:45,29,320,0,738,22,20,8,7,7,8,29,18,34,0.55 
2015,11,19,17:00,29,854,1,738,16,7,8,7,8,0,29,14,11,1.06 
2015,11,05,19:30,29,743,4,763,8,16,3,12,5,4,29,13,20,0.69 
2015,11,05,18:45,723,29,0,763,16,5,11,4,5,1,29,7,18,0.40 
2015,10,29,19:30,29,392,14,768,13,16,3,12,10,4,29,15,20,0.71 
2015,10,29,17:00,841,29,1,768,16,13,12,3,4,10,29,12,21,0.63 
2015,10,29,17:00,29,841,7,768,10,16,4,11,6,5,29,13,21,0.60 
2015,10,28,17:30,479,29,2,768,5,16,3,12,2,4,29,12,13,0.93 
2015,10,28,17:30,29,479,7,768,16,3,12,3,4,0,29,10,10,1.01 
2015,09,13,12:00,29,314,7,766,13,16,8,7,5,9,29,12,19,0.67 
2015,09,13,12:00,314,29,14,766,16,8,9,6,7,2,29,9,18,0.57 
2015,09,12,19:55,991,29,14,766,3,16,2,13,1,3,29,15,5,1.72 
2015,09,06,16:40,29,484,7,766,19,21,10,5,5,10,29,21,30,0.72 
2015,09,06,15:15,29,993,7,766,16,12,10,5,6,7,29,19,15,1.05 
2015,09,06,12:00,776,29,7,766,16,13,9,6,7,7,29,16,20,0.83 
2015,09,06,12:00,29,776,14,766,16,11,9,6,7,5,29,22,12,1.41 
2015,09,06,12:00,29,776,1,766,12,16,9,6,3,10,29,12,18,0.67 
2015,09,03,22:00,458,29,6,834,16,7,11,4,5,3,29,15,18,0.82 
2015,09,03,22:00,29,458,4,834,8,16,4,11,4,5,29,12,18,0.72 
2015,09,03,22:00,458,29,1,834,17,19,5,10,10,5,29,27,24,0.98 
2015,09,03,20:30,29,860,0,834,16,6,12,3,4,3,29,18,9,1.32 
2015,09,02,23:15,29,544,0,834,16,4,12,3,4,1,29,17,10,1.26 
2015,09,02,18:00,29,458,0,834,9,16,4,11,5,5,29,9,20,0.51 
2015,09,02,18:00,29,458,6,834,14,16,10,5,4,11,29,21,23,0.91 
2015,08,29,23:10,314,29,1,833,16,6,9,6,7,0,29,16,15,0.97 
2015,08,29,22:20,29,302,0,833,16,5,13,2,3,3,29,15,8,1.18 
2015,08,27,23:15,29,314,1,840,10,16,5,10,5,6,29,12,16,0.88 
2015,08,27,23:15,29,314,6,840,16,11,9,6,7,5,29,14,14,0.87 
2015,08,27,23:15,314,29,14,840,16,8,9,6,7,2,29,13,19,0.74 
2015,08,27,19:00,383,29,1,840,14,16,5,10,9,6,29,13,18,0.75 
2015,08,27,19:00,383,29,7,840,16,11,8,7,8,4,29,12,18,0.75 
2015,08,27,19:00,29,383,0,840,16,5,11,4,5,1,29,14,8,1.31 
2015,08,26,18:00,379,29,0,840,12,16,3,12,9,4,29,21,19,1.10 
2015,08,26,18:00,29,379,14,840,16,2,13,2,3,0,29,14,8,1.26 
2015,08,26,18:00,29,379,6,840,8,16,5,10,3,6,29,15,19,0.74 
2015,08,13,22:45,23,29,1,857,16,6,10,5,6,1,29,9,17,0.55 
2015,08,13,22:45,23,29,2,857,16,5,13,2,3,3,29,15,18,0.96 
2015,08,13,16:00,23,29,6,857,16,14,12,3,4,11,29,26,22,1.17 
2015,08,13,16:00,29,23,7,857,25,21,8,7,7,8,29,30,35,0.85 
2015,08,13,16:00,29,23,1,857,14,16,5,10,9,6,29,11,16,0.76 
2015,06,17,19:00,29,1050,0,841,16,13,10,5,6,8,29,22,14,1.22 
2015,06,17,19:00,1050,29,1,841,17,19,6,9,9,6,29,25,24,1.00 
2015,06,17,19:00,29,1050,6,841,10,16,7,8,3,8,29,11,21,0.56 
2015,05,22,21:00,1076,29,0,887,13,16,8,7,5,9,29,20,19,1.02 
2015,05,22,21:00,1076,29,1,887,16,13,4,11,12,2,29,27,20,1.23 
2015,05,22,21:00,1076,29,7,887,12,16,6,9,6,7,29,16,19,0.80 
2015,05,21,20:15,1045,29,7,841,16,3,12,3,4,0,29,9,16,0.68 
2015,05,20,22:00,29,647,1,841,16,8,8,7,8,1,29,17,13,1.18 
2015,05,18,21:30,29,1062,7,841,16,9,9,6,7,3,29,21,12,1.33 
2015,05,10,11:15,29,1054,0,560,6,16,3,12,3,4,29,18,18,1.07 
2015,05,10,11:15,1054,29,5,560,16,8,13,2,3,6,29,10,20,0.58 
2015,05,10,11:15,1054,29,6,560,16,1,15,0,1,1,29,6,16,0.34 
2015,05,08,13:40,29,1055,1,560,16,13,11,4,5,9,29,22,19,1.12 
2015,05,08,13:40,29,1055,14,560,16,5,13,2,3,3,29,19,12,1.30 
2015,05,08,10:00,29,379,14,560,26,20,10,5,5,10,29,33,29,1.06 
2015,05,08,10:00,379,29,7,560,8,16,8,7,0,9,29,13,17,0.84 
2015,05,05,20:30,29,283,0,887,16,9,12,3,4,6,29,23,11,1.48 
2015,05,05,20:30,29,283,7,887,16,10,6,9,10,1,29,20,15,1.26 
2015,05,04,21:00,314,29,0,920,9,16,2,13,7,3,29,20,16,1.26 
2015,04,29,20:20,159,29,7,560,11,16,6,9,5,7,29,9,20,0.51 
2015,04,29,20:20,159,29,0,560,7,16,6,9,1,7,29,15,14,0.99 
2015,04,29,20:20,159,29,14,560,16,8,9,6,7,2,29,10,19,0.53 
2015,04,29,18:00,1055,29,7,560,16,9,9,6,7,3,29,11,20,0.58 
2015,04,29,18:00,1055,29,1,560,16,14,6,9,10,5,29,19,17,0.94 
2015,04,27,20:00,29,283,7,560,16,5,11,4,5,1,29,16,9,1.24 
2015,04,27,20:00,283,29,0,560,9,16,9,6,0,10,29,13,17,0.81 
2015,04,23,18:00,29,433,1,560,16,8,10,5,6,3,29,20,12,1.30 
2015,04,23,18:00,29,433,0,560,16,5,11,4,5,1,29,13,9,1.03 
2015,04,16,18:15,29,1094,7,560,16,12,8,7,8,5,29,14,18,0.75 
2015,04,16,18:15,29,1094,1,560,16,10,7,8,9,2,29,16,15,0.95 
2015,04,15,18:15,29,676,14,943,9,16,8,7,1,9,29,9,19,0.61 
2015,04,15,18:15,29,676,6,943,9,16,8,7,1,9,29,11,17,0.72 
2015,04,04,12:00,13,29,5,948,16,14,13,2,3,12,29,15,22,0.69 
2015,04,04,10:00,995,29,5,948,13,16,12,3,1,13,29,10,19,0.63 
2015,04,03,22:30,270,29,1,948,16,8,10,5,6,3,29,6,18,0.41 
2015,04,03,22:30,29,270,6,948,4,16,4,11,0,5,29,4,18,0.34 
2015,04,03,19:00,544,29,7,948,7,16,6,9,1,7,29,10,11,0.81 
2015,04,03,19:00,29,544,1,948,13,16,10,5,3,11,29,14,20,0.74 
2015,04,03,19:00,29,544,14,948,16,13,12,3,4,10,29,16,20,0.83 
2015,04,03,15:30,698,29,14,948,8,16,7,8,1,8,29,20,13,1.26 
2015,04,03,15:30,29,698,5,948,16,9,11,4,5,5,29,15,16,0.91 
2015,04,03,12:00,544,29,0,948,16,3,12,3,4,0,29,10,18,0.51 
2015,04,03,12:00,544,29,7,948,16,14,10,5,6,9,29,19,20,0.90 
2015,04,02,21:30,29,1120,1,948,16,8,9,6,7,2,29,13,11,1.04 
2015,04,02,19:00,1116,29,0,948,8,16,8,7,0,9,29,23,12,1.47 
2015,04,02,15:30,1139,29,1,948,7,16,3,12,4,4,29,17,9,1.23 
2015,04,02,14:00,1115,29,6,948,7,16,2,13,5,3,29,15,11,1.07 
2014,12,13,18:25,1158,29,0,974,10,16,7,8,3,8,29,15,14,0.95 
2014,12,13,18:18,1158,29,1,974,2,16,2,13,0,3,29,11,8,1.03 
2014,09,30,22:00,145,939,6,993,14,16,9,6,5,10,145,21,21,0.96 
2014,09,30,00:16,934,145,6,993,16,3,12,3,4,0,145,10,18,0.64 
2014,09,15,23:50,942,145,1,993,16,7,9,6,7,1,145,9,18,0.57 
2013,12,03,16:00,145,957,1,1098,11,16,4,11,7,5,145,9,22,0.47 
2013,10,31,21:00,953,145,13,1098,16,10,10,5,6,5,145,14,23,0.70 
2013,10,12,20:00,942,145,9,1098,14,16,5,10,9,6,145,15,24,0.66 
2013,10,04,20:20,954,145,13,1098,15,15,7,8,8,7,145,22,15,1.14 
2013,09,23,21:00,139,145,9,1124,7,16,2,13,5,3,145,18,15,1.22 
2013,09,23,21:00,139,145,13,1124,5,16,4,11,1,5,145,19,11,1.31 
