2016,08,14,14:30,60,61,5,478,6,16,5,10,1,6,61,8,14,0.68 
2016,08,14,14:30,60,61,4,478,10,16,8,7,2,9,61,17,19,0.88 
2016,08,12,16:00,61,66,7,478,16,14,7,8,9,6,61,19,22,0.98 
2016,08,12,16:00,66,61,2,478,10,16,7,8,3,8,61,20,18,1.05 
2016,08,08,15:00,61,148,4,478,16,12,13,2,3,10,61,23,17,1.15 
2016,08,08,15:00,61,148,1,478,14,16,5,10,9,6,61,19,25,0.82 
2016,08,08,15:00,148,61,0,478,14,16,5,10,9,6,61,33,20,1.58 
2016,08,03,13:00,61,191,14,482,16,19,7,8,8,7,61,17,27,0.68 
2016,08,03,13:00,191,61,7,482,16,5,11,4,5,1,61,3,19,0.20 
2016,08,03,13:00,61,191,0,482,19,15,5,10,10,5,61,21,25,0.89 
2016,08,02,13:30,192,61,7,482,3,16,3,12,0,4,61,14,7,1.28 
2016,08,02,13:30,61,192,0,482,16,9,11,4,5,5,61,26,15,1.47 
2016,07,25,15:00,62,61,0,504,16,5,13,2,3,3,61,20,18,1.13 
2016,07,25,15:00,62,61,1,504,16,1,14,1,2,0,61,4,16,0.24 
2016,07,22,12:00,256,61,7,504,11,16,5,10,6,6,61,20,18,1.00 
2016,07,22,12:00,61,256,0,504,16,13,9,6,7,7,61,24,18,1.16 
2016,06,18,12:00,61,148,5,504,16,11,10,5,6,6,61,15,21,0.71 
2016,06,18,12:00,61,148,14,504,16,14,8,7,8,7,61,18,24,0.82 
2016,06,18,12:00,148,61,0,504,19,16,13,2,2,13,61,28,22,1.25 
2016,06,09,12:15,368,61,7,504,10,16,4,11,6,5,61,18,14,1.04 
2016,06,09,12:15,368,61,1,504,14,16,7,8,7,8,61,27,15,1.47 
2016,03,12,13:30,148,61,4,633,12,16,10,5,2,11,148,12,23,0.52 
2016,02,27,13:00,148,62,14,641,14,16,3,12,11,4,148,20,22,1.03 
2016,02,27,13:00,148,62,1,641,14,16,10,5,4,11,148,21,21,0.96 
2016,02,27,13:00,62,148,7,641,5,16,5,10,0,6,148,17,11,1.34 
2016,02,26,14:00,643,148,14,641,16,3,12,3,4,0,148,8,17,0.50 
2016,02,26,14:00,148,643,0,641,12,16,7,8,5,8,148,16,23,0.75 
2016,02,26,14:00,643,148,4,641,10,16,4,11,6,5,148,17,16,1.04 
2016,02,20,15:00,148,62,0,641,16,8,13,2,3,6,148,23,12,1.33 
2016,02,20,13:30,193,148,0,641,13,16,6,9,7,7,148,33,14,1.77 
