2013,05,14,20:00,210,1393,10,1143,13,16,7,8,6,8,210,9,22,0.48 
2013,05,13,20:00,210,1391,10,1138,16,4,12,3,4,1,210,12,10,1.05 
2013,04,14,17:00,210,250,13,1151,7,16,6,9,1,7,210,11,20,0.58 
2013,04,14,17:00,210,250,9,1151,6,16,3,12,3,4,210,5,18,0.39 
2013,04,14,11:00,1395,210,12,1151,10,16,6,9,4,7,210,19,13,1.29 
2013,04,14,11:00,1395,210,9,1151,16,5,12,3,4,2,210,9,17,0.54 
2013,04,14,11:00,210,1395,10,1151,21,18,5,10,10,5,210,11,29,0.50 
2013,04,13,17:00,1214,210,10,1151,5,16,3,12,2,4,210,16,10,1.23 
2013,04,13,17:00,1214,210,9,1151,1,16,1,14,0,2,210,18,7,1.77 
2013,04,07,17:15,1317,210,9,1152,16,10,6,9,10,1,210,16,22,0.80 
2013,04,07,17:15,210,1317,10,1152,6,16,6,9,0,7,210,9,18,0.49 
2013,04,07,14:00,210,1370,13,1152,16,4,11,4,5,0,210,15,10,1.15 
2013,04,07,14:00,1370,210,9,1152,11,16,8,7,3,9,210,23,15,1.31 
2013,04,07,14:00,210,1370,12,1152,10,16,5,10,5,6,210,11,19,0.64 
2013,04,07,10:00,210,1383,13,1152,16,12,12,3,4,9,210,29,18,1.55 
2013,04,07,10:00,210,1383,9,1152,6,16,4,11,2,5,210,9,18,0.53 
2013,04,07,10:00,1383,210,10,1152,9,16,4,11,5,5,210,23,10,1.54 
2013,04,06,16:00,210,1370,12,1152,16,8,10,5,6,3,210,15,14,0.96 
2013,04,06,14:45,1410,210,12,1152,13,16,8,7,5,9,210,24,18,1.21 
2013,04,06,13:30,210,314,10,1152,15,15,7,8,8,7,210,17,20,0.80 
2013,04,06,11:00,599,210,9,1152,16,9,6,9,10,0,210,7,20,0.42 
2013,04,03,21:30,1317,210,9,1154,16,9,7,8,9,1,210,19,20,1.03 
2013,04,03,20:30,210,1151,10,1154,16,2,13,2,3,0,210,16,7,1.47 
2013,04,03,19:30,210,218,10,1154,16,12,9,6,7,6,210,18,21,0.82 
2013,03,30,18:30,1370,210,9,1155,16,10,10,5,6,5,210,13,20,0.81 
2013,03,30,13:30,210,250,9,1155,8,16,7,8,1,8,210,13,19,0.70 
2013,03,30,13:30,210,250,13,1155,4,16,3,12,1,4,210,6,18,0.33 
2013,03,30,10:00,698,210,12,1155,14,16,12,3,2,13,210,17,21,0.83 
2013,03,30,10:00,210,698,10,1155,16,7,11,4,5,3,210,13,16,0.86 
2013,03,30,00:15,1353,210,9,1155,10,16,7,8,3,8,210,19,13,1.11 
2013,03,30,00:15,210,1353,10,1155,16,2,13,2,3,0,210,9,10,0.97 
2013,03,29,17:00,215,210,9,1155,22,18,4,11,11,4,210,15,31,0.54 
2013,03,29,17:00,215,210,12,1155,16,6,10,5,6,1,210,10,18,0.55 
2013,03,29,17:00,215,210,10,1155,10,16,4,11,6,5,210,14,19,0.78 
2013,03,29,13:30,210,320,13,1155,16,9,11,4,5,5,210,15,15,0.94 
2013,03,29,13:30,320,210,10,1155,0,16,0,15,0,1,210,16,7,1.44 
2013,03,29,10:00,52,210,13,1155,13,16,6,9,7,7,210,13,18,0.76 
2013,03,29,10:00,210,52,12,1155,12,16,10,5,2,11,210,19,19,0.94 
2013,03,29,10:00,52,210,10,1155,14,16,7,8,7,8,210,24,25,1.08 
2013,03,24,20:00,210,1106,10,1158,16,8,13,2,3,6,210,16,15,0.98 
2013,03,21,21:00,250,210,10,1158,16,14,11,4,5,10,210,16,24,0.65 
2013,03,19,20:00,8,210,10,1158,15,15,10,5,5,10,210,16,24,0.72 
2013,03,19,19:00,215,210,9,1158,13,16,7,8,6,8,210,17,23,0.76 
2013,03,18,21:00,1383,210,9,1158,9,16,4,11,5,5,210,21,13,1.30 
2013,03,14,20:00,210,301,10,1164,7,16,4,11,3,5,210,13,19,0.66 
2013,03,13,21:00,210,1395,10,1164,16,9,13,2,3,7,210,21,17,1.10 
2013,03,13,20:00,210,1001,10,1164,16,2,15,0,1,2,210,19,9,1.61 
2013,03,13,19:00,210,1438,12,1164,16,2,13,2,3,0,210,21,9,1.61 
2013,03,13,18:00,1180,210,10,1158,2,16,1,14,1,2,210,19,10,1.53 
2013,03,12,22:00,214,210,10,1158,5,16,5,10,0,6,210,11,12,0.87 
2013,03,12,20:00,210,1407,10,1158,16,4,12,3,4,1,210,14,11,1.10 
2013,03,07,22:15,1323,210,10,1158,7,16,4,11,3,5,210,22,12,1.47 
