2016,07,31,21:00,195,196,7,498,16,14,8,7,8,7,196,24,22,1.12 
2016,07,31,21:00,195,196,4,498,9,16,8,7,1,9,196,22,15,1.34 
2016,07,31,18:30,23,196,7,498,16,7,12,3,4,4,196,10,17,0.63 
2016,07,31,18:30,196,23,14,498,12,16,7,8,5,8,196,21,20,0.96 
2016,07,28,20:20,28,196,7,496,16,10,8,7,8,3,196,20,20,1.10 
2016,07,28,20:20,196,28,14,496,10,16,7,8,3,8,196,16,22,0.77 
2016,07,26,22:35,196,233,14,508,16,2,13,2,3,0,196,11,6,1.22 
2016,07,26,22:35,196,233,1,508,19,15,7,8,8,7,196,22,20,1.05 
2016,07,26,18:10,196,102,14,471,3,16,3,12,0,4,196,11,17,0.72 
2016,07,26,18:10,102,196,0,471,16,8,11,4,5,4,196,9,19,0.53 
2016,07,25,23:00,196,9,4,471,11,16,9,6,2,10,196,18,22,0.92 
2016,07,25,23:00,196,9,7,471,10,16,3,12,7,4,196,10,23,0.50 
2016,07,25,23:00,196,9,14,471,16,10,7,8,9,2,196,14,19,0.71 
2016,07,21,21:15,196,41,1,503,16,11,13,2,3,9,196,18,18,1.04 
2016,07,21,21:15,41,196,7,503,7,16,5,10,2,6,196,19,10,1.38 
2016,07,21,18:15,196,101,14,503,10,16,5,10,5,6,196,13,19,0.77 
2016,07,21,18:15,101,196,0,503,16,10,10,5,6,5,196,11,21,0.58 
2016,07,20,18:10,196,261,0,503,16,1,14,1,2,0,196,13,8,1.17 
2016,07,19,22:05,196,46,1,496,12,16,4,11,8,5,196,22,17,1.18 
2016,07,19,22:05,196,46,14,496,9,16,4,11,5,5,196,13,19,0.70 
2016,07,18,22:45,136,196,7,508,4,16,3,12,1,4,196,19,10,1.40 
2016,07,18,22:45,196,136,4,508,19,17,5,10,10,5,196,19,28,0.70 
2016,07,13,20:30,196,46,0,499,5,16,4,11,1,5,196,15,16,0.90 
2016,07,13,20:30,46,196,4,499,16,8,9,6,7,2,196,8,21,0.48 
2016,07,05,20:20,196,101,4,499,16,8,12,3,4,5,196,19,13,1.23 
2016,07,05,20:20,101,196,0,499,8,16,6,9,2,7,196,25,13,1.53 
2016,07,03,19:15,196,30,0,499,16,7,12,3,4,4,196,21,13,1.34 
2016,07,03,19:15,196,30,4,499,16,7,12,3,4,4,196,20,12,1.27 
2016,07,03,19:15,30,196,14,499,16,13,8,7,8,6,196,20,20,0.99 
2016,07,03,16:00,262,196,4,498,16,12,6,9,10,3,196,18,19,0.90 
2016,07,03,16:00,196,262,7,498,16,6,12,3,4,3,196,13,12,0.97 
2016,06,28,17:15,196,301,6,499,16,7,8,7,8,0,196,14,14,1.00 
2016,06,28,17:15,196,301,1,499,13,16,7,8,6,8,196,22,25,1.01 
2016,06,28,17:15,301,196,7,499,14,16,7,8,7,8,196,19,20,0.98 
2016,06,21,18:15,196,304,0,496,16,9,12,3,4,6,196,18,15,1.14 
2016,06,21,18:15,304,196,7,496,7,16,7,8,0,8,196,19,7,1.46 
2016,06,16,22:00,49,196,4,498,16,8,10,5,6,3,196,11,21,0.56 
2016,06,16,22:00,196,49,7,498,1,16,1,14,0,2,196,5,17,0.31 
2016,06,15,20:40,196,177,7,498,16,10,12,3,4,7,196,16,16,0.92 
2016,06,15,20:40,196,177,0,498,16,9,10,5,6,4,196,13,15,0.85 
2016,06,13,17:15,287,196,4,499,5,16,4,11,1,5,196,17,11,1.26 
2016,06,13,17:15,196,287,7,499,19,17,5,10,10,5,196,25,23,1.00 
2016,06,13,17:15,287,196,14,499,16,9,10,5,6,4,196,10,20,0.52 
2016,06,12,20:15,196,56,4,496,16,2,14,1,2,1,196,15,8,1.41 
2016,06,12,20:15,56,196,7,496,6,16,5,10,1,6,196,25,12,1.61 
2016,06,06,20:30,196,216,0,498,16,6,11,4,5,2,196,12,9,1.28 
2016,06,06,20:30,216,196,7,498,8,16,7,8,1,8,196,20,15,1.32 
2016,06,06,18:00,297,196,0,498,16,10,11,4,5,6,196,13,23,0.58 
2016,06,06,18:00,196,297,7,498,16,9,7,8,9,1,196,11,18,0.74 
2016,06,05,15:30,196,132,0,546,15,19,6,9,9,6,196,20,25,0.93 
2016,06,05,15:30,132,196,7,546,16,6,12,3,4,3,196,13,21,0.61 
2016,06,05,12:00,382,196,1,546,6,16,6,9,0,7,196,17,12,1.28 
2016,06,05,12:00,196,382,7,546,16,12,6,9,10,3,196,25,20,1.29 
2016,06,05,12:00,196,382,0,546,6,16,5,10,1,6,196,11,20,0.54 
2016,05,29,16:15,152,196,0,546,16,12,7,8,9,4,196,18,22,0.88 
2016,05,29,16:15,196,152,14,546,20,22,7,8,8,7,196,25,31,0.82 
2016,05,29,12:15,196,301,5,546,19,17,6,9,9,6,196,28,24,1.15 
2016,05,29,12:15,196,301,1,546,6,16,4,11,2,5,196,7,19,0.46 
2016,05,29,12:15,301,196,7,546,14,16,7,8,7,8,196,18,19,0.88 
2016,05,25,21:55,196,8,14,564,19,17,11,4,4,11,196,26,20,1.11 
2016,05,25,21:55,196,8,0,564,9,16,7,8,2,8,196,6,23,0.27 
2016,05,25,21:55,196,8,7,564,16,3,12,3,4,0,196,16,10,1.27 
2016,05,19,20:00,196,30,1,496,9,16,7,8,2,8,196,12,15,0.82 
2016,05,19,20:00,196,30,0,496,14,16,11,4,3,12,196,14,19,0.79 
2016,05,19,20:00,30,196,14,496,14,16,8,7,6,9,196,11,22,0.60 
2016,05,18,23:05,196,102,0,498,16,2,13,2,3,0,196,14,10,1.11 
2016,05,18,23:05,196,102,1,498,16,9,11,4,5,5,196,25,9,1.64 
2016,05,12,20:10,392,196,2,499,11,16,10,5,1,11,196,26,16,1.50 
2016,05,12,20:10,392,196,14,499,16,10,6,9,10,1,196,8,20,0.49 
2016,05,12,20:10,196,392,7,499,16,12,9,6,7,6,196,24,16,1.38 
2016,05,07,17:35,59,196,4,587,16,10,14,1,2,9,196,14,18,0.72 
2016,05,07,17:35,196,59,6,587,20,22,9,6,6,9,196,28,29,0.93 
2016,05,07,15:00,196,132,14,587,16,13,4,11,12,2,196,22,19,1.10 
2016,05,07,15:00,196,132,7,587,16,6,10,5,6,1,196,17,12,1.23 
2016,05,01,15:00,196,177,7,573,11,16,10,5,1,11,196,22,18,1.10 
2016,05,01,15:00,196,177,4,573,9,16,5,10,4,6,196,14,20,0.68 
2016,04,30,18:00,196,462,14,573,16,4,11,4,5,0,196,12,10,1.05 
2016,04,28,17:00,196,216,14,499,16,5,13,2,3,3,196,13,10,1.00 
2016,04,28,17:00,216,196,0,499,16,13,9,6,7,7,196,19,23,0.88 
2016,04,28,17:00,216,196,7,499,1,16,1,14,0,2,196,20,8,1.82 
2016,04,20,19:00,52,196,0,590,16,3,13,2,3,1,196,17,17,1.05 
2016,04,20,19:00,196,52,14,590,16,11,8,7,8,4,196,22,13,1.30 
2016,04,20,19:00,196,52,1,590,4,16,3,12,1,4,196,9,17,0.56 
2016,04,19,20:45,196,13,0,590,16,12,7,8,9,4,196,21,16,1.12 
2016,04,19,20:45,196,13,4,590,14,16,7,8,7,8,196,23,22,1.03 
2016,04,19,20:45,13,196,7,590,8,16,7,8,1,8,196,14,13,1.03 
2016,04,12,21:20,196,147,4,590,16,8,8,7,8,1,196,20,16,1.14 
2016,04,12,21:20,196,147,6,590,16,6,12,3,4,3,196,16,12,1.06 
2016,04,12,21:20,147,196,14,590,19,16,9,6,6,9,196,25,23,1.11 
2016,04,11,22:25,196,152,1,605,13,16,11,4,2,12,196,24,19,1.25 
2016,04,11,22:25,196,152,6,605,11,16,6,9,5,7,196,19,21,0.98 
2016,04,11,22:25,196,152,14,605,16,14,8,7,8,7,196,16,19,0.90 
2016,04,11,19:00,472,196,1,593,16,11,12,3,4,8,196,14,19,0.72 
2016,04,11,19:00,196,472,6,593,6,16,3,12,3,4,196,7,17,0.53 
2016,04,11,19:00,196,472,7,593,22,19,6,9,9,6,196,29,31,1.03 
2016,04,10,21:00,196,49,7,611,16,12,7,8,9,4,196,21,18,1.08 
2016,04,10,21:00,196,49,4,611,16,13,9,6,7,7,196,22,21,1.02 
2016,04,10,21:00,49,196,1,611,16,5,11,4,5,1,196,7,18,0.45 
2016,04,07,17:00,196,364,7,610,14,16,6,9,8,7,196,13,21,0.68 
2016,04,06,19:45,500,196,0,610,17,19,8,7,7,8,196,26,28,1.03 
2016,04,03,16:00,504,196,2,610,7,16,7,8,0,8,196,22,12,1.44 
2016,04,03,16:00,504,196,0,610,16,4,14,1,2,3,196,7,16,0.51 
2016,03,29,21:45,287,196,0,605,9,16,5,10,4,6,196,21,17,1.13 
2016,03,29,21:45,196,287,14,605,16,10,8,7,8,3,196,18,18,0.96 
2016,03,25,19:00,196,392,0,579,13,16,5,10,8,6,196,16,19,0.80 
2016,03,23,22:10,196,152,7,605,20,22,10,5,5,10,196,28,28,0.97 
2016,03,23,22:10,152,196,0,605,16,9,14,1,2,8,196,17,20,0.94 
2016,03,22,20:30,196,52,7,610,16,19,4,11,11,4,196,24,26,1.00 
2016,03,22,20:30,196,52,0,610,7,16,5,10,2,6,196,14,19,0.78 
2016,03,22,20:30,52,196,14,610,3,16,0,15,3,1,196,19,12,1.56 
2016,03,20,13:00,196,384,6,625,10,16,7,8,3,8,196,16,17,1.00 
2016,03,20,13:00,384,196,14,625,16,6,10,5,6,1,196,14,17,0.90 
2016,03,19,18:30,196,297,1,625,16,8,12,3,4,5,196,20,11,1.26 
2016,03,15,22:15,196,59,0,593,16,5,11,4,5,1,196,9,13,0.67 
2016,03,15,20:30,196,249,7,593,25,22,6,9,9,6,196,33,35,0.96 
2016,03,13,13:00,196,439,7,625,14,16,9,6,5,10,196,18,25,0.83 
2016,03,13,13:00,196,439,1,625,12,16,6,9,6,7,196,13,22,0.60 
2016,03,12,18:20,196,160,7,625,16,11,8,7,8,4,196,22,13,1.19 
2016,03,10,22:50,629,196,0,498,7,16,6,9,1,7,196,15,13,0.95 
2016,03,10,21:45,598,196,0,498,9,16,9,6,0,10,196,20,13,1.29 
2016,03,08,19:15,132,196,6,590,16,12,10,5,6,7,196,19,16,1.17 
2016,03,08,19:15,196,132,4,590,14,16,7,8,7,8,196,13,22,0.66 
2016,02,24,21:35,196,439,14,638,14,16,11,4,3,12,196,12,22,0.59 
2016,02,24,21:35,439,196,7,638,16,7,13,2,3,5,196,13,19,0.79 
2016,02,23,21:45,196,453,1,638,19,17,7,8,8,7,196,28,27,1.06 
2016,02,23,21:45,196,453,6,638,16,11,11,4,5,7,196,26,19,1.39 
2016,02,22,19:15,196,302,0,638,3,16,3,12,0,4,196,9,19,0.46 
2016,02,22,19:15,302,196,7,638,16,7,9,6,7,1,196,17,20,0.95 
2016,02,14,20:00,147,196,2,590,16,8,8,7,8,1,196,14,18,0.74 
2016,02,06,19:55,544,196,7,661,6,16,5,10,1,6,196,19,14,1.15 
2016,02,06,19:55,196,544,1,661,16,6,9,6,7,0,196,21,13,1.39 
2016,02,06,14:00,196,690,1,661,16,7,9,6,7,1,196,10,14,0.73 
2016,02,06,14:00,196,690,0,661,16,10,9,6,7,4,196,22,18,1.25 
2016,01,31,12:00,59,196,1,664,16,10,11,4,5,6,196,17,20,0.89 
2016,01,31,12:00,196,59,6,664,16,11,6,9,10,2,196,22,17,1.26 
2016,01,31,12:00,59,196,0,664,21,15,12,3,3,12,196,30,24,1.26 
2016,01,29,19:35,686,196,1,664,17,21,10,5,5,10,196,17,27,0.66 
2016,01,29,19:35,686,196,7,664,19,21,8,7,7,8,196,26,29,0.91 
2016,01,29,19:35,196,686,4,664,6,16,3,12,3,4,196,9,18,0.52 
2016,01,29,17:30,472,196,7,664,16,7,11,4,5,3,196,14,20,0.77 
2016,01,29,16:57,196,472,1,664,3,16,3,12,0,4,196,7,17,0.49 
2016,01,29,13:30,647,196,7,664,13,16,9,6,4,10,196,21,17,1.12 
2016,01,20,22:00,13,196,0,654,16,9,6,9,10,0,196,19,20,1.05 
2016,01,20,22:00,196,13,14,654,7,16,4,11,3,5,196,11,18,0.68 
2016,01,18,19:15,196,700,2,605,16,9,11,4,5,5,196,26,15,1.47 
2016,01,18,19:15,700,196,0,605,6,16,5,10,1,6,196,18,11,1.41 
2016,01,10,18:00,712,196,6,657,16,7,10,5,6,2,196,13,20,0.70 
2016,01,10,18:00,712,196,7,657,16,11,10,5,6,6,196,15,18,0.82 
2016,01,08,21:10,710,196,7,657,16,2,13,2,3,0,196,12,17,0.92 
2016,01,08,21:10,196,710,0,657,5,16,2,13,3,3,196,13,18,0.72 
2016,01,07,21:00,29,196,7,664,14,16,5,10,9,6,196,20,19,1.01 
2016,01,07,21:00,29,196,1,664,16,7,8,7,8,0,196,16,20,0.89 
2016,01,07,21:00,29,196,14,664,14,16,6,9,8,7,196,21,18,1.07 
2015,12,20,19:00,196,544,0,661,16,8,8,7,8,1,196,24,15,1.53 
2015,12,20,19:00,196,544,7,661,16,6,13,2,3,4,196,13,10,0.99 
2015,12,16,19:00,196,690,1,661,16,12,9,6,7,6,196,15,18,0.78 
2015,12,16,19:00,196,690,0,661,13,16,9,6,4,10,196,14,21,0.73 
2015,12,05,19:50,383,196,7,718,10,16,8,7,2,9,196,24,16,1.33 
2015,12,05,19:50,383,196,14,718,8,16,8,7,0,9,196,20,16,1.28 
2015,12,05,19:50,196,383,1,718,17,19,10,5,5,10,196,26,25,1.05 
2015,12,05,16:30,196,500,0,718,19,15,10,5,5,10,196,20,22,0.90 
2015,12,05,16:30,500,196,7,718,3,16,3,12,0,4,196,25,8,1.97 
2015,12,03,21:00,196,647,1,657,16,9,12,3,4,6,196,25,15,1.49 
2015,12,03,21:00,196,647,14,657,19,17,4,11,11,4,196,15,25,0.65 
2015,11,26,21:00,196,712,7,657,11,16,8,7,3,9,196,9,20,0.53 
2015,11,26,21:00,712,196,6,657,16,6,12,3,4,3,196,15,17,0.99 
2015,11,24,19:00,196,826,14,661,16,11,9,6,7,5,196,23,17,1.31 
2015,11,24,19:00,196,826,0,661,16,4,11,4,5,0,196,22,8,1.81 
2015,11,23,20:00,196,472,14,733,4,16,3,12,1,4,196,4,19,0.21 
2015,11,18,21:15,196,776,0,654,16,9,12,3,4,6,196,17,13,1.05 
2015,11,18,21:15,776,196,1,654,5,16,5,10,0,6,196,13,14,0.87 
2015,11,17,21:00,196,22,1,740,10,16,5,10,5,6,196,19,17,1.05 
2015,11,17,20:00,196,302,0,740,11,16,6,9,5,7,196,12,20,0.63 
2015,11,15,23:50,196,302,0,733,16,8,7,8,9,0,196,19,15,1.23 
2015,11,15,22:50,508,196,1,733,11,16,6,9,5,7,196,18,16,1.06 
2015,11,15,19:15,642,196,0,733,21,18,6,9,9,6,196,26,27,1.03 
2015,11,12,22:15,196,792,7,654,16,7,9,6,7,1,196,22,10,1.49 
2015,11,12,22:15,196,792,0,654,16,6,12,3,4,3,196,19,14,1.10 
2015,11,12,21:00,196,215,14,740,16,12,11,4,5,8,196,11,20,0.58 
2015,11,12,18:00,292,196,0,654,16,11,10,5,6,6,196,14,23,0.62 
2015,11,12,18:00,292,196,7,654,16,10,13,2,3,8,196,16,22,0.82 
2015,11,11,21:10,215,196,0,593,16,8,8,7,8,1,196,15,20,0.88 
2015,11,11,21:10,196,215,4,593,8,16,8,7,0,9,196,12,20,0.65 
2015,11,11,20:00,196,214,4,740,13,16,8,7,5,9,196,11,19,0.64 
2015,11,11,19:00,196,711,1,740,9,16,8,7,1,9,196,16,20,0.86 
2015,11,10,18:10,196,500,0,654,16,10,8,7,8,3,196,19,13,1.26 
2015,11,10,18:10,196,500,1,654,12,16,8,7,4,9,196,15,23,0.68 
2015,11,05,19:00,258,196,0,740,16,13,5,10,11,3,196,20,23,0.86 
2015,11,04,22:00,250,196,7,740,16,7,10,5,6,2,196,9,20,0.56 
2015,11,03,22:00,196,214,1,740,8,16,4,11,4,5,196,20,21,1.02 
2015,10,25,21:35,210,196,6,740,16,14,12,3,4,11,196,21,20,0.99 
2015,10,25,18:00,196,59,1,740,16,8,13,2,3,6,196,18,11,1.29 
2015,10,22,21:00,302,196,2,740,16,6,12,3,4,3,196,10,18,0.63 
2015,10,22,19:00,196,8,2,740,10,16,9,6,1,10,196,16,21,0.80 
2015,10,21,22:00,210,196,14,740,16,7,10,5,6,2,196,11,22,0.46 
2015,10,21,21:00,196,711,6,740,3,16,3,12,0,4,196,6,17,0.35 
2015,10,20,21:15,196,315,0,593,16,13,8,7,8,6,196,25,22,1.10 
2015,10,20,21:15,196,315,1,593,16,12,6,9,10,3,196,19,19,0.99 
2015,10,20,20:00,270,196,14,740,16,1,14,1,2,0,196,7,17,0.38 
2015,10,20,19:00,22,196,0,740,16,11,8,7,8,4,196,21,24,0.93 
2015,10,18,21:00,196,383,1,776,7,16,4,11,3,5,196,21,19,1.23 
2015,10,18,21:00,383,196,14,776,16,6,10,5,6,1,196,10,19,0.54 
2015,10,18,20:00,196,8,7,740,16,8,10,5,6,3,196,19,13,1.28 
2015,10,18,17:00,196,59,4,740,3,16,3,12,0,4,196,12,17,0.74 
2015,10,17,22:00,250,196,2,740,16,4,12,3,4,1,196,7,19,0.42 
2015,10,17,21:00,196,258,4,740,16,12,12,3,4,9,196,25,18,1.37 
2015,10,17,18:00,196,270,6,740,3,16,2,13,1,3,196,10,17,0.62 
2015,10,17,16:30,383,196,4,776,16,6,12,3,4,3,196,8,22,0.36 
2015,10,17,16:30,196,383,0,776,16,9,8,7,8,2,196,17,18,1.05 
2015,10,17,13:15,196,500,7,776,16,12,7,8,9,4,196,22,22,0.93 
2015,10,17,13:15,196,500,1,776,16,7,9,6,7,1,196,20,15,1.24 
2015,10,17,13:15,196,500,0,776,12,16,5,10,7,6,196,20,20,0.89 
2015,10,15,22:15,196,711,14,783,5,16,4,11,1,5,196,11,18,0.72 
2015,10,15,22:15,711,196,1,783,16,3,13,2,3,1,196,10,18,0.57 
2015,10,14,19:00,196,215,7,740,16,6,11,4,5,2,196,24,11,1.58 
2015,10,13,20:00,196,439,7,783,5,16,5,10,0,6,196,9,16,0.58 
2015,10,13,20:00,439,196,0,783,10,16,9,6,1,10,196,22,15,1.36 
2015,10,13,18:00,472,196,1,654,16,3,12,3,4,0,196,6,18,0.34 
2015,10,13,18:00,472,196,7,654,16,11,6,9,10,2,196,29,21,1.47 
2015,10,10,21:30,935,938,7,786,16,7,11,4,5,3,938,14,17,0.85 
2015,10,10,21:30,938,935,14,786,2,16,2,13,0,3,938,9,17,0.66 
2015,10,08,17:50,938,937,7,786,16,13,13,2,3,11,938,14,18,0.79 
2015,10,08,15:15,293,938,1,786,6,16,2,13,4,3,938,14,15,0.84 
2015,10,06,19:00,196,642,14,654,12,16,6,9,6,7,196,8,16,0.63 
2015,10,06,19:00,642,196,6,654,16,4,12,3,4,1,196,12,16,0.78 
2015,10,05,18:15,59,196,7,593,16,9,12,3,4,6,196,11,20,0.62 
2015,10,05,18:15,59,196,1,593,16,6,14,1,2,5,196,15,19,0.89 
2015,10,05,18:15,59,196,0,593,14,16,6,9,8,7,196,22,23,1.09 
2015,10,03,19:15,196,439,0,570,16,5,13,2,3,3,196,18,10,1.34 
2015,10,03,19:15,439,196,1,570,16,19,7,8,8,7,196,24,22,1.01 
2015,10,01,20:15,384,196,14,784,16,8,13,2,3,6,196,15,21,0.79 
2015,10,01,20:15,196,384,7,784,7,16,4,11,3,5,196,18,19,1.02 
2015,10,01,20:15,196,384,0,784,19,17,9,6,6,9,196,37,23,1.49 
2015,10,01,17:45,302,196,14,784,12,16,7,8,5,8,196,17,21,0.79 
2015,10,01,17:45,302,196,0,784,9,16,7,8,2,8,196,21,19,1.11 
2015,09,30,21:00,400,196,7,790,16,13,5,10,11,3,196,32,18,1.77 
2015,09,30,21:00,400,196,6,790,16,19,6,9,9,6,196,19,27,0.76 
2015,09,30,21:00,400,196,0,790,19,16,10,5,5,10,196,24,24,0.93 
2015,09,30,18:00,196,59,1,783,11,16,6,9,5,7,196,13,19,0.73 
2015,09,30,18:00,59,196,0,783,13,16,5,10,8,6,196,18,19,0.96 
2015,09,29,20:00,196,544,0,776,16,8,10,5,6,3,196,17,19,0.91 
2015,09,29,20:00,196,544,14,776,16,10,8,7,8,3,196,21,21,0.99 
2015,09,28,23:00,938,936,0,799,14,16,8,7,6,9,938,20,19,1.07 
2015,09,22,22:15,292,196,0,783,16,9,8,7,8,2,196,19,20,0.91 
2015,09,22,22:15,196,292,7,783,16,11,5,10,11,1,196,26,17,1.34 
2015,09,22,18:00,196,379,0,593,16,2,14,1,2,1,196,16,7,1.47 
2015,09,22,18:00,196,379,7,593,16,7,10,5,6,2,196,23,14,1.48 
2015,09,21,22:15,196,962,6,783,15,19,6,9,9,6,196,16,23,0.73 
2015,09,21,22:15,962,196,0,783,6,16,6,9,0,7,196,20,10,1.55 
2015,09,17,18:00,145,938,7,799,10,16,9,6,1,10,938,21,16,1.17 
2015,09,17,17:00,954,938,1,799,9,16,3,12,6,4,938,13,18,0.73 
2015,09,15,19:00,196,500,7,776,16,5,11,4,5,1,196,25,10,1.92 
2015,09,15,19:00,196,500,1,776,13,16,6,9,7,7,196,19,22,0.82 
2015,09,14,20:00,196,214,1,783,16,12,11,4,5,8,196,13,18,0.74 
2015,09,14,20:00,214,196,0,783,16,8,10,5,6,3,196,13,20,0.66 
2015,09,12,19:45,944,383,7,766,16,0,15,0,1,0,383,4,16,0.21 
2015,09,09,21:15,383,826,1,776,16,2,13,2,3,0,383,19,12,1.57 
2015,09,09,21:15,826,383,7,776,7,16,4,11,3,5,383,19,12,1.33 
2015,09,08,18:00,993,383,7,826,21,17,8,7,7,8,383,30,28,1.06 
2015,09,07,18:00,383,331,4,826,12,16,8,7,4,9,383,21,20,1.09 
2015,09,07,18:00,383,331,0,826,15,13,7,8,8,5,383,24,19,1.22 
2015,09,07,18:00,331,383,1,826,16,2,13,2,3,0,383,7,16,0.42 
2015,09,02,19:00,544,383,0,776,11,16,7,8,4,8,383,24,19,1.20 
2015,09,02,19:00,383,544,1,776,16,10,10,5,6,5,383,28,17,1.49 
2015,08,31,15:00,938,1018,0,799,16,14,11,4,5,10,938,29,23,1.31 
2015,08,31,15:00,1018,938,1,799,3,16,3,12,0,4,938,18,8,1.51 
2015,08,27,21:55,383,314,4,840,19,22,12,3,3,12,383,26,31,0.90 
2015,08,27,19:00,383,29,1,840,14,16,5,10,9,6,383,17,21,0.87 
2015,08,27,19:00,383,29,7,840,16,11,8,7,8,4,383,22,17,1.18 
2015,08,27,19:00,29,383,0,840,16,5,11,4,5,1,383,13,18,0.72 
2015,08,26,20:30,314,383,1,840,5,16,4,11,1,5,383,32,6,2.38 
2015,08,26,20:30,383,314,0,840,11,16,7,8,4,8,383,12,17,0.74 
2015,08,26,20:30,383,314,4,840,16,5,10,5,6,0,383,21,13,1.42 
2015,08,26,19:00,383,500,7,776,16,6,11,4,5,2,383,20,14,1.21 
2015,08,26,19:00,383,500,1,776,11,16,7,8,4,8,383,17,19,0.90 
2015,08,17,21:00,472,383,1,848,16,11,9,6,7,5,383,30,20,1.55 
2015,08,17,21:00,472,383,7,848,16,14,11,4,5,10,383,18,25,0.73 
2015,07,31,16:45,383,196,0,654,5,16,5,10,0,6,383,11,17,0.68 
2015,07,31,16:45,383,196,6,654,14,16,9,6,5,10,383,23,21,0.97 
2015,07,30,17:30,302,383,0,654,16,5,12,3,4,2,383,8,18,0.46 
2015,07,30,17:30,302,383,2,654,16,13,7,8,9,5,383,20,25,0.95 
2015,07,30,17:30,383,302,7,654,16,5,10,5,6,0,383,23,15,1.67 
2015,07,25,20:30,13,383,0,872,16,14,9,6,7,8,383,23,23,0.93 
2015,07,25,18:15,944,383,0,872,8,16,8,7,0,9,383,19,14,1.05 
2015,07,25,16:00,23,383,7,872,16,8,9,6,7,2,383,18,21,1.02 
2015,07,25,15:00,13,383,0,872,14,16,5,10,9,6,383,26,20,1.21 
2015,06,01,21:00,383,270,1,654,12,16,4,11,8,5,383,26,24,1.12 
2015,06,01,21:00,270,383,7,654,16,5,13,2,3,3,383,9,19,0.49 
2015,05,28,20:30,383,458,1,913,15,21,11,4,4,11,383,14,29,0.55 
2015,05,28,20:30,458,383,7,913,21,17,12,3,3,12,383,15,27,0.63 
2015,05,23,15:00,52,383,0,916,16,11,11,4,5,7,383,18,19,0.97 
2015,05,22,21:00,383,508,1,916,10,16,3,12,7,4,383,11,20,0.59 
2015,05,22,21:00,383,508,14,916,8,16,5,10,3,6,383,12,18,0.72 
2015,05,22,21:00,383,508,7,916,16,5,10,5,6,0,383,21,11,1.45 
2015,05,21,21:30,1045,383,7,654,16,2,13,2,3,0,383,12,17,0.86 
2015,05,21,21:30,383,1045,4,654,8,16,7,8,1,8,383,16,20,0.79 
2015,05,13,21:00,383,1054,4,654,16,14,4,11,12,3,383,26,22,1.19 
2015,05,13,21:00,383,1054,1,654,16,14,5,10,11,4,383,23,22,1.09 
2015,05,13,21:00,383,1054,7,654,9,16,6,9,3,7,383,17,20,0.82 
2015,05,13,20:00,383,647,6,920,9,16,2,13,7,3,383,26,20,1.43 
2015,05,12,21:45,384,383,0,654,16,12,11,4,5,8,383,14,22,0.76 
2015,05,12,21:45,383,384,4,654,13,16,9,6,4,10,383,23,22,1.14 
2015,05,05,21:30,490,383,7,920,16,10,12,3,4,7,383,17,22,0.76 
2015,05,05,21:30,383,490,6,920,8,16,7,8,1,8,383,20,18,1.12 
2015,05,02,20:20,383,214,6,930,3,16,1,14,2,2,383,12,17,0.71 
2015,05,02,20:20,214,383,0,930,14,16,7,8,7,8,383,21,22,1.00 
2015,05,02,20:20,383,214,1,930,14,16,7,8,7,8,383,20,20,1.04 
2015,05,02,17:30,544,383,0,930,12,16,7,8,5,8,383,23,19,1.32 
2015,05,02,17:30,383,544,4,930,16,10,8,7,8,3,383,28,17,1.47 
2015,04,28,21:15,383,287,6,932,13,16,6,9,7,7,383,18,22,0.90 
2015,04,28,21:15,383,287,1,932,14,16,10,5,4,11,383,20,25,0.81 
2015,04,28,21:15,383,287,7,932,16,12,8,7,8,5,383,25,16,1.45 
2015,04,28,18:00,383,749,4,932,19,17,8,7,7,8,383,31,26,1.22 
2015,04,28,18:00,383,749,14,932,11,16,8,7,3,9,383,17,22,0.76 
2015,04,28,18:00,383,749,1,932,16,1,14,1,2,0,383,30,8,2.73 
2015,04,25,19:30,383,287,0,654,16,2,13,2,3,0,383,15,5,1.45 
2015,04,25,19:30,287,383,7,654,12,16,6,9,6,7,383,22,17,1.16 
2015,04,25,19:30,383,287,1,654,12,16,10,5,2,11,383,14,24,0.64 
2015,04,25,17:10,159,383,0,654,10,16,10,5,0,11,383,19,16,1.08 
2015,04,20,21:00,383,59,1,937,8,16,4,11,4,5,383,16,20,0.89 
2015,04,20,21:00,383,59,6,937,4,16,3,12,1,4,383,10,19,0.56 
2015,04,20,21:00,383,59,7,937,16,3,13,2,3,1,383,25,9,2.02 
2015,01,04,19:17,648,1150,4,969,15,19,13,2,2,13,648,20,22,0.97 
2015,01,04,19:17,1150,648,0,969,16,2,13,2,3,0,648,7,17,0.40 
2015,01,04,15:20,648,1150,1,969,16,14,5,10,11,4,648,26,22,1.10 
2015,01,03,18:00,648,1054,7,969,13,16,9,6,4,10,648,21,18,1.09 
2015,01,03,18:00,1054,648,1,969,2,16,2,13,0,3,648,20,9,1.47 
2015,01,03,18:00,648,1054,5,969,3,16,3,12,0,4,648,8,18,0.46 
2015,01,02,21:25,648,1150,7,969,16,9,10,5,6,4,648,24,18,1.26 
2015,01,02,21:25,648,1150,1,969,16,7,9,6,7,1,648,15,15,1.06 
2015,01,02,21:25,648,1150,0,969,7,16,4,11,3,5,648,7,21,0.33 
2014,12,20,22:45,1151,995,0,971,16,6,12,3,4,3,1151,13,11,0.98 
2014,12,20,19:35,995,1151,7,971,21,18,9,6,6,9,1151,19,25,0.73 
2014,12,20,19:35,995,1151,4,971,14,16,11,4,3,12,1151,20,20,0.96 
2014,12,20,17:20,8,1151,14,971,16,4,12,3,4,1,1151,13,17,0.72 
2014,12,20,17:20,1151,8,7,971,5,16,5,10,0,6,1151,17,17,1.16 
2014,12,20,15:15,196,1151,7,971,16,11,12,3,4,8,1151,17,21,0.79 
2014,12,20,15:15,1151,196,1,971,8,16,5,10,3,6,1151,15,20,0.72 
2014,12,13,13:15,500,1151,6,978,16,9,9,6,7,3,1151,14,20,0.70 
2014,12,13,13:15,500,1151,1,978,16,3,12,3,4,0,1151,11,18,0.59 
2014,11,11,21:15,1151,49,7,978,5,16,4,11,1,5,1151,23,19,1.35 
2014,11,11,19:00,214,1151,7,978,21,17,7,8,8,7,1151,30,28,1.15 
2013,11,26,21:45,1220,1106,7,978,21,26,5,10,10,5,1220,28,32,0.93 
2013,11,26,20:00,1220,1260,8,978,8,16,3,12,5,4,1220,14,20,0.67 
2013,11,26,19:00,1220,1106,1,978,16,6,12,3,4,3,1220,17,11,1.13 
2013,11,04,21:00,1260,1220,6,978,21,16,13,2,2,13,1220,27,24,1.07 
2013,11,04,20:00,544,1220,1,978,3,16,3,12,0,4,1220,13,14,0.91 
2013,11,04,19:00,1335,1220,0,978,2,16,2,13,0,3,1220,12,12,0.99 
2013,10,28,19:00,1220,1334,7,978,14,16,10,5,4,11,1220,25,21,1.27 
2013,10,21,20:00,1220,1259,0,978,12,16,8,7,4,9,1220,18,20,0.89 
2013,10,21,19:00,1220,749,6,978,16,12,11,4,5,8,1220,19,16,1.12 
2013,10,14,20:10,544,1220,1,978,16,12,9,6,7,6,1220,20,24,0.90 
2013,10,14,19:00,1334,1220,1,978,4,16,3,12,1,4,1220,23,8,1.80 
2013,10,07,22:25,1220,1260,1,978,16,9,9,6,7,3,1220,18,16,1.03 
2013,10,07,21:25,1220,383,7,978,16,12,7,8,9,4,1220,21,18,1.08 
2013,10,07,20:00,1220,1336,0,978,16,7,11,4,5,3,1220,16,10,1.22 
2013,10,07,19:00,1220,1335,0,978,16,10,10,5,6,5,1220,17,15,0.98 
