60,29,12,18,0.77
61,29,7,20,0.48
77,29,14,19,0.82
78,29,20,7,1.60
98,29,8,10,0.85
99,29,20,15,1.20
100,29,16,22,0.74
618,29,15,11,1.15
619,29,19,16,1.05
634,29,20,17,1.09
635,29,15,22,0.67
641,29,17,14,1.02
642,29,21,18,1.18
643,29,22,26,0.85
647,29,12,14,0.81
939,29,18,21,0.88
940,29,9,18,0.59
948,29,17,20,0.89
1056,29,14,24,0.61
1057,29,16,17,0.92
1058,29,11,14,0.79
1119,29,12,16,0.76
1120,29,8,18,0.47
1121,29,15,22,0.71
1159,29,15,15,0.91
1160,29,21,22,0.91
1166,29,11,9,0.97
1167,29,13,5,1.30
1171,29,20,17,0.99
1172,29,7,14,0.58
1289,29,5,18,0.36
1290,29,21,24,0.86
1294,29,15,12,1.29
1295,29,18,20,0.83
1321,29,19,18,1.05
1322,29,12,22,0.55
1323,29,19,9,1.54
1603,29,18,12,1.20
1604,29,14,18,0.77
1605,29,10,14,0.74
1612,29,14,21,0.73
1613,29,21,17,1.13
1625,29,7,9,0.74
1626,29,38,23,1.50
1627,29,9,21,0.45
1634,29,14,15,0.93
1635,29,16,14,1.15
1786,29,7,22,0.39
1787,29,18,22,0.84
1790,29,6,17,0.40
1791,29,9,21,0.44
2048,29,16,20,0.88
2049,29,15,22,0.81
2050,29,17,20,0.82
2162,29,14,21,0.67
2163,29,24,20,1.03
2164,29,18,22,0.86
2175,29,12,17,0.78
2176,29,19,16,1.00
2196,29,22,17,1.23
2197,29,19,19,0.91
2206,29,18,17,1.05
2258,29,21,15,1.30
2260,29,12,21,0.61
2294,29,13,6,1.19
2295,29,16,19,0.84
2361,29,15,18,0.82
2362,29,16,18,0.89
2363,29,22,25,0.87
2431,29,15,10,1.16
2432,29,10,9,0.91
2461,29,5,17,0.33
2462,29,23,22,1.09
2474,29,13,18,0.87
2475,29,20,27,0.79
2665,29,18,15,1.01
2666,29,14,12,1.01
2719,29,12,17,0.75
2720,29,23,20,1.20
2749,29,19,9,1.55
2750,29,12,8,1.12
3032,29,14,23,0.77
3033,29,12,6,1.25
3126,29,14,20,0.68
3127,29,11,19,0.62
3183,29,23,25,0.91
3184,29,9,12,0.75
3185,29,21,16,1.14
3265,29,17,14,1.00
3266,29,20,21,0.96
3267,29,13,18,0.89
3500,29,27,19,1.28
3501,29,24,17,1.14
3868,29,11,16,0.69
3869,29,17,15,1.07
4033,29,8,16,0.61
4034,29,20,24,0.83
4067,29,16,13,1.04
4068,29,23,16,1.16
4069,29,15,15,1.07
4109,29,9,12,0.74
4118,29,23,10,1.74
4137,29,13,16,0.87
4153,29,16,9,1.13
4154,29,15,14,0.90
4197,29,13,9,1.12
4198,29,18,11,1.18
4243,29,7,8,0.87
4278,29,6,3,1.00
4418,29,16,21,0.85
4419,29,12,21,0.57
4471,29,15,8,1.25
4564,29,11,12,0.87
4568,29,16,13,1.08
4578,29,6,20,0.40
4819,29,19,17,0.99
4823,29,23,28,0.83
5864,29,15,20,0.77
5865,29,14,15,0.87
5866,29,23,21,1.08
6080,29,15,19,0.86
6152,29,17,9,1.29
6153,29,19,12,1.21
6183,29,12,15,0.75
6184,29,16,14,0.98
6307,29,12,23,0.54
6308,29,14,16,0.89
6309,29,17,5,1.54
6358,29,12,21,0.61
6361,29,14,18,0.75
6366,29,18,7,1.53
6555,29,20,15,1.14
6556,29,26,37,0.77
6577,29,16,11,1.41
6578,29,16,9,1.23
6579,29,22,20,1.02
6615,29,18,22,0.87
6626,29,9,7,0.97
6627,29,13,19,0.73
6630,29,32,22,1.40
6667,29,23,20,1.05
6668,29,32,26,1.19
6669,29,18,10,1.45
6734,29,23,27,0.90
6735,29,18,17,1.12
6736,29,11,14,0.77
6833,29,10,18,0.64
6834,29,18,18,0.91
6835,29,19,21,0.90
6889,29,8,10,0.74
6898,29,21,8,1.61
6921,29,23,18,1.29
6922,29,15,18,0.89
6937,29,19,12,1.38
6938,29,16,20,0.81
6980,29,17,17,0.94
6981,29,21,10,1.87
7004,29,8,6,0.92
7005,29,19,17,1.01
7075,29,33,28,1.14
7088,29,15,12,1.06
7615,29,16,20,0.84
7617,29,18,18,1.11
7784,29,20,19,1.08
7786,29,20,21,0.92
7787,29,18,21,0.89
7806,29,17,9,1.34
7807,29,18,10,1.73
9349,29,16,16,0.91
9350,29,13,16,0.85
9383,29,16,5,1.43
9590,29,24,29,0.89
9603,29,16,13,1.00
9620,29,15,20,0.75
9621,29,16,20,0.75
9622,29,14,20,0.69
9728,29,10,21,0.51
9729,29,11,18,0.66
9730,29,25,24,1.06
9737,29,14,10,1.11
9755,29,13,7,1.13
9784,29,17,19,0.95
9785,29,20,19,0.99
9918,29,8,18,0.50
9920,29,11,9,0.96
9968,29,14,15,0.84
9969,29,20,15,1.11
9970,29,13,21,0.60
9983,29,25,19,1.17
9984,29,18,19,0.95
9985,29,15,12,1.06
10028,29,17,15,0.97
10029,29,17,2,1.77
10030,29,12,18,0.74
10249,29,9,17,0.55
10250,29,7,18,0.45
10272,29,19,19,0.94
10273,29,37,32,1.10
10274,29,14,21,0.79
10988,29,14,16,0.97
10989,29,19,25,0.84
10990,29,16,18,0.88
11646,29,17,17,1.03
11669,29,12,15,0.77
11744,29,19,14,1.20
11974,29,8,20,0.38
11975,29,11,18,0.64
11976,29,5,17,0.28
12007,29,14,21,0.71
12008,29,10,9,0.92
12012,29,37,33,1.07
12013,29,17,15,1.04
12090,29,13,12,0.95
12091,29,19,14,1.08
12116,29,11,11,0.87
12198,29,19,18,0.97
12199,29,15,8,1.25
12200,29,18,21,0.85
12210,29,11,20,0.60
12211,29,13,22,0.60
12245,29,10,10,0.91
12246,29,15,14,0.95
12313,29,15,11,1.06
12314,29,11,7,1.09
12484,29,16,16,0.91
12485,29,10,16,0.66
12520,29,18,21,0.94
12521,29,11,19,0.63
12634,29,14,20,0.72
12650,29,21,15,1.20
12678,29,12,15,0.84
12679,29,7,16,0.46
12716,29,18,10,1.27
12717,29,22,17,1.19
12718,29,14,17,0.90
12757,29,17,15,1.02
12758,29,25,13,1.58
12800,29,9,17,0.54
12801,29,18,21,0.82
12825,29,23,13,1.42
12844,29,13,13,0.92
12868,29,11,11,0.90
12886,29,19,14,1.16
16015,1284,34,30,1.16
16019,1284,40,25,1.51
16119,1284,20,29,0.80
16124,1284,22,5,1.93
16222,1284,10,17,0.70
16226,1284,25,18,1.20
16234,1284,23,16,1.18
17053,1353,7,17,0.37
17057,1353,25,14,1.51
