2016,05,08,11:00,320,400,4,583,16,14,5,10,11,4,400,19,21,0.89 
2016,05,08,11:00,400,320,2,583,14,16,6,9,8,7,400,14,21,0.67 
2016,05,06,21:25,358,400,7,544,16,13,9,6,7,7,400,18,22,0.80 
2016,05,05,19:15,400,278,7,544,16,8,9,6,7,2,400,19,12,1.19 
2016,04,08,21:30,81,80,0,603,7,16,6,9,1,7,81,9,20,0.46 
2016,04,08,19:15,81,83,6,603,16,11,7,8,9,3,81,18,19,0.91 
2016,01,28,19:00,599,400,7,656,16,14,9,6,7,8,400,21,21,0.96 
2015,11,05,19:30,400,52,7,764,8,16,8,7,0,9,400,17,22,0.76 
2015,11,04,22:00,320,400,2,764,7,16,5,10,2,6,400,25,16,1.46 
2015,11,04,20:00,400,52,4,764,7,16,3,12,4,4,400,16,18,0.88 
2015,11,04,20:00,400,52,2,764,12,16,7,8,5,8,400,10,21,0.52 
2015,11,03,20:30,400,147,4,721,14,16,6,9,8,7,400,16,24,0.67 
2015,11,03,20:30,147,400,7,721,16,11,8,7,8,4,400,14,21,0.76 
2015,09,15,23:30,400,841,4,816,16,11,13,2,3,9,400,14,15,0.90 
2015,04,03,22:20,674,400,6,948,16,11,11,4,5,7,400,17,22,0.81 
2015,04,03,15:30,400,995,0,948,8,16,8,7,0,9,400,14,17,0.87 
2015,04,03,15:30,995,400,6,948,16,14,5,10,11,4,400,28,16,1.51 
2015,04,03,12:00,8,400,5,948,16,2,14,1,2,1,400,5,18,0.26 
2015,04,03,12:00,400,8,6,948,11,16,4,11,7,5,400,17,21,0.86 
2015,04,02,23:15,1123,400,0,948,16,19,12,3,3,12,400,32,22,1.35 
2015,04,02,20:30,995,400,7,948,16,6,10,5,6,1,400,9,18,0.52 
2015,04,02,19:00,400,1123,5,948,16,2,14,1,2,1,400,15,8,1.34 
2015,04,02,14:00,1111,400,1,948,16,5,13,2,3,3,400,7,19,0.38 
2015,04,02,14:00,1111,400,6,948,16,5,13,2,3,3,400,10,18,0.57 
2014,08,02,09:40,793,1052,6,1047,10,16,7,8,3,8,793,16,21,0.83 
2014,08,02,09:40,1052,793,5,1047,16,9,11,4,5,5,793,22,21,1.10 
2014,08,01,18:20,793,360,6,1047,16,2,13,2,3,0,793,18,7,1.82 
2014,08,01,17:25,674,793,0,1047,16,2,13,2,3,0,793,14,17,0.92 
2014,08,01,16:00,793,360,5,1047,16,11,14,1,2,10,793,25,15,1.35 
2014,06,15,21:20,215,793,0,1061,16,11,12,3,4,8,793,16,20,0.90 
2014,06,15,21:20,698,793,0,1061,19,17,11,4,4,11,793,29,23,1.13 
2013,08,08,18:25,1382,210,10,1134,6,16,2,13,4,3,1382,13,18,0.77 
2013,05,14,20:00,1317,1401,11,1143,16,6,13,2,3,4,1401,16,18,0.94 
2013,05,14,19:00,1323,1401,11,1143,9,16,8,7,1,9,1401,13,13,0.86 
2013,04,14,19:15,1409,1401,13,1150,9,16,8,7,1,9,1401,11,14,0.80 
2013,04,14,19:15,1409,1401,10,1150,15,19,10,5,5,10,1401,20,20,1.03 
2013,03,30,12:30,706,1401,11,1155,16,4,11,4,5,0,1401,11,19,0.73 
2013,03,30,10:00,384,1401,11,1155,9,16,4,11,5,5,1401,10,11,0.86 
2013,03,29,17:00,1418,1401,11,1155,16,14,7,8,9,6,1401,22,18,1.08 
2013,03,29,17:00,1418,1401,13,1155,28,26,4,11,11,4,1401,41,37,1.09 
2013,03,29,17:00,1401,1418,10,1155,16,14,7,8,9,6,1401,19,23,0.80 
2013,03,29,13:30,1401,384,13,1155,12,16,9,6,3,10,1401,18,23,0.79 
2013,03,29,13:30,384,1401,10,1155,16,13,10,5,6,8,1401,21,23,0.91 
2013,03,29,10:00,1370,1401,12,1155,16,9,8,7,8,2,1401,15,20,0.73 
2013,03,29,10:00,1401,1370,11,1155,7,16,4,11,3,5,1401,11,14,0.77 
