62,30,18,15,1.10
69,30,30,21,1.37
79,30,12,18,0.82
87,30,26,13,1.57
193,30,16,22,0.70
194,30,10,15,0.66
256,30,10,21,0.50
257,30,20,20,0.91
266,30,11,17,0.69
267,30,12,21,0.63
312,30,9,17,0.59
313,30,10,19,0.59
314,30,15,20,0.74
477,30,17,17,0.96
478,30,19,13,1.15
523,30,13,19,0.77
524,30,19,21,0.93
641,30,10,19,0.54
642,30,18,21,0.90
644,30,22,18,1.11
647,30,13,20,0.66
867,30,16,21,0.76
868,30,12,19,0.70
939,30,19,26,0.75
940,30,16,20,0.90
949,30,9,20,0.48
985,30,25,19,1.26
986,30,26,8,1.82
1084,30,22,19,1.17
1085,30,12,13,0.89
1155,30,27,14,1.77
1156,30,12,8,1.08
1313,30,27,29,0.96
1314,30,13,14,0.88
1457,30,36,25,1.26
1478,30,13,12,0.95
1489,30,17,11,1.26
1490,30,20,8,1.72
1503,30,15,20,0.75
1504,30,13,20,0.60
1505,30,14,19,0.72
1586,30,12,19,0.65
1587,30,13,20,0.76
1617,30,17,14,1.01
1618,30,15,15,1.08
1619,30,15,8,1.34
1763,30,24,24,0.94
1766,30,17,13,1.21
1767,30,33,21,1.68
1792,30,13,16,0.80
1793,30,19,20,0.90
1959,30,18,19,0.95
1960,30,20,13,1.30
1961,30,24,20,1.25
2046,30,16,21,0.83
2047,30,35,21,1.53
2058,30,22,17,1.27
2059,30,13,18,0.73
2060,30,28,17,1.33
2097,30,23,18,1.37
2098,30,31,20,1.39
2119,30,22,18,1.11
2120,30,11,23,0.55
2121,30,19,19,0.97
2141,30,14,18,0.92
2142,30,14,18,0.87
2143,30,22,15,1.21
2155,30,18,20,0.90
2156,30,22,16,1.40
2157,30,29,19,1.36
2169,30,30,17,1.52
2170,30,22,11,1.62
2177,30,22,26,0.82
2190,30,22,8,1.68
2191,30,30,12,1.70
2237,30,27,17,1.48
2238,30,30,19,1.64
2239,30,30,17,1.44
2287,30,33,23,1.42
2288,30,27,30,1.13
2314,30,8,21,0.37
2315,30,12,23,0.61
2316,30,21,16,1.23
2352,30,25,20,1.34
2353,30,11,16,0.63
2354,30,16,10,1.22
2368,30,26,10,1.66
2369,30,26,20,1.21
2379,30,20,18,1.06
2396,30,20,14,1.25
2437,30,19,15,1.13
2438,30,22,10,1.41
2439,30,18,19,0.91
2474,30,27,20,1.39
2475,30,34,28,1.18
2675,30,17,16,0.98
2676,30,21,22,1.07
2679,30,33,18,1.67
2781,30,17,23,0.89
2782,30,16,18,0.93
2783,30,30,17,1.60
2865,30,26,18,1.46
2891,30,15,22,0.81
2892,30,20,18,1.18
2910,30,27,9,2.32
3087,419,17,20,0.89
3088,419,38,37,0.97
3113,419,20,20,1.03
3114,419,23,33,0.70
3115,419,18,21,0.91
3208,419,21,25,0.87
3209,419,26,25,1.12
3210,419,21,20,0.98
3258,419,20,15,1.31
3259,419,18,8,1.39
3344,419,20,15,1.23
3345,419,17,15,1.02
3405,419,25,21,1.16
3406,419,7,19,0.40
3432,419,24,27,0.87
3435,419,15,9,1.32
3442,419,25,15,1.39
3447,419,23,12,1.38
3489,419,25,14,1.52
3490,419,16,16,1.01
3595,419,18,7,1.74
3596,419,15,10,1.19
3620,419,21,19,1.03
3621,419,20,18,1.12
3756,419,16,18,0.98
3757,419,18,22,0.80
3758,419,7,19,0.40
4001,419,12,19,0.73
4002,419,15,13,0.98
4003,419,14,16,0.97
4058,419,27,20,1.31
4059,419,17,20,0.85
4114,419,20,18,1.06
4135,419,11,17,0.70
4306,419,19,16,0.99
4395,419,19,20,0.91
4396,419,18,16,1.32
4410,419,23,25,0.87
4411,419,22,20,1.03
4412,419,15,18,1.03
4426,419,24,18,1.33
4427,419,24,10,1.57
4642,419,20,19,1.05
4643,419,34,19,1.50
4644,419,14,21,0.69
4666,419,21,13,1.35
4667,419,29,17,1.37
4668,419,15,18,0.82
4724,419,10,19,0.57
5020,419,17,15,1.05
5021,419,8,17,0.58
5105,419,27,23,1.16
5106,419,18,17,1.12
5428,419,24,18,1.16
5454,419,18,14,1.26
5455,419,10,15,0.75
5483,419,23,6,1.94
5484,419,13,20,0.69
5497,419,22,11,1.43
5500,419,22,21,1.12
5763,745,15,23,0.64
5764,745,21,21,1.03
5776,745,11,12,0.94
5777,745,14,20,0.71
5794,745,27,23,1.24
5795,745,9,19,0.49
5809,745,21,14,1.28
5810,745,21,11,1.55
6856,745,28,15,1.49
6857,745,13,11,1.09
6886,745,18,12,1.47
6887,745,13,19,0.75
6888,745,19,22,0.86
7165,346,23,18,1.15
7175,346,20,17,1.05
7324,758,24,19,1.39
7325,758,23,20,1.24
7369,901,13,18,0.80
7370,901,14,17,0.82
7576,355,25,23,1.10
7577,355,19,14,1.39
7582,355,26,19,1.29
7583,355,26,12,1.94
7584,355,27,22,1.12
7606,355,17,22,0.83
7607,355,11,17,0.69
7608,355,20,16,1.23
7644,355,21,14,1.38
7655,355,12,21,0.55
7659,355,24,24,0.97
7705,355,11,20,0.59
7706,355,22,14,1.42
7707,355,11,16,0.66
8021,355,21,16,1.12
8022,355,15,23,0.72
8023,355,16,16,0.98
8058,355,28,32,0.96
8059,355,12,21,0.74
8100,355,16,16,0.85
8101,355,28,26,1.21
8111,355,13,17,0.79
8112,355,26,21,1.19
8415,355,21,19,1.03
8416,355,21,17,1.21
8417,355,16,18,0.94
8436,355,21,21,0.95
8437,355,19,19,0.96
8443,355,18,19,0.84
8450,355,22,16,1.31
8782,355,20,20,0.97
8783,355,19,14,1.27
8808,355,26,6,2.06
8809,355,17,6,1.56
8835,355,17,14,1.09
8836,355,17,14,1.13
8936,921,19,19,0.92
8937,921,18,26,0.69
8956,991,21,19,1.20
8957,991,20,17,1.20
8974,921,38,25,1.32
8975,921,27,9,2.47
9005,991,13,21,0.63
9006,991,13,25,0.58
9041,991,22,21,1.04
9042,991,14,19,0.88
9046,938,23,19,1.23
9705,972,23,20,1.08
9918,355,12,13,0.92
9923,355,15,18,0.87
9947,972,22,16,1.21
9948,972,40,26,1.38
11486,782,24,17,1.24
11533,782,18,21,0.90
11534,782,16,18,0.99
11543,782,12,20,0.58
11544,782,13,24,0.57
11562,782,7,19,0.41
11569,782,17,13,1.15
11716,782,31,31,1.00
11717,782,32,21,1.45
11718,782,20,20,1.02
12809,1145,14,16,0.89
12825,1145,16,19,0.87
12843,1145,16,18,0.91
12864,1145,28,24,1.18
13851,919,23,20,1.19
15293,1291,26,19,1.39
15294,1291,21,16,1.12
