2016,08,15,19:00,22,23,4,471,16,6,13,2,3,4,22,20,12,1.32 
2016,08,15,19:00,22,23,2,471,10,16,9,6,1,10,22,16,20,0.79 
2016,08,15,19:00,22,23,0,471,16,11,5,10,11,1,22,23,12,1.32 
2016,08,01,21:45,22,46,0,471,14,16,11,4,3,12,22,19,18,0.95 
2016,08,01,21:45,46,22,4,471,16,6,12,3,4,3,22,11,20,0.60 
2016,08,01,19:10,22,101,5,471,16,1,14,1,2,0,22,15,3,1.68 
2016,08,01,19:10,22,101,14,471,16,8,8,7,8,1,22,26,13,1.62 
2016,08,01,19:10,101,22,0,471,16,14,6,9,10,5,22,19,17,1.08 
2016,08,01,16:00,119,22,4,471,6,16,4,11,2,5,22,23,12,1.64 
2016,08,01,16:00,22,119,5,471,16,14,8,7,8,7,22,22,16,1.13 
2016,08,01,16:00,119,22,0,471,16,12,8,7,8,5,22,17,21,0.79 
2016,06,09,23:00,291,302,4,502,16,14,12,3,4,11,302,25,19,1.21 
2016,06,09,23:00,291,302,14,502,16,10,7,8,9,2,302,19,16,1.10 
2016,06,09,23:00,302,291,2,502,16,6,12,3,4,3,302,24,10,1.67 
2016,06,09,00:00,366,302,14,502,5,16,4,11,1,5,302,21,11,1.56 
2016,06,08,23:00,366,302,5,502,8,16,7,8,1,8,302,26,13,1.62 
2016,06,08,21:30,302,253,4,502,7,16,5,10,2,6,302,18,17,1.14 
2016,06,08,20:30,253,302,2,502,6,16,3,12,3,4,302,25,13,1.55 
2016,06,07,21:35,291,302,4,502,16,14,12,3,4,11,302,24,20,1.11 
2016,06,07,20:30,291,302,5,502,3,16,3,12,0,4,302,21,6,1.94 
2016,05,30,18:00,302,132,14,536,12,16,7,8,5,8,302,15,20,0.81 
2016,05,30,18:00,132,302,0,536,16,4,11,4,5,0,302,13,17,0.78 
2016,05,30,18:00,132,302,2,536,13,16,10,5,3,11,302,28,17,1.44 
2016,05,19,13:30,302,331,7,567,8,16,5,10,3,6,302,20,17,1.13 
2016,05,19,13:30,331,302,0,567,16,8,8,7,8,1,302,18,16,1.09 
2016,05,19,09:00,59,302,4,567,16,5,12,3,4,2,302,11,18,0.61 
2016,05,19,09:00,59,302,7,567,16,5,13,2,3,3,302,12,20,0.65 
2016,05,14,13:30,52,302,4,573,16,14,8,7,8,7,302,16,21,0.83 
2016,05,14,12:00,297,302,14,573,16,6,11,4,5,2,302,18,17,0.97 
2016,05,11,20:00,439,302,14,579,13,16,5,10,8,6,302,26,14,1.31 
2016,05,11,20:00,302,439,0,579,16,5,10,5,6,0,302,15,9,1.23 
2016,05,10,21:10,302,177,7,579,25,22,6,9,9,6,302,37,28,1.12 
2016,05,10,21:10,177,302,14,579,10,16,4,11,6,5,302,20,17,1.17 
2016,05,10,21:10,177,302,14,579,10,16,4,11,6,5,302,20,17,1.17 
2016,05,08,21:00,302,439,0,536,4,16,3,12,1,4,302,8,14,0.72 
2016,05,08,21:00,439,302,4,536,14,16,10,5,4,11,302,18,20,0.89 
2016,05,08,21:00,302,439,7,536,8,16,7,8,1,8,302,19,16,1.13 
2016,05,04,20:00,302,49,7,536,16,9,9,6,7,3,302,20,10,1.39 
2016,05,04,20:00,49,302,4,536,11,16,6,9,5,7,302,26,15,1.47 
2016,05,04,20:00,302,49,14,536,4,16,2,13,2,3,302,15,17,0.86 
2016,05,01,16:30,302,424,14,590,8,16,3,12,5,4,302,10,19,0.61 
2016,05,01,16:30,424,302,0,590,9,16,6,9,3,7,302,18,15,1.14 
2016,05,01,16:30,424,302,1,590,19,17,8,7,7,8,302,23,23,0.91 
2016,05,01,16:30,424,302,7,590,16,5,14,1,2,4,302,12,16,0.75 
2016,04,30,13:00,302,59,14,590,16,3,13,2,3,1,302,17,8,1.40 
2016,04,30,13:00,59,302,4,590,14,16,8,7,6,9,302,20,20,0.95 
2016,04,30,13:00,59,302,1,590,10,16,3,12,7,4,302,13,10,1.10 
2016,04,29,20:15,22,302,4,590,11,16,4,11,7,5,302,22,15,1.26 
2016,04,29,20:15,302,22,14,590,16,3,12,3,4,0,302,21,8,1.98 
2016,04,28,22:15,302,69,7,590,16,1,14,1,2,0,302,22,9,1.94 
2016,04,28,22:15,69,302,4,590,3,16,3,12,0,4,302,24,6,2.35 
2016,04,28,11:00,302,424,14,590,6,16,3,12,3,4,302,13,18,0.75 
2016,04,28,11:00,424,302,2,590,16,12,14,1,2,11,302,14,19,0.74 
2016,04,26,21:15,22,302,7,598,16,2,13,2,3,0,302,13,17,0.78 
2016,04,26,19:00,22,302,4,598,25,23,7,8,8,7,302,39,30,1.23 
2016,04,25,21:00,302,13,2,579,12,16,5,10,7,6,302,18,18,1.04 
2016,04,25,21:00,302,13,0,579,14,16,9,6,5,10,302,22,19,1.18 
2016,04,25,21:00,302,13,4,579,16,12,11,4,5,8,302,29,18,1.41 
2016,04,24,18:25,302,458,1,573,16,12,6,9,10,3,302,17,12,1.06 
2016,04,24,18:25,302,458,4,573,16,7,10,5,6,2,302,19,13,1.27 
2016,04,24,15:00,177,302,4,573,6,16,3,12,3,4,302,20,12,1.32 
2016,04,24,15:00,177,302,7,573,16,14,3,12,13,2,302,20,19,0.93 
2016,04,24,15:00,177,302,0,573,10,16,7,8,3,8,302,20,14,1.29 
2016,04,19,21:00,132,302,14,605,16,10,9,6,7,4,302,19,17,1.16 
2016,04,19,21:00,132,302,2,605,4,16,4,11,0,5,302,22,9,1.74 
2016,04,19,21:00,302,132,7,605,14,16,12,3,2,13,302,22,23,0.96 
2016,04,19,18:00,439,302,4,605,8,16,4,11,4,5,302,22,14,1.23 
2016,04,19,18:00,302,439,7,605,16,14,8,7,8,7,302,25,21,1.12 
2016,04,18,20:15,472,302,7,536,12,16,8,7,4,9,302,23,21,1.12 
2016,04,18,20:15,302,472,0,536,8,16,6,9,2,7,302,22,19,1.20 
2016,04,14,21:00,302,484,0,579,16,12,4,11,12,1,302,21,12,1.22 
2016,04,14,21:00,302,484,14,579,16,3,13,2,3,1,302,21,7,1.81 
2016,04,13,20:45,184,302,2,590,14,16,6,9,8,7,302,32,18,1.58 
2016,04,13,20:45,302,184,0,590,16,13,6,9,10,4,302,21,16,1.19 
2016,04,11,21:15,384,302,4,536,12,16,8,7,4,9,302,12,22,0.60 
2016,04,11,21:15,302,384,1,536,15,19,4,11,11,4,302,20,23,0.82 
2016,04,11,21:15,384,302,7,536,6,16,3,12,3,4,302,23,12,1.56 
2016,04,07,21:10,8,302,2,598,12,16,5,10,7,6,302,21,19,1.10 
2016,04,07,20:15,302,8,7,598,16,11,11,4,5,7,302,26,17,1.39 
2016,04,07,18:00,59,302,14,614,16,12,9,6,7,6,302,15,21,0.78 
2016,04,07,18:00,59,302,4,614,16,14,7,8,9,6,302,33,22,1.45 
2016,04,06,22:30,101,302,1,614,16,5,12,3,4,2,302,14,18,0.76 
2016,04,06,22:30,101,302,4,614,10,16,6,9,4,7,302,20,11,1.25 
2016,03,27,19:00,184,489,0,579,14,16,11,4,3,12,184,24,19,1.06 
2016,03,25,22:00,302,29,14,619,7,16,5,10,2,6,302,11,19,0.57 
2016,03,25,22:00,302,29,0,619,14,16,7,8,7,8,302,25,20,1.22 
2016,03,25,22:00,29,302,1,619,1,16,1,14,0,2,302,16,9,1.55 
2016,03,25,13:30,302,517,0,619,16,8,12,3,4,5,302,15,10,1.19 
2016,03,25,12:00,302,528,0,619,16,7,13,2,3,5,302,14,14,0.88 
2016,03,22,21:15,302,13,2,598,16,13,8,7,8,6,302,16,22,0.68 
2016,03,22,20:00,302,13,0,598,10,16,7,8,3,8,302,19,18,1.02 
2016,03,21,22:00,302,13,14,590,12,16,10,5,2,11,302,24,19,1.21 
2016,03,21,22:00,13,302,7,590,16,8,9,6,7,2,302,16,17,0.94 
2016,03,21,19:00,508,302,2,605,3,16,3,12,0,4,302,21,10,1.68 
2016,03,21,19:00,302,508,1,605,14,16,5,10,9,6,302,21,19,1.08 
2016,03,21,19:00,302,508,14,605,16,1,14,1,2,0,302,20,6,1.72 
2016,03,20,16:45,101,302,6,625,16,5,13,2,3,3,302,16,17,0.96 
2016,03,20,16:45,101,302,4,625,22,19,12,3,3,12,302,29,27,1.08 
2016,03,20,13:00,52,302,14,625,11,16,5,10,6,6,302,26,17,1.21 
2016,03,20,13:00,52,302,1,625,16,12,9,6,7,6,302,13,21,0.63 
2016,03,20,13:00,302,52,4,625,16,11,6,9,10,2,302,26,16,1.37 
2016,03,20,00:00,250,302,0,598,19,16,7,8,8,7,302,31,24,1.21 
2016,03,19,23:00,302,250,7,598,8,16,7,8,1,8,302,19,20,1.01 
2016,03,17,23:15,302,214,14,598,16,11,8,7,8,4,302,26,19,1.41 
2016,03,17,22:00,302,214,0,598,8,16,6,9,2,7,302,11,23,0.49 
2016,03,17,19:30,302,52,0,590,16,12,9,6,7,6,302,30,17,1.65 
2016,03,17,19:30,52,302,14,590,16,11,8,7,8,4,302,22,20,1.24 
2016,03,17,19:30,302,52,4,590,16,6,13,2,3,4,302,23,11,1.70 
2016,03,16,19:00,249,302,0,590,9,16,4,11,5,5,302,20,13,1.45 
2016,03,16,19:00,302,249,7,590,16,7,11,4,5,3,302,16,14,1.13 
2016,03,15,23:00,292,302,7,598,16,13,3,12,13,1,302,23,21,1.05 
2016,03,15,22:00,292,302,2,598,16,5,10,5,6,0,302,12,18,0.70 
2016,03,15,19:00,302,30,7,605,16,5,13,2,3,3,302,22,12,1.56 
2016,03,15,19:00,30,302,4,605,19,17,8,7,7,8,302,30,27,1.09 
2016,03,13,20:00,253,302,0,598,16,5,11,4,5,1,302,9,17,0.57 
2016,03,13,19:00,302,253,2,598,7,16,4,11,3,5,302,14,20,0.74 
2016,03,13,13:00,302,507,0,625,17,19,6,9,9,6,302,21,29,0.74 
2016,03,13,13:00,507,302,4,625,11,16,3,12,8,4,302,18,14,1.14 
2016,03,13,13:00,302,507,2,625,13,16,12,3,1,13,302,29,20,1.45 
2016,03,13,01:00,302,285,0,598,3,16,3,12,0,4,302,6,17,0.35 
2016,03,12,23:15,302,285,7,598,25,23,9,6,6,9,302,42,34,1.25 
2016,03,10,23:00,472,302,4,593,19,17,6,9,9,6,302,22,25,0.95 
2016,03,10,21:00,507,302,4,593,16,14,8,7,8,7,302,21,20,1.01 
2016,03,10,20:00,302,496,0,593,16,3,13,2,3,1,302,18,7,1.61 
2016,03,09,22:15,302,358,7,605,16,14,4,11,12,3,302,20,24,0.87 
2016,03,09,22:15,358,302,2,605,11,16,5,10,6,6,302,13,17,0.88 
2016,02,27,19:20,291,302,4,639,16,13,12,3,4,10,302,20,21,0.94 
2016,02,26,01:15,302,642,2,639,10,16,3,12,7,4,302,17,22,0.83 
2016,02,25,00:45,210,302,7,598,16,6,12,3,4,3,302,10,17,0.67 
2016,02,24,23:30,302,210,4,598,11,16,4,11,7,5,302,21,20,1.18 
2016,02,23,23:45,302,472,0,638,16,11,10,5,6,6,302,17,17,0.91 
2016,02,23,23:45,302,472,7,638,5,16,2,13,3,3,302,12,17,0.69 
2016,02,22,22:00,302,137,14,605,16,10,7,8,9,2,302,23,11,1.46 
2016,02,22,22:00,137,302,2,605,4,16,4,11,0,5,302,22,8,1.87 
2016,02,22,19:15,196,302,0,638,3,16,3,12,0,4,302,12,8,1.12 
2016,02,22,19:15,302,196,7,638,16,7,9,6,7,1,302,24,12,1.59 
2016,02,11,20:00,302,215,2,598,16,12,11,4,5,8,302,37,15,1.98 
2016,02,11,19:00,302,215,14,598,16,7,14,1,2,6,302,27,12,1.85 
2016,02,09,23:00,302,258,14,598,6,16,4,11,2,5,302,13,18,0.72 
2016,02,09,21:30,302,258,0,598,19,22,6,9,9,6,302,22,27,0.80 
2016,02,05,19:30,302,132,0,662,16,6,13,2,3,4,302,18,6,1.54 
2016,02,05,19:30,132,302,2,662,2,16,2,13,0,3,302,20,7,1.62 
2016,01,22,18:40,302,70,2,667,10,16,8,7,2,9,302,10,24,0.50 
2016,01,22,18:40,70,302,0,667,10,16,9,6,1,10,302,15,17,0.94 
2016,01,22,18:40,302,70,4,667,7,16,6,9,1,7,302,16,16,1.03 
2016,01,22,12:30,302,215,0,667,3,16,2,13,1,3,302,13,15,0.99 
2016,01,10,19:00,13,302,2,679,16,21,5,10,10,5,302,42,24,1.77 
2016,01,10,19:00,302,13,0,679,18,21,9,6,6,9,302,26,29,0.93 
2016,01,10,19:00,302,13,4,679,16,3,12,3,4,0,302,28,7,2.72 
2016,01,10,15:00,302,642,4,679,16,11,7,8,9,3,302,20,16,1.08 
2016,01,10,15:00,642,302,2,679,16,10,13,2,3,8,302,19,21,0.92 
2016,01,10,15:00,642,302,14,679,9,16,4,11,5,5,302,23,13,1.32 
2016,01,10,12:20,302,259,0,679,16,1,14,1,2,0,302,17,2,2.03 
2016,01,10,12:20,302,259,4,679,16,10,8,7,8,3,302,21,21,1.03 
2015,12,17,21:00,302,147,4,654,16,10,7,8,9,2,302,27,15,1.41 
2015,12,17,21:00,302,147,14,654,16,3,12,3,4,0,302,21,11,1.66 
2015,12,15,18:00,22,302,14,695,16,14,6,9,10,5,302,21,21,0.95 
2015,12,15,18:00,22,302,2,695,26,23,10,5,5,10,302,36,33,1.07 
2015,12,06,17:16,302,210,6,714,5,16,5,10,0,6,302,5,16,0.45 
2015,12,06,17:16,302,210,4,714,16,12,9,6,7,6,302,35,17,1.78 
2015,12,06,14:30,210,302,0,714,16,6,10,5,6,1,302,16,19,0.85 
2015,12,05,15:34,302,710,7,714,16,2,13,2,3,0,302,13,7,1.30 
2015,12,05,14:00,302,710,0,714,16,13,8,7,8,6,302,18,19,0.86 
2015,12,05,14:00,710,302,2,714,16,9,13,2,3,7,302,13,19,0.72 
2015,12,04,16:30,302,250,0,714,6,16,6,9,0,7,302,12,17,0.69 
2015,12,04,16:30,250,302,7,714,16,2,13,2,3,0,302,5,16,0.35 
2015,12,01,21:00,147,302,0,721,16,19,11,4,4,11,302,24,17,1.14 
2015,12,01,21:00,147,302,2,721,6,16,4,11,2,5,302,18,10,1.34 
2015,12,01,21:00,147,302,14,721,16,10,7,8,9,2,302,21,19,1.12 
2015,12,01,18:00,292,302,2,721,5,16,5,10,0,6,302,21,10,1.54 
2015,12,01,18:00,292,302,1,721,16,10,9,6,7,4,302,18,18,1.03 
2015,12,01,18:00,292,302,0,721,14,16,6,9,8,7,302,29,16,1.46 
2015,11,19,22:00,59,302,14,654,16,9,7,8,9,1,302,13,17,0.74 
2015,11,19,22:00,302,59,4,654,7,16,5,10,2,6,302,15,20,0.83 
2015,11,17,21:00,210,302,4,740,13,16,6,9,7,7,302,22,15,1.19 
2015,11,17,20:00,196,302,0,740,11,16,6,9,5,7,302,26,14,1.37 
2015,11,15,23:50,196,302,0,733,16,8,7,8,9,0,302,24,16,1.42 
2015,11,15,21:30,302,642,4,733,16,21,8,7,7,8,302,32,27,1.27 
2015,11,15,20:20,508,302,0,733,4,16,4,11,0,5,302,26,8,2.01 
2015,11,12,22:00,302,214,2,740,16,0,15,0,1,0,302,13,5,1.38 
2015,11,12,18:45,13,302,6,721,12,16,4,11,8,5,302,16,19,0.86 
2015,11,12,18:45,302,13,2,721,16,13,11,4,5,9,302,23,18,1.23 
2015,11,12,18:45,13,302,0,721,16,7,8,7,8,0,302,7,16,0.53 
2015,11,11,19:00,13,302,4,741,28,24,7,8,8,7,302,45,33,1.28 
2015,11,11,19:00,302,13,0,741,16,13,9,6,7,7,302,13,19,0.76 
2015,11,11,19:00,13,302,2,741,16,13,10,5,6,8,302,19,18,1.04 
2015,11,10,22:00,302,258,1,740,11,16,6,9,5,7,302,16,20,0.79 
2015,11,10,21:00,302,250,0,740,16,12,12,3,4,9,302,21,19,1.08 
2015,11,05,20:00,439,302,0,654,10,16,2,13,8,3,302,24,14,1.44 
2015,11,05,20:00,302,439,2,654,14,16,10,5,4,11,302,20,17,1.12 
2015,11,03,21:00,270,302,4,740,16,11,11,4,5,7,302,26,16,1.48 
2015,10,29,20:30,302,383,0,654,16,4,11,4,5,0,302,17,10,1.38 
2015,10,29,20:30,302,383,2,654,9,16,5,10,4,6,302,17,20,0.89 
2015,10,24,20:20,8,302,14,740,16,13,10,5,6,8,302,26,15,1.40 
2015,10,24,19:20,302,215,0,740,13,16,8,7,5,9,302,28,17,1.38 
2015,10,24,17:00,302,59,0,740,16,6,10,5,6,1,302,17,9,1.31 
2015,10,22,22:30,711,302,7,740,16,14,7,8,9,6,302,27,21,1.33 
2015,10,22,21:00,302,196,2,740,16,6,12,3,4,3,302,7,11,0.67 
2015,10,22,18:45,270,856,1,696,16,11,6,9,10,2,270,2,1,1.53 
2015,10,19,22:15,22,302,7,740,16,8,8,7,8,1,302,17,18,0.89 
2015,09,24,19:30,841,137,7,805,16,10,9,6,7,4,137,18,19,0.95 
2015,09,24,17:00,137,484,14,805,13,16,7,8,6,8,137,30,18,1.57 
2015,09,24,17:00,137,484,7,805,14,16,6,9,8,7,137,22,21,1.01 
2015,08,11,18:00,1037,944,0,862,12,16,8,7,4,9,1037,22,18,1.24 
2015,08,11,18:00,944,1037,1,862,16,14,9,6,7,8,1037,24,19,1.12 
2015,08,11,18:00,1037,944,7,862,16,11,10,5,6,6,1037,29,19,1.40 
2015,05,05,20:30,937,941,1,830,6,16,4,11,2,5,941,14,15,1.02 
2015,05,05,19:30,939,941,0,830,13,16,8,7,5,9,941,21,17,1.02 
