2014,11,05,16:30,943,0,1,993,16,10,10,5,6,5,0,9,22,0.44 
2014,11,05,16:30,943,0,0,993,16,7,11,4,5,3,0,17,20,0.95 
2014,10,09,23:15,941,0,1,993,16,1,14,1,2,0,0,3,16,0.23 
2014,10,05,21:00,103,0,6,993,13,16,11,4,2,12,0,16,22,0.80 
2014,09,09,21:00,954,0,0,993,16,1,14,1,2,0,0,5,17,0.28 
2014,08,18,21:00,0,88,1,1035,16,14,5,10,11,4,0,16,17,0.93 
2014,08,18,21:00,88,0,6,1035,16,2,13,2,3,0,0,6,18,0.41 
2014,08,18,21:00,0,88,0,1035,16,6,10,5,6,1,0,13,15,0.89 
2014,02,16,15:20,1093,284,6,1088,8,16,7,8,1,8,1093,8,17,0.52 
2014,02,16,15:20,284,1093,5,1088,16,11,10,5,6,6,1093,13,21,0.71 
2013,09,23,22:00,0,959,9,1124,3,16,3,12,0,4,0,4,18,0.22 
2013,09,23,22:00,959,0,11,1124,16,11,10,5,6,6,0,24,21,1.20 
2013,09,08,19:00,1022,0,9,1124,7,16,3,12,4,4,0,20,18,1.28 
2013,09,08,19:00,1022,0,10,1124,13,16,7,8,6,8,0,23,17,1.30 
2013,06,20,22:00,749,1093,9,1138,16,12,5,10,11,2,1093,19,19,1.02 
2013,06,20,21:00,210,1093,10,1138,16,7,10,5,6,2,1093,6,18,0.40 
2013,06,18,21:00,1391,1093,10,1138,16,4,11,4,5,0,1093,10,18,0.59 
2013,06,02,22:20,705,1093,13,1138,16,14,12,3,4,11,1093,14,19,0.75 
2013,06,02,21:00,215,1093,10,1138,16,8,9,6,7,2,1093,15,19,0.96 
2013,05,30,21:30,1323,1093,10,1138,10,16,6,9,4,7,1093,16,15,0.95 
2013,05,30,19:30,1312,1093,10,1138,16,11,8,7,8,4,1093,10,17,0.61 
2013,05,26,21:00,49,1093,10,1138,14,16,11,4,3,12,1093,19,18,1.05 
2013,05,19,22:00,1093,287,13,1138,11,16,9,6,2,10,1093,21,18,1.01 
2013,05,14,21:00,1106,1093,9,1138,16,6,9,6,7,0,1093,8,19,0.57 
2013,04,18,20:00,1093,1407,9,1148,16,12,8,7,8,5,1093,26,11,1.41 
2013,04,18,20:00,1407,1093,10,1148,19,15,4,11,11,4,1093,29,24,1.16 
2013,04,18,20:00,1093,1407,13,1148,16,10,6,9,10,1,1093,23,14,1.36 
2013,03,24,18:00,1426,1093,13,1157,19,17,5,10,10,5,1093,28,24,1.15 
2013,03,24,18:00,1093,1426,11,1157,16,3,12,3,4,0,1093,11,11,0.86 
2013,03,24,18:00,1426,1093,9,1157,16,12,7,8,9,4,1093,19,19,0.93 
