2016,07,21,22:30,257,215,14,502,14,16,9,6,5,10,257,15,20,0.73 
2016,07,21,22:30,215,257,1,502,9,16,7,8,2,8,257,17,14,1.04 
2016,07,21,22:30,215,257,4,502,19,15,7,8,8,7,257,12,24,0.53 
2016,07,18,03:10,257,270,2,518,16,5,11,4,5,1,257,19,11,1.31 
2016,07,18,03:10,270,257,1,518,14,16,5,10,9,6,257,13,22,0.62 
2016,07,17,23:25,257,69,0,518,19,17,6,9,9,6,257,23,22,0.98 
2016,07,17,23:25,69,257,4,518,22,25,9,6,6,9,257,20,31,0.68 
2016,07,16,23:30,97,257,14,518,17,19,4,11,11,4,257,20,25,0.76 
2016,07,16,23:30,97,257,0,518,10,16,6,9,4,7,257,10,14,0.72 
2016,06,25,21:35,270,257,2,540,16,11,9,6,7,5,257,15,23,0.78 
2016,06,25,21:35,257,270,7,540,7,16,6,9,1,7,257,7,17,0.49 
2016,06,25,15:00,253,257,4,540,8,16,6,9,2,7,257,9,16,0.61 
2016,06,25,15:00,257,253,1,540,16,9,11,4,5,5,257,14,11,1.02 
2016,06,24,19:40,210,257,1,540,16,13,11,4,5,9,257,18,21,0.82 
2016,06,12,23:20,257,292,7,552,8,16,8,7,0,9,257,17,18,1.01 
2016,06,12,18:15,257,258,14,552,12,16,7,8,5,8,257,16,19,0.84 
2016,06,11,17:45,34,257,7,552,13,16,10,5,3,11,257,14,17,0.80 
2016,06,10,20:15,214,257,0,552,16,12,11,4,5,8,257,11,23,0.54 
2016,06,09,15:40,257,364,14,552,16,12,8,7,8,5,257,25,21,1.24 
2016,05,28,04:00,257,70,1,502,9,16,1,14,8,2,257,6,20,0.36 
2016,05,28,04:00,70,257,14,502,19,16,7,8,8,7,257,21,23,0.86 
2016,05,28,04:00,257,70,0,502,16,11,9,6,7,5,257,12,18,0.66 
2016,05,26,22:30,286,257,7,502,11,16,5,10,6,6,257,16,13,1.05 
2016,05,26,22:30,257,286,14,502,16,3,12,3,4,0,257,20,9,1.77 
2016,05,26,00:00,257,286,14,502,11,16,7,8,4,8,257,11,21,0.59 
2016,05,25,23:00,257,286,2,502,16,7,9,6,7,1,257,21,16,1.24 
2016,05,25,21:45,257,70,2,502,10,16,5,10,5,6,257,14,20,0.71 
2016,05,25,20:40,70,257,1,502,16,7,10,5,6,2,257,7,19,0.45 
2016,05,24,22:10,257,303,7,502,16,2,13,2,3,0,257,12,6,1.26 
2016,05,24,21:00,257,303,1,502,16,11,7,8,9,3,257,17,15,1.02 
2016,05,24,04:00,257,291,1,563,16,14,8,7,8,7,257,16,19,0.82 
2016,05,24,04:00,257,291,4,563,16,12,10,5,6,7,257,14,21,0.68 
2016,05,24,04:00,291,257,14,563,16,9,13,2,3,7,257,11,20,0.60 
2016,05,22,02:00,303,257,1,563,14,16,8,7,6,9,257,23,22,1.05 
2016,05,22,02:00,303,257,4,563,9,16,7,8,2,8,257,14,12,0.96 
2016,05,21,02:00,257,116,2,563,16,11,7,8,9,3,257,17,17,0.91 
2016,05,21,02:00,116,257,7,563,14,16,7,8,7,8,257,21,16,1.14 
2016,05,21,02:00,257,116,1,563,7,16,5,10,2,6,257,10,19,0.68 
2016,05,20,04:15,257,270,1,563,16,4,12,3,4,1,257,12,12,0.97 
2016,05,20,04:15,270,257,14,563,10,16,9,6,1,10,257,12,18,0.68 
2016,05,20,04:15,257,270,6,563,10,16,5,10,5,6,257,15,17,0.85 
2016,05,12,14:00,303,257,14,576,16,10,10,5,6,5,257,13,19,0.84 
2016,05,12,14:00,257,303,1,576,16,19,7,8,8,7,257,13,27,0.58 
2016,05,11,16:30,257,210,6,576,10,16,6,9,4,7,257,5,18,0.43 
2016,05,08,17:00,257,424,7,582,11,16,2,13,9,3,257,13,22,0.60 
2016,05,08,17:00,424,257,6,582,19,16,9,6,6,9,257,18,25,0.78 
2016,05,08,17:00,257,424,14,582,16,13,8,7,8,6,257,11,17,0.73 
2016,05,08,00:15,291,257,1,582,11,16,10,5,1,11,257,11,15,0.72 
2016,05,08,00:15,257,291,0,582,12,16,12,3,0,13,257,10,20,0.55 
2016,05,08,00:15,291,257,7,582,16,19,10,5,5,10,257,22,24,1.05 
2016,05,07,05:00,70,257,0,582,16,3,15,0,1,3,257,5,16,0.38 
2016,05,07,01:00,257,291,14,582,16,1,14,1,2,0,257,16,6,1.52 
2016,05,04,01:00,257,366,1,563,16,7,13,2,3,5,257,14,13,0.99 
2016,05,04,01:00,366,257,0,563,4,16,4,11,0,5,257,13,12,1.04 
2016,05,04,01:00,257,366,7,563,14,16,7,8,7,8,257,18,19,0.94 
2016,04,30,04:30,257,70,0,563,14,16,9,6,5,10,257,18,23,0.87 
2016,04,30,04:30,257,70,1,563,7,16,5,10,2,6,257,9,19,0.59 
2016,04,29,04:00,446,257,7,563,2,16,2,13,0,3,257,11,8,1.22 
2016,04,29,04:00,257,446,1,563,16,5,11,4,5,1,257,12,6,1.14 
2016,04,24,01:00,257,312,1,563,16,8,10,5,6,3,257,17,14,1.08 
2016,04,24,01:00,257,312,7,563,5,16,3,12,2,4,257,9,19,0.46 
2016,04,24,01:00,257,312,0,563,16,13,6,9,10,4,257,13,19,0.84 
2016,04,19,04:00,116,446,0,563,11,16,5,10,6,6,446,16,20,0.88 
2016,04,19,04:00,116,446,7,563,10,16,6,9,4,7,446,13,15,0.83 
2016,04,12,04:15,436,471,2,590,16,5,10,5,6,0,471,13,19,0.65 
2016,04,12,04:15,436,471,14,590,16,10,9,6,7,4,471,19,21,0.90 
2016,04,11,04:00,312,446,0,563,16,2,13,2,3,0,446,7,18,0.32 
2016,04,11,04:00,312,446,14,563,16,8,11,4,5,4,446,14,20,0.70 
2016,04,07,06:15,499,471,4,614,16,9,10,5,6,4,499,11,17,0.68 
2016,04,07,06:15,471,499,7,614,6,16,5,10,1,6,499,14,11,0.99 
2016,04,07,04:00,499,38,6,614,5,16,2,13,3,3,499,16,16,0.97 
2016,04,07,04:00,38,499,0,614,19,15,5,10,10,5,499,20,23,0.91 
2016,03,25,04:00,471,499,6,622,13,16,9,6,4,10,499,18,17,1.00 
2016,03,25,04:00,499,471,7,622,16,5,10,5,6,0,499,15,16,1.04 
2016,03,25,04:00,499,471,4,622,12,16,7,8,5,8,499,17,21,0.88 
2016,03,17,04:00,424,499,0,622,16,9,12,3,4,6,499,10,20,0.54 
2016,03,17,04:00,424,499,6,622,16,8,14,1,2,7,499,8,21,0.43 
2016,03,17,04:00,424,499,1,622,8,16,3,12,5,4,499,18,11,1.29 
2016,02,26,02:30,499,646,4,622,16,7,11,4,5,3,499,13,10,1.08 
2016,02,26,02:30,499,646,7,622,16,11,7,8,9,3,499,17,20,0.91 
2016,02,26,02:30,646,499,2,622,16,14,11,4,5,10,499,19,25,0.84 
2016,02,24,04:00,650,499,1,622,10,16,7,8,3,8,499,12,17,0.71 
2016,02,24,04:00,650,499,7,622,13,16,9,6,4,10,499,18,23,0.77 
2016,02,23,03:00,499,424,0,646,16,7,9,6,7,1,499,21,14,1.28 
2016,01,16,23:30,499,279,1,670,14,16,8,7,6,9,499,18,24,0.76 
2016,01,16,23:30,499,279,6,670,16,12,10,5,6,7,499,13,21,0.65 
2016,01,16,23:30,279,499,0,670,16,9,6,9,10,0,499,11,22,0.58 
2015,12,18,03:15,362,279,1,657,9,16,3,12,6,4,362,15,20,0.80 
2015,12,18,03:15,279,362,7,657,16,12,8,7,8,5,362,10,20,0.61 
2015,12,18,01:00,362,682,0,692,18,21,11,4,4,11,362,24,27,0.81 
2015,12,18,01:00,682,362,6,692,16,10,9,6,7,4,362,13,19,0.70 
2015,12,16,01:00,291,362,14,692,11,16,9,6,2,10,362,14,18,0.75 
2015,12,16,01:00,362,291,0,692,16,6,10,5,6,1,362,12,10,1.09 
2015,12,15,03:00,761,362,0,703,7,16,3,12,4,4,362,18,11,1.26 
2015,12,15,03:00,362,761,7,703,16,5,10,5,6,0,362,13,12,0.95 
2015,12,11,03:00,79,362,0,703,16,19,11,4,4,11,362,22,21,0.95 
2015,12,11,03:00,79,362,14,703,8,16,5,10,3,6,362,11,14,0.77 
2015,12,09,03:30,789,362,7,696,8,16,5,10,3,6,362,20,12,1.20 
2015,12,09,03:30,362,789,1,696,16,7,8,7,8,0,362,21,14,1.23 
2015,12,06,06:00,291,362,14,715,16,8,11,4,5,4,362,7,19,0.44 
2015,12,06,06:00,291,362,1,715,16,7,11,4,5,3,362,12,20,0.62 
2015,12,06,06:00,291,362,2,715,8,16,7,8,1,8,362,13,17,0.71 
2015,12,06,04:00,362,496,0,715,16,14,8,7,8,7,362,17,19,0.85 
2015,12,06,02:45,116,362,2,715,16,12,11,4,5,8,362,16,23,0.71 
2015,12,06,01:45,362,510,1,715,16,5,10,5,6,0,362,13,8,1.19 
2015,12,02,07:30,761,758,7,722,12,16,4,11,8,5,758,15,21,0.69 
2015,12,02,02:30,291,362,0,696,14,16,8,7,6,9,362,15,22,0.71 
2015,12,02,02:30,291,362,1,696,9,16,4,11,5,5,362,15,18,0.80 
2015,12,01,04:15,362,789,4,726,5,16,5,10,0,6,362,14,19,0.86 
2015,12,01,04:15,789,362,14,726,16,10,8,7,8,3,362,13,17,0.90 
2015,11,12,03:00,362,257,7,749,8,16,7,8,1,8,362,14,19,0.75 
2015,11,11,04:00,70,362,14,749,16,12,11,4,5,8,362,8,22,0.46 
2015,11,11,03:00,362,70,2,749,11,16,5,10,6,6,362,14,20,0.71 
2015,11,06,02:00,116,362,6,725,16,4,13,2,3,2,362,15,16,0.99 
2015,11,06,02:00,362,116,2,725,16,19,9,6,6,9,362,21,28,0.83 
2015,11,06,02:00,116,362,1,725,3,16,3,12,0,4,362,10,13,0.82 
2015,11,05,02:00,362,116,6,749,16,21,13,2,2,13,362,14,26,0.65 
2015,11,04,02:00,303,362,0,749,14,16,6,9,8,7,362,21,19,1.00 
2015,10,29,03:00,362,896,6,696,16,3,14,1,2,2,362,17,7,1.54 
2015,10,29,03:00,896,362,0,696,13,16,8,7,5,9,362,20,16,1.08 
2015,10,27,02:00,362,738,4,696,5,16,5,10,0,6,362,5,17,0.35 
2015,10,27,02:00,738,362,2,696,16,13,5,10,11,3,362,12,23,0.61 
2015,10,22,04:15,910,279,0,749,16,13,10,5,6,8,910,13,20,0.67 
2015,10,22,03:00,116,910,14,749,16,9,11,4,5,5,910,19,19,1.04 
2015,10,21,04:30,910,362,1,725,16,5,11,4,5,1,910,13,13,0.94 
2015,10,21,04:30,910,362,2,725,16,8,9,6,7,2,910,15,14,0.91 
2015,10,21,04:30,910,362,14,725,7,16,7,8,0,8,910,16,18,0.96 
2015,10,21,02:00,303,910,14,749,21,17,4,11,11,4,910,27,25,1.03 
2015,10,14,03:00,910,257,1,749,6,16,5,10,1,6,910,8,19,0.47 
2015,10,14,02:15,910,279,1,749,16,5,10,5,6,0,910,15,10,1.16 
2015,10,06,03:00,702,910,14,725,16,14,8,7,8,7,910,24,25,1.06 
2015,10,06,03:00,910,702,7,725,1,16,1,14,0,2,910,6,15,0.49 
2015,09,25,03:30,70,910,7,725,16,7,10,5,6,2,910,5,20,0.31 
2015,09,24,04:00,910,805,1,725,16,5,10,5,6,0,910,8,10,0.75 
2015,09,20,04:00,910,291,0,810,16,13,8,7,8,6,910,13,19,0.74 
2015,09,20,04:00,910,291,7,810,9,16,5,10,4,6,910,8,22,0.43 
2015,09,20,04:00,910,291,1,810,16,13,11,4,5,9,910,18,21,0.84 
2015,09,17,04:00,436,910,6,725,6,16,4,11,2,5,910,14,10,1.00 
2015,09,16,05:45,910,496,6,810,16,4,11,4,5,0,910,16,5,1.45 
2015,09,16,05:45,910,496,0,810,16,13,8,7,8,6,910,13,20,0.63 
2015,09,16,05:45,910,496,7,810,14,16,4,11,10,5,910,14,19,0.73 
2015,08,11,02:00,496,759,2,865,26,20,6,9,9,6,759,29,36,0.94 
2015,08,11,02:00,496,759,6,865,10,16,9,6,1,10,759,21,17,1.22 
2015,08,11,02:00,759,496,0,865,16,11,10,5,6,6,759,25,16,1.30 
2015,08,11,02:00,496,759,1,865,16,8,7,8,9,0,759,8,19,0.47 
2015,08,11,02:00,759,496,7,865,5,16,2,13,3,3,759,9,16,0.58 
2015,08,09,04:00,759,1027,6,865,16,8,9,6,7,2,759,24,15,1.50 
2015,08,09,04:00,1027,759,0,865,16,13,8,7,8,6,759,22,22,1.11 
2015,08,09,04:00,759,1027,1,865,16,12,12,3,4,9,759,19,17,0.99 
2015,06,09,04:45,1035,759,7,883,16,9,8,7,8,2,759,18,16,1.10 
2015,06,09,04:45,759,1035,1,883,16,14,9,6,7,8,759,22,24,0.87 
2015,06,04,04:15,303,759,0,883,16,14,11,4,5,10,759,13,20,0.69 
2015,06,04,04:15,759,303,1,883,9,16,4,11,5,5,759,12,18,0.70 
2015,06,03,04:00,761,759,2,904,11,16,10,5,1,11,759,14,19,0.76 
2015,06,03,04:00,761,759,0,904,11,16,7,8,4,8,759,17,19,0.88 
2015,06,03,04:00,759,761,7,904,20,22,8,7,7,8,759,31,24,1.12 
2015,05,29,04:15,759,334,6,883,16,8,14,1,2,7,759,13,14,0.99 
2015,05,29,04:15,759,334,0,883,16,11,12,3,4,8,759,15,16,0.86 
2015,05,26,04:00,759,424,1,905,7,16,4,11,3,5,759,13,17,0.81 
2015,05,26,04:00,424,759,0,905,10,16,9,6,1,10,759,19,16,1.06 
2015,05,26,04:00,759,424,7,905,4,16,4,11,0,5,759,6,17,0.40 
2015,05,19,04:15,1027,759,1,883,14,16,11,4,3,12,759,17,17,0.92 
2015,05,19,04:15,759,1027,7,883,16,14,11,4,5,10,759,14,18,0.77 
2015,05,18,04:35,759,70,6,883,12,16,11,4,1,12,759,16,22,0.78 
2015,05,18,04:35,70,759,7,883,10,16,5,10,5,6,759,14,15,0.86 
2015,05,11,03:00,1057,759,7,883,16,8,13,2,3,6,759,14,19,0.80 
2015,05,11,03:00,759,1057,1,883,9,16,3,12,6,4,759,9,19,0.52 
2015,05,04,04:15,291,759,6,883,16,11,12,3,4,8,759,18,20,1.00 
2015,05,04,04:15,291,759,1,883,16,13,8,7,8,6,759,24,21,1.14 
2015,05,04,02:00,759,1056,7,883,16,14,10,5,6,9,759,23,20,1.09 
2015,05,04,02:00,759,1056,1,883,7,16,5,10,2,6,759,15,18,0.87 
