2016,08,09,21:20,46,9,14,471,16,10,7,8,9,2,9,17,19,0.88 
2016,08,09,21:20,9,46,1,471,16,4,11,4,5,0,9,17,8,1.43 
2016,08,09,21:20,46,9,2,471,16,11,11,4,5,7,9,27,17,1.42 
2016,08,08,15:15,56,147,0,488,4,16,3,12,1,4,147,18,5,1.57 
2016,08,08,15:15,147,56,14,488,16,11,6,9,10,2,147,18,18,0.94 
2016,07,27,21:00,9,102,0,471,16,11,7,8,9,3,9,21,16,1.18 
2016,07,27,21:00,9,102,14,471,16,12,8,7,8,5,9,21,17,1.20 
2016,07,26,21:00,23,9,2,471,16,10,7,8,9,2,9,15,21,0.71 
2016,07,26,21:00,23,9,7,471,16,12,6,9,10,3,9,23,22,1.03 
2016,07,26,21:00,23,9,0,471,6,16,3,12,3,4,9,15,14,1.02 
2016,07,25,23:00,196,9,4,471,11,16,9,6,2,10,9,20,15,1.24 
2016,07,25,23:00,196,9,7,471,10,16,3,12,7,4,9,18,18,1.03 
2016,07,25,23:00,196,9,14,471,16,10,7,8,9,2,9,18,24,0.75 
2016,07,16,14:00,46,52,0,503,13,16,7,8,6,8,52,23,23,1.11 
2016,06,26,11:20,336,337,7,541,16,4,11,4,5,0,336,16,13,1.10 
2016,06,26,11:20,336,337,1,541,16,9,11,4,5,5,336,16,16,0.90 
2016,06,26,11:20,337,336,14,541,16,14,8,7,8,7,336,22,20,1.06 
2016,06,25,12:00,245,336,1,541,16,2,13,2,3,0,336,6,17,0.39 
2016,06,25,12:00,245,336,14,541,12,16,9,6,3,10,336,21,16,1.22 
2016,06,25,12:00,245,336,7,541,16,10,8,7,8,3,336,22,20,1.23 
2016,06,20,11:00,354,9,2,546,16,8,9,6,7,2,9,15,20,0.75 
2016,06,20,11:00,354,9,0,546,12,16,5,10,7,6,9,23,14,1.28 
2016,06,20,11:00,354,9,7,546,16,11,9,6,7,5,9,16,22,0.78 
2016,06,18,22:30,9,250,0,546,16,8,12,3,4,5,9,14,10,1.01 
2016,06,18,19:30,59,9,14,546,7,16,3,12,4,4,9,16,16,1.01 
2016,06,03,20:00,52,177,4,536,3,16,3,12,0,4,52,19,17,1.23 
2016,06,03,20:00,52,177,0,536,16,4,11,4,5,0,52,22,9,1.69 
2016,06,03,20:00,177,52,1,536,16,1,14,1,2,0,52,9,17,0.51 
2016,05,30,22:50,384,147,2,498,16,10,9,6,7,4,147,15,19,0.81 
2016,05,30,22:50,384,147,14,498,11,16,5,10,6,6,147,19,16,1.05 
2016,05,21,17:15,9,215,0,567,14,16,5,10,9,6,9,19,22,0.84 
2016,05,21,17:15,215,9,14,567,16,12,6,9,10,3,9,21,21,0.98 
2016,05,21,09:00,9,331,4,567,16,6,9,6,7,0,9,25,13,1.49 
2016,05,21,09:00,9,331,14,567,11,16,6,9,5,7,9,16,20,0.77 
2016,05,21,09:00,331,9,0,567,14,16,4,11,10,5,9,29,19,1.34 
2016,05,20,21:00,380,9,7,567,16,5,11,4,5,1,9,12,20,0.54 
2016,05,20,21:00,380,9,2,567,16,1,14,1,2,0,9,6,17,0.33 
2016,05,19,16:30,9,13,6,567,16,13,11,4,5,9,9,20,18,0.97 
2016,05,19,16:30,13,9,14,567,3,16,3,12,0,4,9,13,9,1.12 
2016,05,14,19:45,132,9,0,573,16,13,11,4,5,9,9,19,21,0.85 
2016,05,14,19:45,9,132,7,573,16,6,10,5,6,1,9,24,11,1.58 
2016,05,14,19:45,132,9,2,573,16,6,10,5,6,1,9,14,21,0.73 
2016,05,14,18:00,439,9,14,573,6,16,5,10,1,6,9,18,13,1.28 
2016,05,14,16:00,132,9,0,573,19,17,8,7,7,8,9,25,24,1.08 
2016,05,11,19:00,13,9,14,536,13,16,3,12,10,4,9,18,21,0.82 
2016,05,11,19:00,13,9,2,536,14,16,11,4,3,12,9,16,23,0.83 
2016,05,01,18:10,9,360,6,573,16,7,10,5,6,2,9,19,17,1.05 
2016,05,01,18:10,360,9,7,573,10,16,3,12,7,4,9,25,18,1.37 
2016,05,01,15:00,459,9,7,573,4,16,3,12,1,4,9,18,15,1.25 
2016,05,01,15:00,9,459,2,573,16,13,10,5,6,8,9,23,21,1.13 
2016,04,27,17:00,9,152,2,579,9,16,7,8,2,8,9,26,18,1.61 
2016,04,27,17:00,9,152,14,579,6,16,5,10,1,6,9,11,18,0.67 
2016,04,26,18:00,439,9,7,579,16,11,5,10,11,1,9,11,23,0.57 
2016,04,26,18:00,9,439,0,579,12,16,12,3,0,13,9,16,19,0.88 
2016,04,24,18:45,439,9,7,573,16,11,6,9,10,2,9,21,21,1.09 
2016,04,24,18:45,439,9,4,573,16,12,11,4,5,8,9,22,20,1.14 
2016,04,24,15:00,9,382,6,573,19,16,11,4,4,11,9,23,27,0.88 
2016,04,24,15:00,382,9,2,573,11,16,4,11,7,5,9,25,21,1.23 
2016,04,24,15:00,382,9,0,573,16,14,6,9,10,5,9,26,20,1.32 
2016,04,20,17:00,490,9,0,536,13,16,6,9,7,7,9,23,15,1.32 
2016,04,20,17:00,490,9,6,536,1,16,1,14,0,2,9,20,8,1.82 
2016,04,17,15:00,9,250,0,608,10,16,9,6,1,10,9,16,21,0.78 
2016,04,17,15:00,9,250,2,608,19,16,8,7,7,8,9,35,21,1.43 
2016,04,17,15:00,9,250,14,608,14,16,8,7,6,9,9,26,17,1.33 
2016,04,16,17:00,214,9,0,608,13,16,7,8,6,8,9,17,21,0.79 
2016,04,16,17:00,9,214,6,608,16,10,8,7,8,3,9,25,18,1.30 
2016,04,16,17:00,214,9,7,608,16,7,8,7,8,0,9,19,16,1.29 
2016,04,14,14:30,9,291,7,608,16,8,8,7,8,1,9,31,11,2.05 
2016,04,14,14:30,291,9,4,608,16,19,12,3,3,12,9,35,25,1.38 
2016,04,13,12:45,9,292,2,608,16,8,7,8,9,0,9,20,16,1.26 
2016,04,12,14:00,215,9,2,608,16,11,13,2,3,9,9,19,20,1.04 
2016,04,07,20:00,9,29,14,593,5,16,4,11,1,5,9,14,20,0.71 
2016,04,07,20:00,9,29,0,593,10,16,9,6,1,10,9,20,20,1.14 
2016,03,28,21:00,507,439,14,579,8,16,5,10,3,6,507,15,21,0.82 
2016,03,28,21:00,507,439,0,579,16,19,5,10,10,5,507,28,25,1.27 
2016,03,27,20:15,507,489,6,579,16,6,13,2,3,4,507,18,11,1.25 
2016,03,27,20:15,507,489,0,579,16,5,13,2,3,3,507,28,12,1.77 
2016,03,27,19:00,260,507,14,579,5,16,5,10,0,6,507,21,12,1.35 
2016,03,22,21:30,59,507,6,579,16,9,14,1,2,8,507,17,19,0.90 
2016,03,22,21:30,59,507,14,579,16,5,12,3,4,2,507,12,18,0.79 
2016,03,22,21:30,59,507,4,579,13,16,6,9,7,7,507,19,18,0.98 
2016,03,21,21:40,364,507,0,579,6,16,3,12,3,4,507,10,19,0.52 
2016,03,21,21:40,507,364,14,579,16,6,9,6,7,0,507,24,15,1.43 
2016,03,21,20:30,507,489,0,579,16,8,9,6,7,2,507,17,17,0.95 
2016,03,20,19:00,384,507,4,625,11,16,3,12,8,4,507,22,18,1.08 
2016,03,20,19:00,507,384,2,625,16,3,13,2,3,1,507,12,12,1.01 
2016,03,20,15:45,13,507,2,625,10,16,6,9,4,7,507,20,16,1.20 
2016,03,20,15:45,507,13,6,625,16,4,12,3,4,1,507,28,12,2.05 
2016,03,20,13:00,507,132,0,625,16,10,9,6,7,4,507,27,17,1.44 
2016,03,20,13:00,132,507,14,625,11,16,6,9,5,7,507,23,15,1.31 
2016,03,17,21:30,439,507,2,536,16,12,8,7,8,5,507,11,22,0.54 
2016,03,17,21:30,439,507,0,536,14,16,9,6,5,10,507,30,23,1.55 
2016,03,17,21:30,507,439,14,536,17,19,6,9,9,6,507,32,24,1.37 
2016,03,13,17:45,507,13,0,625,7,16,3,12,4,4,507,17,19,1.01 
2016,03,13,17:45,507,13,4,625,9,16,7,8,2,8,507,15,21,0.72 
2016,03,13,17:45,13,507,6,625,12,16,6,9,6,7,507,20,19,1.09 
2016,03,13,13:00,302,507,0,625,17,19,6,9,9,6,507,25,24,0.98 
2016,03,13,13:00,507,302,4,625,11,16,3,12,8,4,507,12,19,0.68 
2016,03,13,13:00,302,507,2,625,13,16,12,3,1,13,507,24,22,0.99 
2016,03,12,18:15,297,507,0,625,11,16,7,8,4,8,507,24,14,1.37 
2016,03,10,21:00,507,302,4,593,16,14,8,7,8,7,507,25,20,1.28 
2016,03,10,19:00,472,507,6,593,8,16,5,10,3,6,507,28,14,1.75 
2016,02,28,21:00,507,584,6,640,16,11,6,9,10,2,507,29,16,1.53 
2016,02,28,21:00,507,584,4,640,16,6,12,3,4,3,507,23,13,1.44 
2016,02,28,18:00,49,507,14,640,3,16,3,12,0,4,507,19,9,1.57 
2016,02,28,18:00,49,507,4,640,5,16,2,13,3,3,507,22,8,1.66 
2016,02,27,15:50,132,507,2,640,14,16,11,4,3,12,507,20,20,0.93 
2016,02,27,14:15,644,507,6,640,6,16,5,10,1,6,507,20,12,1.42 
2016,02,27,13:00,507,184,14,640,1,16,1,14,0,2,507,5,17,0.25 
2016,02,05,22:00,507,537,0,662,0,16,0,15,0,1,507,7,15,0.45 
2016,02,05,22:00,537,507,14,662,16,14,8,7,8,7,507,37,22,1.71 
2015,12,18,21:15,147,742,6,694,16,19,10,5,5,10,147,36,27,1.39 
2015,12,18,21:15,147,742,0,694,9,16,9,6,0,10,147,20,20,1.04 
2015,12,17,21:00,302,147,4,654,16,10,7,8,9,2,147,13,22,0.61 
2015,12,17,21:00,302,147,14,654,16,3,12,3,4,0,147,10,17,0.59 
2015,12,17,16:00,722,59,6,652,16,8,12,3,4,5,722,17,16,1.06 
2015,12,17,16:00,59,722,7,652,4,16,3,12,1,4,722,32,9,2.48 
2015,12,15,21:00,214,147,14,654,16,10,9,6,7,4,147,19,19,0.99 
2015,12,15,21:00,214,147,0,654,21,19,7,8,8,7,147,28,27,0.98 
2015,12,09,17:00,642,722,2,652,14,16,10,5,4,11,722,21,21,0.98 
2015,12,09,17:00,722,642,6,652,16,6,9,6,7,0,722,21,13,1.42 
2015,12,02,18:00,270,147,4,721,19,16,4,11,11,4,147,17,27,0.68 
2015,12,02,18:00,270,147,6,721,11,16,11,4,0,12,147,18,18,0.91 
2015,12,02,18:00,270,147,7,721,16,9,9,6,7,3,147,19,20,1.01 
2015,12,01,21:00,147,302,0,721,16,19,11,4,4,11,147,25,25,1.06 
2015,12,01,21:00,147,302,2,721,6,16,4,11,2,5,147,15,19,0.92 
2015,12,01,21:00,147,302,14,721,16,10,7,8,9,2,147,21,15,1.27 
2015,11,26,19:00,147,383,4,654,16,14,13,2,3,12,147,21,21,0.93 
2015,11,26,19:00,147,383,14,654,16,13,7,8,9,5,147,18,20,0.89 
2015,11,21,18:00,147,383,2,657,16,13,9,6,7,7,147,35,21,1.65 
2015,11,21,18:00,383,147,7,657,16,11,7,8,9,3,147,21,21,1.07 
2015,11,21,18:00,383,147,14,657,7,16,6,9,1,7,147,18,13,1.34 
2015,11,16,21:00,147,22,14,593,11,16,4,11,7,5,147,20,22,0.88 
2015,11,16,21:00,147,22,2,593,16,14,10,5,6,9,147,22,23,0.94 
2015,11,16,21:00,147,22,7,593,3,16,3,12,0,4,147,12,18,0.72 
2015,11,11,17:15,292,8,2,696,16,14,5,10,11,4,292,3,2,1.11 
2015,11,04,18:00,147,439,0,654,16,8,10,5,6,3,147,26,14,1.61 
2015,11,04,18:00,147,439,7,654,6,16,3,12,3,4,147,18,17,1.19 
2015,11,03,20:30,400,147,4,721,14,16,6,9,8,7,147,18,26,0.69 
2015,11,03,20:30,147,400,7,721,16,11,8,7,8,4,147,24,15,1.41 
2015,10,28,19:30,147,584,7,593,16,4,14,1,2,3,147,19,6,1.60 
2015,10,28,19:30,584,147,14,593,16,7,9,6,7,1,147,20,21,1.07 
2015,10,28,19:30,584,147,0,593,10,16,8,7,2,9,147,25,14,1.45 
2015,10,23,20:00,647,147,7,654,16,9,7,8,9,1,147,20,15,1.18 
2015,10,23,20:00,647,147,14,654,12,16,6,9,6,7,147,18,15,1.19 
2015,10,22,20:00,147,8,4,593,12,16,6,9,6,7,147,18,23,0.79 
2015,10,22,20:00,8,147,0,593,16,7,10,5,6,2,147,16,17,0.92 
2015,10,14,21:45,302,147,4,784,11,16,7,8,4,8,147,20,15,1.07 
2015,10,14,21:45,147,302,14,784,16,6,9,6,7,0,147,22,8,1.72 
2015,10,13,18:00,642,147,4,784,12,16,9,6,3,10,147,26,19,1.22 
2015,10,13,18:00,642,147,6,784,16,14,8,7,8,7,147,21,20,1.03 
2015,10,13,18:00,642,147,14,784,14,16,9,6,5,10,147,29,17,1.37 
2015,10,12,18:00,59,147,0,654,14,16,9,6,5,10,147,24,20,1.10 
2015,10,12,18:00,147,59,14,654,12,16,9,6,3,10,147,20,20,0.95 
2015,10,11,18:00,392,147,14,593,9,16,2,13,7,3,147,20,17,1.09 
2015,10,11,18:00,392,147,0,593,7,16,7,8,0,8,147,23,13,1.49 
2015,10,07,22:15,711,945,6,783,13,16,7,8,6,8,945,23,18,1.31 
2015,10,07,22:15,945,711,14,783,5,16,4,11,1,5,945,14,18,0.81 
2015,10,04,18:30,868,384,0,790,16,14,6,9,10,5,384,19,24,0.77 
2015,10,04,18:30,384,868,14,790,9,16,6,9,3,7,384,17,23,0.80 
2015,10,04,18:30,868,384,7,790,14,16,6,9,8,7,384,23,21,1.18 
2015,10,01,20:15,384,196,14,784,16,8,13,2,3,6,384,22,14,1.35 
2015,10,01,20:15,196,384,7,784,7,16,4,11,3,5,384,16,16,1.03 
2015,10,01,20:15,196,384,0,784,19,17,9,6,6,9,384,26,25,1.08 
2015,10,01,18:00,439,945,4,741,16,12,7,8,9,4,945,27,21,1.22 
2015,10,01,18:00,439,945,14,741,16,11,11,4,5,7,945,19,22,0.89 
2015,09,30,21:10,937,957,6,799,16,6,9,6,7,0,937,17,16,0.92 
2015,09,30,21:10,937,957,1,799,16,4,11,4,5,0,937,14,13,0.99 
2015,09,29,19:00,292,250,2,749,16,13,4,11,12,2,292,17,24,0.71 
2015,09,26,15:45,13,384,4,766,16,13,10,5,6,8,384,26,20,1.16 
2015,09,26,15:45,13,384,0,766,16,10,11,4,5,6,384,16,18,0.92 
2015,09,23,22:22,384,439,1,766,16,1,14,1,2,0,384,13,6,1.24 
2015,09,23,22:22,384,439,0,766,16,14,7,8,9,6,384,21,19,1.00 
2015,09,23,22:15,384,439,7,766,14,16,9,6,5,10,384,17,24,0.73 
2015,09,23,12:30,13,384,0,766,16,12,4,11,12,1,384,23,18,1.14 
2015,09,23,12:30,384,13,2,766,2,14,1,14,1,0,384,3,16,0.23 
2015,09,20,17:00,384,258,14,808,9,16,2,13,7,3,384,12,19,0.67 
2015,09,20,17:00,384,258,0,808,8,16,3,12,5,4,384,9,18,0.57 
2015,09,20,01:55,292,384,0,808,11,16,8,7,3,9,384,30,18,1.42 
2015,09,20,00:00,302,384,14,808,13,16,6,9,7,7,384,22,19,1.12 
2015,09,19,20:00,384,270,4,808,5,16,4,11,1,5,384,9,14,0.63 
2015,09,17,22:30,74,937,1,799,2,16,2,13,0,3,937,20,11,1.57 
2015,09,17,21:30,937,139,0,799,10,16,6,9,4,7,937,14,22,0.66 
2015,09,16,20:00,384,945,7,783,14,16,5,10,9,6,384,26,23,1.19 
2015,09,16,20:00,945,384,0,783,11,16,8,7,3,9,384,18,19,0.93 
2015,09,09,20:00,888,945,0,741,15,19,10,5,5,10,945,29,22,1.39 
2015,09,09,20:00,945,888,14,741,16,7,9,6,7,1,945,16,13,1.04 
2015,09,09,18:00,945,331,4,741,12,16,8,7,4,9,945,34,22,1.52 
2015,09,09,18:00,331,945,7,741,10,16,7,8,3,8,945,22,16,1.15 
2015,09,06,19:20,384,287,0,766,16,5,13,2,3,3,384,19,11,1.39 
2015,09,06,19:20,287,384,14,766,22,26,10,5,5,10,384,34,29,1.08 
2015,09,06,15:15,196,384,4,766,12,16,3,12,9,4,384,19,18,1.04 
2015,09,06,15:15,384,196,7,766,11,16,8,7,3,9,384,16,18,0.90 
2015,09,06,15:15,384,196,0,766,21,19,6,9,9,6,384,23,26,0.82 
2015,09,06,12:00,384,264,1,766,16,3,12,3,4,0,384,14,4,1.60 
2015,09,06,12:00,384,264,7,766,16,12,7,8,9,4,384,19,14,1.14 
2015,09,02,20:00,22,945,2,741,16,3,12,3,4,0,945,7,18,0.41 
2015,09,02,20:00,22,945,4,741,8,16,7,8,1,8,945,27,14,1.69 
2015,09,01,22:15,302,945,0,741,7,16,5,10,2,6,945,32,12,2.03 
2015,09,01,22:15,302,945,2,741,11,16,5,10,6,6,945,20,14,1.31 
2015,08,31,18:00,314,945,4,741,14,16,6,9,8,7,945,31,21,1.36 
2015,08,31,18:00,945,314,6,741,12,16,11,4,1,12,945,13,22,0.65 
2015,08,30,19:00,22,384,4,783,16,7,13,2,3,5,384,12,17,0.75 
2015,08,30,19:00,384,22,0,783,15,19,13,2,2,13,384,26,20,1.25 
2015,08,27,22:15,384,980,0,783,16,7,13,2,3,5,384,19,13,1.27 
2015,08,27,22:15,980,384,7,783,16,19,7,8,8,7,384,27,25,1.09 
2015,08,19,19:00,384,472,4,848,16,8,9,6,7,2,384,17,14,1.10 
2015,08,19,19:00,472,384,6,848,16,5,10,5,6,0,384,9,18,0.56 
2015,08,19,19:00,472,384,0,848,16,4,14,1,2,3,384,10,18,0.56 
2015,08,19,19:00,472,384,1,848,5,16,4,11,1,5,384,13,10,1.00 
2015,08,19,19:00,384,472,7,848,16,13,7,8,9,5,384,22,19,1.06 
2015,08,17,21:00,647,384,4,848,13,16,8,7,5,9,384,22,19,1.00 
2015,08,17,21:00,384,647,6,848,16,12,11,4,5,8,384,19,18,1.00 
2015,08,10,20:00,59,945,14,858,16,7,10,5,6,2,945,10,16,0.71 
2015,08,10,20:00,59,945,7,858,16,19,6,9,9,6,945,31,22,1.36 
2015,08,10,20:00,945,59,4,858,12,16,8,7,4,9,945,18,19,0.99 
2015,07,28,18:00,945,59,6,593,12,16,10,5,2,11,945,18,19,1.01 
2015,07,28,18:00,945,59,1,593,6,16,6,9,0,7,945,20,18,1.04 
2015,07,28,18:00,945,59,7,593,16,12,12,3,4,9,945,19,18,0.96 
2015,07,25,18:45,13,945,14,872,16,3,12,3,4,0,945,7,18,0.47 
2015,07,25,15:45,945,22,14,872,14,16,8,7,6,9,945,25,18,1.27 
2015,07,25,13:30,490,945,7,872,7,16,3,12,4,4,945,19,13,1.27 
2015,07,19,18:00,292,945,7,593,10,16,6,9,4,7,945,18,16,1.05 
2015,07,19,18:00,945,292,2,593,16,11,10,5,6,6,945,23,17,1.27 
2015,07,05,18:00,1050,215,0,593,2,16,2,13,0,3,1050,5,17,0.31 
2015,07,05,18:00,215,1050,6,593,16,11,13,2,3,9,1050,20,21,1.10 
2015,06,28,16:30,1050,1045,0,881,16,10,9,6,7,4,1050,20,14,1.09 
2015,06,28,16:30,1050,1045,6,881,16,11,8,7,8,4,1050,21,18,1.14 
2015,06,28,16:30,1045,1050,7,881,16,13,9,6,7,7,1050,15,20,0.77 
2015,06,23,21:15,1050,196,7,886,16,9,11,4,5,5,1050,31,13,1.91 
2015,06,23,21:15,1050,196,6,886,8,16,6,9,2,7,1050,16,19,0.92 
2015,06,23,21:15,1050,196,0,886,16,1,15,0,1,1,1050,23,4,2.16 
2015,06,23,18:00,1050,676,2,886,16,0,15,0,1,0,1050,15,7,1.57 
2015,06,23,18:00,1050,676,14,886,16,11,10,5,6,6,1050,20,18,1.08 
2015,06,23,18:00,1050,676,7,886,16,19,8,7,7,8,1050,32,27,1.22 
2015,06,17,19:00,29,1050,0,841,16,13,10,5,6,8,1050,23,18,1.11 
2015,06,17,19:00,1050,29,1,841,17,19,6,9,9,6,1050,26,21,1.15 
2015,06,17,19:00,29,1050,6,841,10,16,7,8,3,8,1050,19,16,1.15 
2015,06,15,19:00,302,1050,0,593,10,16,7,8,3,8,1050,28,13,1.62 
2015,06,11,20:00,1050,302,2,593,16,13,12,3,4,10,1050,21,15,1.24 
2015,06,11,20:00,1050,302,14,593,16,21,3,12,12,3,1050,30,27,1.13 
2015,05,30,11:30,1071,22,7,910,8,16,4,11,4,5,1071,21,19,1.23 
2015,05,30,11:30,1071,22,6,910,8,16,6,9,2,7,1071,17,15,1.09 
2015,05,28,22:15,214,1050,0,883,16,13,11,4,5,9,1050,24,17,1.37 
2015,05,28,22:15,214,1050,1,883,16,9,11,4,5,5,1050,17,18,0.98 
2015,05,25,20:00,676,1050,2,841,12,16,3,12,9,4,1050,24,14,1.21 
2015,05,25,19:00,1050,1079,7,841,16,6,11,4,5,2,1050,18,11,1.28 
2015,05,23,23:30,1071,1051,6,915,16,3,12,3,4,0,1071,24,6,2.01 
2015,05,23,22:30,1067,1071,7,915,10,16,6,9,4,7,1071,25,16,1.36 
2015,05,21,22:15,711,945,7,883,9,16,3,12,6,4,945,28,15,1.54 
2015,05,21,22:15,711,945,1,883,14,16,10,5,4,11,945,23,22,0.97 
2015,05,21,21:00,196,945,7,593,16,14,4,11,12,3,945,30,20,1.32 
2015,05,21,20:15,196,945,6,593,7,16,6,9,1,7,945,18,11,1.23 
2015,05,20,23:00,945,292,7,841,11,16,3,12,8,4,945,17,24,0.85 
2015,05,17,22:15,945,59,4,883,4,16,3,12,1,4,945,11,17,0.76 
2015,05,17,22:15,59,945,7,883,1,16,1,14,0,2,945,17,6,1.57 
2015,05,12,20:00,945,384,1,593,9,16,4,11,5,5,945,20,17,1.09 
2015,05,12,19:00,945,384,6,593,16,5,12,3,4,2,945,23,11,1.75 
2015,05,11,20:00,214,945,7,918,16,6,10,5,6,1,945,8,19,0.44 
2015,05,11,20:00,945,214,14,918,12,16,10,5,2,11,945,13,23,0.60 
2015,05,05,19:00,1045,945,6,883,16,14,9,6,7,8,945,18,22,0.91 
2015,05,05,19:00,945,1045,0,883,3,16,3,12,0,4,945,12,16,0.85 
2015,05,04,22:15,292,945,14,883,16,13,10,5,6,8,945,25,25,1.15 
2015,04,27,20:00,945,196,0,883,16,1,14,1,2,0,945,11,6,1.24 
2015,04,27,20:00,196,945,7,883,22,19,9,6,6,9,945,32,28,1.18 
2015,04,21,21:00,945,215,6,593,10,16,5,10,5,6,945,16,17,0.93 
2015,04,21,20:00,215,945,0,593,16,9,11,4,5,5,945,19,20,0.98 
2015,04,20,18:00,945,647,14,937,7,16,7,8,0,8,945,9,21,0.47 
2015,04,20,18:00,647,945,1,937,21,19,9,6,6,9,945,43,28,1.48 
2015,04,20,18:00,647,945,6,937,13,16,9,6,4,10,945,25,17,1.30 
2015,04,04,13:30,945,1106,1,948,5,16,2,13,3,3,945,16,19,0.88 
2015,04,04,10:00,945,292,5,948,10,16,6,9,4,7,945,26,21,1.22 
2015,04,04,10:00,945,292,0,948,16,9,10,5,6,4,945,28,13,1.81 
2015,04,04,10:00,945,292,4,948,6,16,3,12,3,4,945,11,18,0.67 
2015,04,03,22:30,945,517,1,948,16,2,13,2,3,0,945,22,8,1.89 
2015,04,03,22:30,517,945,7,948,7,16,6,9,1,7,945,24,11,1.75 
2015,04,03,22:30,517,945,6,948,16,5,13,2,3,3,945,11,17,0.62 
2015,04,03,15:30,544,945,7,948,9,16,4,11,5,5,945,21,16,1.30 
2015,04,03,15:30,544,945,0,948,10,16,4,11,6,5,945,31,16,1.76 
2015,04,03,12:00,945,698,7,948,16,3,12,3,4,0,945,26,11,1.98 
2015,04,03,12:00,945,698,6,948,16,0,15,0,1,0,945,21,5,2.20 
2015,03,28,12:00,945,297,6,951,13,16,6,9,7,7,945,29,22,1.25 
2015,03,28,12:00,297,945,7,951,16,8,10,5,6,3,945,18,18,1.05 
2015,03,24,23:30,945,13,5,593,16,11,8,7,8,4,945,20,19,0.97 
2015,03,24,22:30,945,13,7,593,21,16,10,5,5,10,945,31,22,1.38 
2015,03,21,18:45,945,250,0,953,10,16,4,11,6,5,945,13,19,0.77 
2015,03,21,18:45,945,250,6,953,13,16,7,8,6,8,945,11,22,0.51 
2015,03,21,18:45,250,945,7,953,13,16,3,12,10,4,945,23,19,1.06 
2015,03,21,13:45,945,292,7,953,16,10,12,3,4,7,945,18,17,0.97 
2015,03,21,13:45,945,292,0,953,16,11,12,3,4,8,945,28,16,1.46 
2015,03,21,11:00,258,945,7,953,16,0,15,0,1,0,945,4,16,0.25 
2015,03,21,11:00,945,258,1,953,11,16,6,9,5,7,945,11,21,0.67 
2015,03,07,18:00,888,945,0,931,28,25,8,7,7,8,945,34,37,0.92 
2015,03,07,18:00,945,888,7,931,16,12,8,7,8,5,945,31,15,1.48 
2015,03,07,18:00,945,888,6,931,23,25,11,4,4,11,945,41,27,1.47 
2015,01,13,18:00,196,13,1,966,16,6,9,6,7,0,13,8,21,0.45 
2015,01,13,18:00,13,196,6,966,20,22,7,8,8,7,13,35,27,1.18 
2015,01,12,20:40,13,49,0,966,16,3,12,3,4,0,13,22,9,1.82 
2015,01,12,20:40,13,49,7,966,16,9,11,4,5,5,13,24,15,1.48 
2014,12,17,21:00,712,13,4,973,16,11,10,5,6,6,13,21,20,1.05 
2014,12,17,21:00,712,13,6,973,16,4,12,3,4,1,13,12,17,0.83 
2014,12,15,14:30,937,934,4,976,11,16,8,7,3,9,937,24,22,1.24 
2014,12,15,14:30,937,934,0,976,14,16,6,9,8,7,937,24,19,1.06 
2014,12,15,14:30,934,937,7,976,10,16,8,7,2,9,937,21,18,1.04 
2014,12,14,19:15,940,937,0,976,8,16,7,8,1,8,937,27,13,1.65 
2014,12,14,19:15,940,937,7,976,5,16,5,10,0,6,937,16,12,1.15 
2014,12,14,15:20,937,935,5,976,10,16,8,7,2,9,937,12,22,0.60 
2014,12,14,15:20,935,937,1,976,14,16,11,4,3,12,937,20,21,1.00 
2014,12,14,15:20,935,937,6,976,16,11,12,3,4,8,937,15,21,0.75 
2014,12,11,21:09,214,13,7,967,16,13,8,7,8,6,13,24,21,1.14 
2014,12,11,21:00,214,13,0,967,16,14,9,6,7,8,13,31,19,1.49 
2014,11,27,23:45,215,13,4,983,19,15,8,7,7,8,13,22,25,0.88 
2014,11,27,22:35,13,854,0,983,16,11,7,8,9,3,13,23,18,1.28 
2014,11,27,19:45,215,13,0,983,16,8,13,2,3,6,13,12,20,0.60 
2014,11,25,22:40,13,214,1,984,9,16,4,11,5,5,13,16,19,0.80 
2014,11,25,22:40,13,214,0,984,15,19,10,5,5,10,13,28,26,1.12 
2014,11,25,19:00,13,384,5,984,5,16,5,10,0,6,13,14,19,0.77 
2014,11,25,19:00,384,13,7,984,15,19,9,6,6,9,13,36,22,1.55 
2014,11,25,19:00,13,384,6,984,14,16,10,5,4,11,13,27,23,1.11 
2014,11,24,19:03,297,13,7,985,16,10,8,7,8,3,13,20,23,0.89 
2014,11,24,19:00,297,13,0,985,16,3,12,3,4,0,13,8,17,0.53 
2014,11,22,20:00,13,384,14,988,6,16,3,12,3,4,13,10,18,0.55 
2014,11,22,17:00,13,776,6,988,16,13,13,2,3,11,13,21,15,1.24 
2014,11,22,17:00,776,13,7,988,13,16,6,9,7,7,13,20,18,1.03 
2014,11,09,23:30,13,214,7,995,26,31,7,8,8,7,13,39,42,0.95 
2014,11,09,23:30,214,13,4,995,16,14,13,2,3,12,13,22,20,1.04 
2014,11,07,20:30,937,943,1,993,16,11,13,2,3,9,937,17,14,1.00 
2014,11,07,20:30,943,937,0,993,4,16,4,11,0,5,937,22,10,1.65 
2014,10,22,19:00,854,13,6,1002,16,9,13,2,3,7,13,15,19,0.84 
2014,10,22,19:00,854,13,4,1002,16,14,7,8,9,6,13,28,18,1.30 
2014,10,22,19:00,13,854,0,1002,16,11,12,3,4,8,13,17,17,0.87 
2014,10,21,23:00,500,13,1,1002,16,5,10,5,6,0,13,16,17,1.12 
2014,10,21,23:00,500,13,6,1002,16,4,13,2,3,2,13,12,18,0.81 
2014,10,21,18:00,13,1106,7,1002,21,18,7,8,8,7,13,38,28,1.37 
2014,10,21,18:00,1106,13,4,1002,16,4,14,1,2,3,13,22,16,1.40 
2014,10,21,18:00,13,1106,0,1002,16,8,11,4,5,4,13,37,9,2.26 
2014,10,19,03:20,1170,13,0,1005,6,16,6,9,0,7,13,31,13,1.99 
2014,10,19,02:25,13,196,7,1005,16,8,11,4,5,4,13,31,15,2.01 
2014,10,19,00:50,13,888,6,1005,16,12,11,4,5,8,13,19,19,1.02 
2014,10,12,21:20,937,958,6,993,16,3,12,3,4,0,937,15,12,1.05 
2014,09,29,23:15,937,124,6,993,16,5,11,4,5,1,937,18,11,1.33 
2014,09,28,17:00,937,940,0,993,13,16,7,8,6,8,937,23,18,1.17 
2014,09,19,23:29,297,1199,1,1021,8,16,7,8,1,8,297,14,18,0.81 
2014,09,17,18:00,297,722,0,1026,16,13,7,8,9,5,297,28,20,1.42 
2014,09,11,22:35,937,121,0,993,16,1,14,1,2,0,937,12,6,1.22 
2014,08,10,20:15,13,1149,0,1040,12,16,10,5,2,11,13,10,19,0.60 
2014,06,03,19:00,210,1242,2,1063,16,5,12,3,4,2,1242,16,18,0.95 
2014,06,03,19:00,1242,210,0,1063,16,10,10,5,6,5,1242,19,19,1.05 
2014,06,03,19:00,1242,210,6,1063,5,16,5,10,0,6,1242,17,15,1.10 
2014,05,27,22:00,711,1242,1,1064,16,7,12,3,4,4,1242,18,17,0.99 
2014,05,27,21:00,8,1242,7,1064,16,8,9,6,7,2,1242,12,18,0.73 
2014,05,27,19:00,1242,1244,0,1063,16,2,13,2,3,0,1242,21,8,1.88 
2014,05,27,19:00,1244,1242,1,1063,10,16,4,11,6,5,1242,27,18,1.36 
2014,05,27,19:00,1244,1242,6,1063,16,6,10,5,6,1,1242,9,19,0.53 
2014,05,24,20:30,1254,1255,6,1067,16,12,9,6,7,6,1254,17,19,0.91 
2014,05,24,20:30,1254,1255,1,1067,16,10,12,3,4,7,1254,23,14,1.32 
2014,05,24,15:00,1257,1254,6,1067,14,16,8,7,6,9,1254,17,21,0.81 
2014,05,24,15:00,1257,1254,0,1067,12,16,7,8,5,8,1254,24,20,1.26 
2014,05,22,20:30,8,1045,1,1064,6,16,5,10,1,6,1045,11,8,1.02 
2014,05,21,22:00,1045,711,0,1064,12,16,10,5,2,11,1045,18,18,0.99 
2014,05,20,22:30,1242,1258,2,1063,16,6,13,2,3,4,1242,15,14,1.16 
2014,05,20,22:30,1258,1242,5,1063,12,16,8,7,4,9,1242,19,17,1.05 
2014,05,20,22:30,1244,1242,0,1063,16,13,10,5,6,8,1242,27,21,1.30 
2014,05,20,22:30,1244,1242,1,1063,26,23,7,8,8,7,1242,31,38,0.87 
2014,05,15,20:25,1001,1045,0,1064,11,16,9,6,2,10,1045,25,16,1.23 
2014,05,14,22:30,22,1045,0,1064,8,16,8,7,0,9,1045,15,13,1.02 
2014,05,08,21:00,301,1045,0,1064,16,9,13,2,3,7,1045,13,20,0.67 
2014,05,07,21:00,1045,250,7,1064,16,13,9,6,7,7,1045,21,20,1.02 
2014,04,30,19:00,210,1045,0,1064,16,7,9,6,7,1,1045,12,20,0.69 
2014,04,28,18:00,250,1045,1,1072,16,13,9,6,7,7,1045,22,19,0.98 
2014,04,28,18:00,1045,250,2,1072,13,16,9,6,4,10,1045,18,22,0.88 
2014,04,27,22:20,1045,8,6,1073,16,11,10,5,6,6,1045,11,17,0.64 
2014,04,27,20:25,314,1045,0,1073,7,16,7,8,0,8,1045,19,13,1.22 
2014,04,25,21:10,1045,214,6,1073,16,5,12,3,4,2,1045,11,12,0.87 
2014,04,25,19:30,1244,1045,1,1073,13,16,6,9,7,7,1045,20,19,1.02 
2014,04,19,10:00,8,1045,0,1076,16,9,11,4,5,5,1045,29,20,1.57 
2014,04,19,10:00,1045,8,5,1076,13,16,8,7,5,9,1045,18,24,0.72 
2014,04,18,21:00,1045,945,0,1076,22,19,5,10,10,5,1045,42,23,1.60 
2014,04,18,21:00,1045,945,1,1076,16,4,11,4,5,0,1045,21,12,1.61 
2014,04,18,17:00,1045,1269,2,1076,16,10,8,7,8,3,1045,11,17,0.70 
2014,04,18,17:00,1045,1269,6,1076,16,1,14,1,2,0,1045,14,8,1.27 
2014,03,27,18:15,1045,210,1,1080,8,16,2,13,6,3,1045,9,18,0.57 
2014,03,26,22:00,250,1045,2,1081,16,13,12,3,4,10,1045,15,20,0.77 
2014,03,26,22:00,1045,250,1,1081,5,16,4,11,1,5,1045,9,16,0.64 
2014,03,26,22:00,1045,250,8,1081,16,4,12,3,4,1,1045,26,9,1.91 
2014,03,26,20:00,945,1045,0,1081,24,26,7,8,8,7,1045,36,36,1.02 
2014,03,22,21:30,1045,215,0,1080,16,8,8,7,8,1,1045,23,17,1.35 
2014,03,21,21:15,301,1045,1,1080,16,12,9,6,7,6,1045,20,18,1.05 
2014,03,21,21:15,301,1045,6,1080,16,10,8,7,8,3,1045,21,19,1.12 
2014,03,15,19:00,1045,8,2,1082,7,16,7,8,0,8,1045,12,19,0.65 
2014,03,15,19:00,1045,8,0,1082,19,17,11,4,4,11,1045,26,27,0.94 
2014,03,15,19:00,8,1045,6,1082,16,8,11,4,5,4,1045,15,19,0.84 
2014,03,15,13:00,210,1045,2,1082,14,16,8,7,6,9,1045,14,22,0.68 
2014,03,15,13:00,210,1045,0,1082,12,16,9,6,3,10,1045,21,19,1.05 
2014,03,15,13:00,1045,210,6,1082,11,16,8,7,3,9,1045,20,18,1.08 
2014,03,13,23:30,116,1045,1,1082,11,16,4,11,7,5,1045,16,18,0.92 
2014,03,13,22:15,1045,215,6,1082,16,8,10,5,6,3,1045,20,14,1.23 
2014,03,10,20:15,8,1045,2,1080,20,22,5,10,10,5,1045,33,29,1.11 
2014,03,10,18:15,1045,1264,2,1080,16,3,12,3,4,0,1045,18,8,1.42 
2014,03,05,22:00,1045,1244,0,1079,13,16,12,3,1,13,1045,18,21,0.80 
2014,03,05,22:00,1244,1045,6,1079,16,6,10,5,6,1,1045,13,18,0.75 
2014,03,04,21:00,214,1045,6,1079,16,9,12,3,4,6,1045,14,21,0.78 
2014,03,04,21:00,214,1045,1,1079,16,1,14,1,2,0,1045,8,16,0.51 
2014,02,17,18:00,1106,1045,6,1079,13,16,9,6,4,10,1045,20,18,1.09 
2014,02,17,18:00,1045,1106,1,1079,16,5,11,4,5,1,1045,18,12,1.31 
2013,12,19,21:40,210,1045,7,1097,24,26,4,11,11,4,1045,46,33,1.34 
2013,12,19,21:40,210,1045,6,1097,13,16,9,6,4,10,1045,26,15,1.36 
2013,12,19,21:40,1045,210,0,1097,19,21,9,6,6,9,1045,38,26,1.33 
2013,12,19,19:00,545,1045,6,1097,12,16,4,11,8,5,1045,18,22,0.90 
2013,12,19,18:00,1315,1045,1,1097,4,16,3,12,1,4,1045,16,9,1.38 
2013,12,14,19:30,302,53,2,1102,16,6,14,1,2,5,302,19,15,1.19 
2013,12,14,19:30,302,53,5,1102,16,9,10,5,6,4,302,29,12,1.79 
2013,12,14,19:30,53,302,6,1102,16,14,5,10,11,4,302,29,23,1.31 
2013,12,14,15:30,250,302,1,1102,16,3,12,3,4,0,302,7,18,0.41 
2013,12,14,15:30,250,302,0,1102,16,14,10,5,6,9,302,19,20,1.03 
2013,12,14,15:30,302,250,6,1102,16,12,6,9,10,3,302,23,20,1.25 
2013,12,05,21:30,937,940,1,1098,21,19,10,5,5,10,937,27,30,0.91 
2013,12,05,21:30,940,937,2,1098,5,16,3,12,2,4,937,19,14,1.33 
2013,11,29,17:45,302,314,6,1105,3,16,2,13,1,3,302,15,17,0.96 
2013,11,29,16:18,384,302,6,1105,16,11,9,6,7,5,302,23,19,1.13 
2013,11,23,11:15,210,302,0,1106,16,13,4,11,12,2,302,22,23,1.10 
2013,11,23,06:00,302,34,2,1106,16,12,8,7,8,5,302,25,20,1.23 
2013,11,23,04:00,302,1330,2,1106,16,6,12,3,4,3,302,20,12,1.50 
2013,10,28,23:00,958,937,9,1098,2,16,1,14,1,2,937,16,13,1.19 
2013,10,23,23:00,939,937,13,1098,11,16,9,6,2,10,937,24,22,1.15 
2013,10,06,21:00,1317,302,11,1117,16,3,12,3,4,0,302,10,16,0.66 
2013,10,06,21:00,1317,302,9,1117,17,19,4,11,11,4,302,29,25,1.16 
2013,10,06,21:00,1317,302,10,1117,19,17,10,5,5,10,302,27,25,1.09 
2013,10,06,18:00,937,943,12,1098,16,1,14,1,2,0,937,12,10,1.06 
2013,09,30,20:00,1312,698,12,1117,19,22,8,7,7,8,698,29,27,0.97 
2013,09,30,20:00,1312,698,9,1117,13,16,3,12,10,4,698,22,15,1.12 
2013,09,15,14:30,250,698,9,1126,16,4,11,4,5,0,698,16,16,0.98 
2013,09,15,14:30,698,250,11,1126,11,16,4,11,7,5,698,17,22,0.78 
2013,09,15,09:05,698,215,9,1126,16,11,9,6,7,5,698,16,19,0.91 
2013,09,15,09:05,215,698,12,1126,11,16,6,9,5,7,698,29,19,1.44 
2013,09,15,09:05,215,698,10,1126,16,7,10,5,6,2,698,8,22,0.40 
2013,09,14,20:55,698,210,9,1126,19,17,10,5,5,10,698,27,27,0.98 
2013,09,14,20:55,210,698,10,1126,12,16,8,7,4,9,698,15,19,0.79 
2013,09,14,18:00,698,158,10,1126,16,8,9,6,7,2,698,23,14,1.48 
2013,09,14,16:20,1317,698,9,1126,16,12,4,11,12,1,698,20,20,0.97 
2013,09,14,15:30,1358,698,9,1126,2,16,2,13,0,3,698,17,10,1.41 
2013,09,11,22:00,698,841,10,1120,11,16,9,6,2,10,698,24,20,1.19 
2013,09,11,21:00,1106,698,9,1120,9,16,8,7,1,9,698,18,17,1.09 
2013,09,10,22:30,698,1106,10,1117,16,8,10,5,6,3,698,30,11,1.92 
2013,09,10,21:30,287,698,9,1117,5,16,3,12,2,4,698,26,11,1.78 
2013,09,09,22:50,698,210,12,1117,16,2,13,2,3,0,698,20,9,1.72 
2013,09,09,20:00,215,698,11,1117,15,15,11,4,4,11,698,20,23,0.90 
2013,09,08,19:00,1317,698,9,1117,15,15,6,9,9,6,698,20,20,0.93 
2013,09,02,18:00,698,1312,10,1120,16,12,5,10,11,2,698,25,20,1.29 
2013,08,26,22:18,698,749,12,1120,14,16,9,6,5,10,698,22,25,0.94 
2013,08,22,21:00,250,698,12,1120,16,6,11,4,5,2,698,16,20,0.87 
2013,08,11,21:00,301,698,10,1132,13,16,7,8,6,8,698,22,22,0.99 
2013,08,11,20:00,698,844,10,1132,16,10,10,5,6,5,698,23,18,1.21 
2013,06,17,12:20,698,8,9,1139,3,16,3,12,0,4,698,4,16,0.30 
2013,06,17,12:20,698,8,10,1139,14,16,4,11,10,5,698,28,24,1.29 
2013,06,16,22:00,698,210,9,1139,19,16,5,10,10,5,698,34,22,1.36 
2013,06,16,20:00,698,301,10,1139,7,16,4,11,3,5,698,11,20,0.58 
2013,06,16,18:00,698,210,12,1139,16,2,13,2,3,0,698,21,9,1.70 
2013,06,04,20:00,52,384,11,1143,11,16,6,9,5,7,52,17,21,0.75 
2013,06,04,19:00,1323,52,11,1143,6,16,5,10,1,6,52,14,11,0.99 
2013,03,30,14:30,1353,698,9,1155,16,8,10,5,6,3,698,18,20,0.84 
2013,03,30,10:00,698,210,12,1155,14,16,12,3,2,13,698,25,21,1.15 
2013,03,30,10:00,210,698,10,1155,16,7,11,4,5,3,698,20,19,1.04 
2013,03,30,00:15,698,1383,10,1155,16,14,6,9,10,5,698,23,22,1.05 
2013,03,30,00:15,698,1383,9,1155,16,11,9,6,7,5,698,25,19,1.25 
2013,03,29,17:00,1419,698,12,1155,10,16,8,7,2,9,698,22,17,1.15 
2013,03,29,17:00,698,1419,10,1155,16,11,9,6,7,5,698,16,16,0.89 
2013,03,29,17:00,698,1419,11,1155,14,16,9,6,5,10,698,14,21,0.73 
2013,03,29,13:30,1106,698,10,1155,12,16,7,8,5,8,698,31,18,1.59 
2013,03,29,13:30,698,1106,11,1155,16,5,11,4,5,1,698,16,8,1.34 
2013,03,29,10:00,698,1317,11,1155,10,16,3,12,7,4,698,9,21,0.47 
2013,03,29,10:00,1317,698,10,1155,11,16,5,10,6,6,698,22,18,1.28 
2013,03,29,10:00,1317,698,13,1155,16,4,12,3,4,1,698,9,17,0.60 
2013,03,09,19:00,698,1440,10,1166,10,16,5,10,5,6,698,19,21,1.01 
2013,03,09,19:00,698,1440,11,1166,8,16,3,12,5,4,698,6,20,0.37 
