2016,08,15,20:00,8,9,7,466,16,12,6,9,10,3,9,22,19,1.04 
2016,08,15,20:00,9,8,14,466,11,16,7,8,4,8,9,18,19,0.93 
2016,07,30,22:00,210,8,0,502,8,16,5,10,3,6,210,13,21,0.60 
2016,07,30,22:00,8,210,14,502,16,10,6,9,10,1,210,17,19,0.92 
2016,07,29,23:00,215,210,2,502,14,16,6,9,8,7,210,16,19,0.80 
2016,07,29,23:00,210,215,14,502,16,4,12,3,4,1,210,16,10,1.16 
2016,07,21,20:00,258,210,1,502,7,16,7,8,0,8,210,12,10,1.02 
2016,07,21,20:00,258,210,14,502,13,16,6,9,7,7,210,21,16,1.13 
2016,07,09,19:30,303,210,7,523,16,13,11,4,5,9,210,23,20,1.20 
2016,07,09,19:30,210,303,14,523,13,16,5,10,8,6,210,22,19,1.04 
2016,07,08,21:15,152,210,7,523,3,16,3,12,0,4,210,13,3,1.35 
2016,07,08,21:15,152,210,2,523,5,16,4,11,1,5,210,23,11,1.83 
2016,07,07,21:30,210,285,0,523,16,7,11,4,5,3,210,19,11,1.37 
2016,07,07,21:30,285,210,7,523,9,16,8,7,1,9,210,17,14,1.09 
2016,07,06,20:35,292,210,2,523,13,16,7,8,6,8,210,22,17,1.25 
2016,07,05,20:05,285,210,1,523,16,14,8,7,8,7,210,21,18,1.16 
2016,06,26,13:00,210,292,1,540,13,16,9,6,4,10,210,15,17,0.85 
2016,06,26,13:00,210,292,4,540,2,16,2,13,0,3,210,8,16,0.49 
2016,06,24,21:10,210,270,14,540,16,14,6,9,10,5,210,14,17,0.82 
2016,06,24,19:40,210,257,1,540,16,13,11,4,5,9,210,16,19,0.90 
2016,06,18,04:00,210,285,14,502,16,5,14,1,2,4,210,14,12,1.04 
2016,06,18,04:00,210,285,7,502,16,12,10,5,6,7,210,18,14,1.05 
2016,06,16,20:00,270,210,14,502,6,16,1,14,5,2,210,17,15,1.20 
2016,06,16,20:00,270,210,0,502,16,11,11,4,5,7,210,17,21,0.86 
2016,06,16,20:00,210,270,7,502,16,12,9,6,7,6,210,17,14,1.02 
2016,06,15,21:30,22,210,1,502,6,16,5,10,1,6,210,14,10,1.16 
2016,06,15,20:20,210,22,14,502,16,9,11,4,5,5,210,17,13,1.17 
2016,06,14,23:00,285,210,0,502,16,8,10,5,6,3,210,6,22,0.28 
2016,06,14,22:20,285,210,14,502,0,16,0,15,0,1,210,17,5,1.70 
2016,06,14,19:15,210,270,0,502,16,3,14,1,2,2,210,10,13,0.79 
2016,06,14,18:00,210,270,7,502,16,13,11,4,5,9,210,16,16,0.93 
2016,05,26,15:15,214,210,1,563,17,19,6,9,9,6,210,18,21,0.79 
2016,05,26,15:15,214,210,14,563,17,19,5,10,10,5,210,22,27,0.83 
2016,05,25,12:00,210,250,1,563,16,8,11,4,5,4,210,20,13,1.31 
2016,05,25,12:00,210,250,7,563,16,9,7,8,9,1,210,19,14,1.16 
2016,05,21,19:15,253,210,0,563,16,10,8,7,8,3,210,9,22,0.48 
2016,05,21,19:15,210,253,7,563,9,16,5,10,4,6,210,8,19,0.51 
2016,05,19,21:00,214,210,2,563,5,16,4,11,1,5,210,13,10,1.00 
2016,05,19,21:00,210,214,7,563,16,13,9,6,7,7,210,21,17,1.16 
2016,05,17,18:00,210,292,7,563,14,16,9,6,5,10,210,25,20,1.20 
2016,05,17,18:00,292,210,14,563,16,13,6,9,10,4,210,20,17,1.07 
2016,05,14,19:40,292,210,2,576,16,12,9,6,7,6,210,12,20,0.59 
2016,05,14,19:40,292,210,7,576,16,8,11,4,5,4,210,12,20,0.72 
2016,05,14,19:40,292,210,6,576,14,16,13,2,1,14,210,16,16,0.96 
2016,05,12,20:15,303,210,0,576,13,16,8,7,5,9,210,17,20,0.86 
2016,05,12,20:15,303,210,7,576,6,16,2,13,4,3,210,12,11,0.97 
2016,05,11,20:40,210,250,2,576,9,16,7,8,2,8,210,16,19,0.87 
2016,05,11,16:30,257,210,6,576,10,16,6,9,4,7,210,17,13,1.11 
2016,05,08,21:00,210,22,2,563,16,7,10,5,6,2,210,24,9,1.70 
2016,05,08,21:00,22,210,14,563,11,16,4,11,7,5,210,18,19,0.88 
2016,05,08,21:00,210,22,0,563,3,16,3,12,0,4,210,13,15,0.96 
2016,05,04,21:00,210,250,4,563,7,16,4,11,3,5,210,22,17,1.31 
2016,05,04,21:00,210,250,14,563,11,16,4,11,7,5,210,17,20,0.87 
2016,05,03,18:00,210,258,7,563,16,14,7,8,9,6,210,14,20,0.74 
2016,05,03,18:00,258,210,0,563,8,16,7,8,1,8,210,16,15,1.03 
2016,04,26,20:00,210,253,2,598,22,19,3,12,12,3,210,29,26,1.10 
2016,04,26,19:00,253,210,4,598,16,5,10,5,6,0,210,10,18,0.62 
2016,04,25,18:00,210,8,14,563,9,16,4,11,5,5,210,20,18,1.06 
2016,04,25,18:00,8,210,2,563,14,16,4,11,10,5,210,24,19,1.16 
2016,04,25,18:00,210,8,4,563,10,16,7,8,3,8,210,18,16,1.05 
2016,04,24,19:00,210,285,6,563,7,16,7,8,0,8,210,9,18,0.55 
2016,04,24,19:00,285,210,14,563,13,16,8,7,5,9,210,24,16,1.22 
2016,04,24,19:00,210,285,0,563,11,16,7,8,4,8,210,12,23,0.54 
2016,04,20,23:20,285,210,6,598,16,10,7,8,9,2,210,10,19,0.56 
2016,04,20,22:30,285,210,2,598,16,6,10,5,6,1,210,10,18,0.55 
2016,04,19,21:40,210,215,14,598,13,16,7,8,6,8,210,12,17,0.74 
2016,04,19,20:30,210,215,4,598,16,11,7,8,9,3,210,12,16,0.77 
2016,04,01,19:15,210,253,7,615,5,16,2,13,3,3,210,4,19,0.26 
2016,04,01,19:15,253,210,4,615,16,10,10,5,6,5,210,17,19,0.94 
2016,03,31,19:40,210,285,14,615,16,6,10,5,6,1,210,19,10,1.40 
2016,03,31,19:40,210,285,0,615,16,10,10,5,6,5,210,23,15,1.29 
2016,03,30,23:20,210,303,1,615,19,22,5,10,10,5,210,28,27,1.00 
2016,03,29,21:00,362,210,2,615,5,16,2,13,3,3,210,16,9,1.32 
2016,03,23,21:00,210,13,6,598,16,14,8,7,8,7,210,18,18,1.00 
2016,03,23,20:00,13,210,4,598,13,16,6,9,7,7,210,19,15,1.08 
2016,03,19,22:00,210,22,4,598,16,5,10,5,6,0,210,16,11,1.16 
2016,03,19,21:15,22,210,2,598,6,16,5,10,1,6,210,14,13,0.97 
2016,03,16,23:00,250,210,6,598,10,16,4,11,6,5,210,23,12,1.42 
2016,03,16,22:00,250,210,7,598,16,6,10,5,6,1,210,11,16,0.69 
2016,03,14,00:15,214,210,1,598,19,17,3,12,12,3,210,27,24,1.09 
2016,03,13,23:00,210,214,7,598,16,4,11,4,5,0,210,17,13,1.20 
2016,03,05,19:00,70,210,6,637,15,19,12,3,3,12,210,16,24,0.68 
2016,03,05,19:00,70,210,7,637,3,16,3,12,0,4,210,13,10,1.11 
2016,03,05,19:00,70,210,4,637,17,19,12,3,3,12,210,17,24,0.75 
2016,03,05,00:45,210,253,6,637,16,7,11,4,5,3,210,18,12,1.25 
2016,03,05,00:45,253,210,7,637,16,12,5,10,11,2,210,17,17,0.89 
2016,03,05,00:45,210,253,4,637,16,6,11,4,5,2,210,12,14,0.86 
2016,03,04,18:15,8,210,6,637,8,16,1,14,7,2,210,17,13,1.09 
2016,03,04,18:15,210,8,2,637,16,5,11,4,5,1,210,20,9,1.57 
2016,03,02,21:20,214,210,1,637,17,19,5,10,10,5,210,24,21,0.99 
2016,03,02,20:30,210,150,7,637,16,4,13,2,3,2,210,26,8,2.04 
2016,03,02,17:20,250,210,6,637,14,16,7,8,7,8,210,21,17,1.15 
2016,03,02,16:00,70,210,6,637,16,12,9,6,7,6,210,15,18,0.80 
2016,03,02,13:20,210,215,1,637,16,10,9,6,7,4,210,22,13,1.34 
2016,02,25,20:00,210,253,2,643,16,12,9,6,7,6,210,17,15,1.03 
2016,02,25,20:00,210,253,4,643,16,13,7,8,9,5,210,18,21,0.82 
2016,02,25,20:00,253,210,7,643,2,16,2,13,0,3,210,14,11,1.13 
2016,02,25,00:45,210,302,7,598,16,6,12,3,4,3,210,11,8,1.04 
2016,02,24,23:30,302,210,4,598,11,16,4,11,7,5,210,18,18,0.94 
2016,02,21,18:25,210,253,6,649,16,13,8,7,8,6,210,14,18,0.83 
2016,02,21,16:45,253,210,1,649,14,16,6,9,8,7,210,17,19,0.83 
2016,02,21,15:00,210,292,4,649,16,8,11,4,5,4,210,11,12,0.84 
2016,02,21,13:50,292,210,6,649,7,16,4,11,3,5,210,24,11,1.75 
2016,02,20,20:50,258,210,2,649,7,16,6,9,1,7,210,18,11,1.28 
2016,02,20,14:55,210,22,14,649,19,17,8,7,7,8,210,19,28,0.64 
2016,02,19,22:45,210,281,6,649,16,13,9,6,7,7,210,19,15,1.06 
2016,02,19,20:15,210,258,14,649,16,13,11,4,5,9,210,15,16,0.92 
2016,02,19,13:03,258,210,2,649,16,10,7,8,9,2,210,17,22,0.78 
2016,02,16,22:00,210,258,7,598,5,16,2,13,3,3,210,13,15,0.83 
2016,02,16,21:00,258,210,6,598,4,16,3,12,1,4,210,13,11,0.97 
2016,02,15,20:00,210,292,6,598,16,7,11,4,5,3,210,19,10,1.40 
2016,02,15,19:00,210,292,14,598,16,5,11,4,5,1,210,17,14,1.09 
2016,02,11,22:15,8,210,4,598,9,16,7,8,2,8,210,20,12,1.26 
2016,02,11,21:15,8,210,1,598,12,16,3,12,9,4,210,13,20,0.64 
2016,01,17,15:00,215,210,14,671,7,16,5,10,2,6,210,18,11,1.23 
2016,01,17,15:00,210,215,1,671,16,3,12,3,4,0,210,11,6,1.19 
2016,01,16,12:00,70,210,6,671,14,16,9,6,5,10,210,24,20,1.02 
2016,01,16,12:00,210,70,7,671,16,7,10,5,6,2,210,22,10,1.46 
2016,01,16,12:00,210,70,0,671,6,16,4,11,2,5,210,15,17,0.91 
2016,01,15,12:45,292,210,6,671,2,16,2,13,0,3,210,17,7,1.48 
2016,01,15,12:45,210,292,7,671,16,8,11,4,5,4,210,17,13,1.11 
2016,01,14,17:00,210,710,6,671,16,7,11,4,5,3,210,18,12,1.27 
2016,01,14,17:00,210,710,0,671,8,16,3,12,5,4,210,17,15,0.99 
2016,01,14,17:00,710,210,1,671,10,16,7,8,3,8,210,17,10,1.25 
2016,01,14,13:00,694,210,1,671,4,16,3,12,1,4,210,16,7,1.29 
2016,01,14,13:00,694,210,6,671,16,14,7,8,9,6,210,10,18,0.62 
2016,01,14,13:00,694,210,7,671,10,16,6,9,4,7,210,15,13,0.98 
2016,01,14,10:00,258,210,2,671,16,7,9,6,7,1,210,18,18,1.03 
2016,01,14,10:00,258,210,0,671,16,8,10,5,6,3,210,13,17,0.79 
2015,12,13,20:00,210,215,14,705,16,6,9,6,7,0,210,15,11,1.14 
2015,12,13,20:00,215,210,2,705,16,14,5,10,11,4,210,22,21,0.97 
2015,12,13,20:00,215,210,0,705,16,6,12,3,4,3,210,15,18,0.82 
2015,12,13,20:00,210,215,1,705,16,14,9,6,7,8,210,9,18,0.58 
2015,12,13,20:00,215,210,6,705,14,16,12,3,2,13,210,18,16,1.00 
2015,12,13,01:30,210,710,0,705,16,14,10,5,6,9,210,19,20,0.88 
2015,12,13,01:30,210,710,6,705,16,12,11,4,5,8,210,18,19,0.92 
2015,12,12,19:00,303,210,0,705,8,16,3,12,5,4,210,22,13,1.36 
2015,12,12,19:00,210,303,7,705,16,14,5,10,11,4,210,23,16,1.14 
2015,12,11,19:00,210,258,6,705,6,16,6,9,0,7,210,14,16,0.86 
2015,12,11,19:00,258,210,14,705,16,11,8,7,8,4,210,24,20,1.13 
2015,12,10,22:00,210,738,6,705,16,10,14,1,2,9,210,12,16,0.77 
2015,12,10,22:00,738,210,0,705,4,16,4,11,0,5,210,22,11,1.75 
2015,12,06,19:00,250,210,0,714,12,16,9,6,3,10,210,17,19,0.96 
2015,12,06,19:00,250,210,2,714,9,16,4,11,5,5,210,19,16,1.07 
2015,12,06,18:38,210,250,1,714,9,16,7,8,2,8,210,10,17,0.62 
2015,12,06,17:16,302,210,6,714,5,16,5,10,0,6,210,21,11,1.47 
2015,12,06,17:16,302,210,4,714,16,12,9,6,7,6,210,25,19,1.44 
2015,12,06,14:30,210,302,0,714,16,6,10,5,6,1,210,19,11,1.31 
2015,12,05,18:15,250,210,14,714,16,12,11,4,5,8,210,23,18,1.23 
2015,12,05,18:15,250,210,6,714,14,16,9,6,5,10,210,32,18,1.74 
2015,12,05,18:15,210,250,7,714,6,16,1,14,5,2,210,20,12,1.29 
2015,12,04,19:30,210,710,0,714,16,10,8,7,8,3,210,16,16,0.94 
2015,12,04,19:30,710,210,7,714,11,16,7,8,4,8,210,20,18,1.13 
2015,12,03,21:15,292,210,7,696,1,16,1,14,0,2,210,17,4,1.66 
2015,12,03,21:15,210,292,0,696,16,6,13,2,3,4,210,20,15,1.28 
2015,11,28,21:35,70,210,6,728,7,16,6,9,1,7,210,16,13,1.04 
2015,11,28,21:35,70,210,14,728,11,16,6,9,5,7,210,19,16,0.96 
2015,11,28,21:35,210,70,2,728,9,16,7,8,2,8,210,16,15,1.02 
2015,11,28,14:00,210,8,7,728,16,9,11,4,5,5,210,15,13,1.01 
2015,11,28,14:00,210,8,6,728,16,10,13,2,3,8,210,20,13,1.21 
2015,11,28,14:00,8,210,0,728,16,11,7,8,9,3,210,21,18,1.05 
2015,11,26,20:30,250,210,1,728,4,16,3,12,1,4,210,21,9,1.70 
2015,11,26,19:00,210,70,1,728,16,0,15,0,1,0,210,15,2,1.71 
2015,11,24,21:00,22,210,2,696,8,16,4,11,4,5,210,17,12,1.10 
2015,11,24,21:00,22,210,14,696,19,17,11,4,4,11,210,35,28,1.40 
2015,11,24,21:00,22,210,7,696,10,16,9,6,1,10,210,27,12,1.62 
2015,11,18,18:00,270,210,6,696,14,16,7,8,7,8,210,27,14,1.40 
2015,11,18,18:00,270,210,1,696,11,16,4,11,7,5,210,25,12,1.44 
2015,11,17,21:00,210,302,4,740,13,16,6,9,7,7,210,16,24,0.68 
2015,11,17,20:00,210,258,6,740,16,10,7,8,9,2,210,11,17,0.68 
2015,11,16,18:00,215,210,1,696,3,16,2,13,1,3,210,5,10,0.61 
2015,11,16,18:00,210,215,6,696,16,3,12,3,4,0,210,18,7,1.49 
2015,11,14,22:00,210,8,2,749,16,10,7,8,9,2,210,24,15,1.27 
2015,11,13,22:00,250,210,2,749,16,7,9,6,7,1,210,17,19,0.86 
2015,11,12,22:00,210,22,6,740,16,4,11,4,5,0,210,15,5,1.44 
2015,11,12,20:00,210,215,1,740,16,14,7,8,9,6,210,21,17,1.11 
2015,11,11,22:00,210,214,4,740,9,16,7,8,2,8,210,21,21,1.04 
2015,10,31,10:00,210,258,7,766,2,16,2,13,0,3,210,9,15,0.59 
2015,10,31,10:00,258,210,14,766,16,9,9,6,7,3,210,17,17,1.01 
2015,10,31,10:00,258,210,0,766,9,16,7,8,2,8,210,19,12,1.27 
2015,10,30,10:00,257,210,4,766,12,16,9,6,3,10,210,21,16,1.10 
2015,10,30,10:00,257,210,1,766,6,16,6,9,0,7,210,23,10,1.63 
2015,10,29,17:30,70,210,6,766,16,13,7,8,9,5,210,20,19,1.06 
2015,10,28,10:45,642,210,14,766,10,16,10,5,0,11,210,23,16,1.23 
2015,10,25,21:35,210,196,6,740,16,14,12,3,4,11,210,31,20,1.50 
2015,10,22,21:00,270,210,0,740,20,22,10,5,5,10,210,30,23,1.23 
2015,10,21,23:00,210,59,14,749,16,13,5,10,11,3,210,18,20,0.89 
2015,10,21,22:00,210,196,14,740,16,7,10,5,6,2,210,20,16,1.18 
2015,10,21,20:00,210,258,2,749,6,16,5,10,1,6,210,20,15,1.28 
2015,10,20,23:20,210,292,6,749,16,12,10,5,6,7,210,19,19,1.04 
2015,10,20,21:00,210,59,0,740,16,8,11,4,5,4,210,20,13,1.26 
2015,10,20,19:00,711,210,2,749,16,10,12,3,4,7,210,12,21,0.61 
2015,10,19,21:00,8,210,7,740,16,19,9,6,6,9,210,23,23,0.93 
2015,10,19,18:00,490,210,7,696,9,16,3,12,6,4,210,25,15,1.39 
2015,10,19,18:00,490,210,0,696,7,16,6,9,1,7,210,18,8,1.31 
2015,10,18,21:25,210,8,2,740,19,17,7,8,8,7,210,27,21,1.13 
2015,10,15,21:15,210,22,0,740,16,9,9,6,7,3,210,19,16,1.11 
2015,10,15,18:00,210,642,2,696,16,13,11,4,5,9,210,23,17,1.26 
2015,10,15,18:00,210,642,4,696,16,14,10,5,6,9,210,23,22,1.07 
2015,10,14,22:00,210,258,7,740,5,16,2,13,3,3,210,12,16,0.73 
2015,10,14,20:00,59,210,7,749,16,14,3,12,13,2,210,20,20,0.98 
2015,10,13,23:00,270,210,1,749,16,3,12,3,4,0,210,14,17,0.98 
2015,10,13,21:15,711,210,4,740,2,16,2,13,0,3,210,21,9,1.77 
2015,10,13,20:15,210,258,2,749,3,16,2,13,1,3,210,8,18,0.39 
2015,10,07,22:00,302,210,14,740,10,16,9,6,1,10,210,16,14,0.96 
2015,10,06,20:00,250,210,14,749,14,16,6,9,8,7,210,19,19,0.98 
2015,10,06,19:00,210,711,2,740,13,16,10,5,3,11,210,25,22,1.22 
2015,10,04,12:00,210,8,1,793,12,16,5,10,7,6,210,25,17,1.44 
2015,10,04,12:00,210,8,2,793,12,16,6,9,6,7,210,17,22,0.89 
2015,10,03,13:00,303,210,4,793,7,16,3,12,4,4,210,15,12,1.06 
2015,10,03,13:00,303,210,14,793,16,12,5,10,11,2,210,21,18,1.17 
2015,10,03,13:00,210,303,7,793,16,9,9,6,7,3,210,23,12,1.45 
2015,10,02,18:00,210,270,1,793,10,16,9,6,1,10,210,17,17,0.98 
2015,10,02,18:00,270,210,6,793,16,14,9,6,7,8,210,25,17,1.24 
2015,09,30,19:00,210,8,1,749,10,16,9,6,1,10,210,13,15,0.85 
2015,09,27,12:00,258,210,7,804,16,9,8,7,8,2,210,11,22,0.51 
2015,09,27,12:00,258,210,6,804,13,16,10,5,3,11,210,20,15,1.11 
2015,09,27,12:00,210,258,2,804,16,12,12,3,4,9,210,19,17,1.07 
2015,09,27,12:00,210,258,0,804,6,16,5,10,1,6,210,14,18,0.73 
2015,09,27,12:00,210,258,14,804,12,16,4,11,8,5,210,10,18,0.69 
2015,09,26,12:00,210,250,2,804,16,7,12,3,4,4,210,19,14,1.29 
2015,09,26,12:00,250,210,6,804,19,17,11,4,4,11,210,32,23,1.31 
2015,09,26,12:00,250,210,0,804,13,16,9,6,4,10,210,23,17,1.14 
2015,09,26,12:00,210,250,14,804,16,1,14,1,2,0,210,18,7,1.57 
2015,09,26,12:00,210,250,1,804,16,19,5,10,10,5,210,24,24,0.95 
2015,09,22,21:00,250,210,1,740,14,16,1,14,13,2,210,15,17,0.83 
2015,09,22,20:00,215,210,14,740,4,16,3,12,1,4,210,22,13,1.44 
2015,09,16,21:00,210,270,6,749,16,9,10,5,6,4,210,23,11,1.51 
2015,09,16,20:00,210,292,6,749,16,12,11,4,5,8,210,32,16,1.93 
2015,09,15,22:00,214,210,6,740,8,16,7,8,1,8,210,11,16,0.70 
2015,09,15,19:00,711,210,14,749,8,16,6,9,2,7,210,20,13,1.31 
2015,09,11,20:45,210,8,7,822,4,16,4,11,0,5,210,12,17,0.80 
2015,09,11,20:45,8,210,2,822,16,5,11,4,5,1,210,7,19,0.41 
2015,09,11,20:45,8,210,14,822,7,16,5,10,2,6,210,10,11,0.84 
2015,09,11,13:05,210,711,6,822,16,13,10,5,6,8,210,22,19,1.04 
2015,09,11,13:05,711,210,2,822,5,16,5,10,0,6,210,18,8,1.47 
2015,09,10,20:30,210,270,1,822,17,19,6,9,9,6,210,15,27,0.60 
2015,09,10,15:15,210,711,14,822,16,6,13,2,3,4,210,9,8,0.89 
2015,09,05,17:20,210,270,6,829,16,9,9,6,7,3,210,21,10,1.38 
2015,09,05,17:20,270,210,0,829,13,16,4,11,9,5,210,16,20,0.83 
2015,09,05,17:20,270,210,2,829,16,6,11,4,5,2,210,8,18,0.53 
2015,09,05,17:20,270,210,1,829,10,16,4,11,6,5,210,22,13,1.34 
2015,09,05,17:20,210,270,14,829,16,12,7,8,9,4,210,21,16,1.16 
2015,09,02,18:00,210,214,1,823,16,9,7,8,9,1,210,20,12,1.32 
2015,09,02,18:00,214,210,2,823,16,9,12,3,4,6,210,17,18,0.89 
2015,09,02,18:00,210,214,7,823,16,3,12,3,4,0,210,17,5,1.65 
2015,08,31,21:30,22,210,14,823,5,16,4,11,1,5,210,19,9,1.64 
2015,08,31,21:30,210,22,7,823,16,8,13,2,3,6,210,10,13,0.72 
2015,08,30,18:00,214,210,4,823,9,16,5,10,4,6,210,12,13,0.82 
2015,08,30,18:00,210,214,7,823,13,16,10,5,3,11,210,26,20,1.22 
2015,08,30,18:00,214,210,2,823,5,16,3,12,2,4,210,26,13,1.62 
2015,08,23,19:00,258,210,14,846,7,16,6,9,1,7,210,20,11,1.38 
2015,08,23,19:00,210,258,1,846,19,15,5,10,10,5,210,28,21,1.26 
2015,08,23,15:30,210,8,14,846,16,7,8,7,8,0,210,16,14,0.98 
2015,08,23,15:30,8,210,6,846,14,16,7,8,7,8,210,27,17,1.38 
2015,08,23,15:30,210,8,0,846,6,16,6,9,0,7,210,10,16,0.71 
2015,08,22,21:00,70,210,0,846,14,16,7,8,7,8,210,24,19,1.18 
2015,08,22,21:00,210,70,2,846,16,5,12,3,4,2,210,12,9,1.00 
2015,08,20,22:15,210,215,6,846,16,2,13,2,3,0,210,13,7,1.23 
2015,08,20,18:15,210,985,0,846,16,2,14,1,2,1,210,15,7,1.39 
2015,08,13,19:00,270,210,1,860,16,10,5,10,11,0,210,13,19,0.73 
2015,08,13,19:00,270,210,6,860,16,4,11,4,5,0,210,10,18,0.50 
2015,07,18,17:30,257,210,2,874,21,19,10,5,5,10,210,21,27,0.76 
2015,07,18,17:30,210,257,0,874,7,16,4,11,3,5,210,14,15,0.92 
2015,07,17,21:30,250,210,0,874,14,16,8,7,6,9,210,20,21,0.92 
2015,07,17,21:30,210,250,2,874,16,14,10,5,6,9,210,18,20,0.82 
2015,07,16,16:45,270,210,4,874,16,10,12,3,4,7,210,20,21,1.09 
2015,07,16,16:45,210,303,1,874,16,9,9,6,7,3,210,21,11,1.44 
2015,07,05,18:30,210,257,1,877,19,15,5,10,10,5,210,24,22,1.05 
2015,07,05,18:30,257,210,4,877,14,16,9,6,5,10,210,17,21,0.78 
2015,07,05,18:29,257,210,7,877,6,16,3,12,3,4,210,15,9,1.17 
2015,07,05,18:29,210,257,14,877,14,16,8,7,6,9,210,23,20,1.07 
2015,07,04,18:30,8,210,1,877,9,16,4,11,5,5,210,16,15,1.00 
2015,07,04,18:30,8,210,4,877,3,16,3,12,0,4,210,14,10,1.15 
2015,07,04,18:30,8,210,7,877,16,12,7,8,9,4,210,15,19,0.90 
2015,07,03,18:45,210,404,2,877,19,16,8,7,7,8,210,16,26,0.67 
2015,07,03,18:45,210,404,6,877,16,5,12,3,4,2,210,19,5,1.57 
2015,07,02,21:55,210,270,4,877,16,14,9,6,7,8,210,21,19,1.02 
2015,07,02,15:25,210,291,0,877,12,16,9,6,3,10,210,13,20,0.66 
2015,06,30,23:00,210,13,14,878,16,6,11,4,5,2,210,19,15,1.18 
2015,06,30,21:00,258,210,6,878,19,21,7,8,8,7,210,37,24,1.36 
2015,06,30,19:00,210,250,7,878,16,7,11,4,5,3,210,9,11,0.75 
2015,06,29,23:15,210,13,14,878,16,9,9,6,7,3,210,18,13,1.11 
2015,06,29,22:30,270,210,7,878,3,16,2,13,1,3,210,12,8,1.15 
2015,06,24,21:00,258,210,6,878,12,16,8,7,4,9,210,24,15,1.26 
2015,06,23,21:00,210,711,6,878,16,3,13,2,3,1,210,14,6,1.27 
2015,06,23,19:00,210,8,4,878,16,12,6,9,10,3,210,19,12,1.16 
2015,06,22,20:00,210,22,0,888,16,1,14,1,2,0,210,13,3,1.48 
2015,06,18,23:15,214,210,6,888,7,16,4,11,3,5,210,17,14,1.11 
2015,06,18,22:00,210,711,7,888,15,19,7,8,8,7,210,25,25,1.07 
2015,06,18,21:00,210,8,14,888,16,2,13,2,3,0,210,23,7,1.86 
2015,06,18,19:00,210,250,6,888,16,4,11,4,5,0,210,25,7,2.13 
2015,06,17,19:00,215,210,14,888,9,16,9,6,0,10,210,20,16,1.15 
2015,06,15,21:30,210,215,2,893,16,14,8,7,8,7,210,23,19,1.09 
2015,06,15,21:30,215,210,0,893,9,16,4,11,5,5,210,19,15,1.26 
2015,06,15,14:00,210,250,2,893,16,14,11,4,5,10,210,23,19,1.15 
2015,06,15,14:00,210,250,1,893,16,6,10,5,6,1,210,15,9,1.18 
2015,06,13,21:45,210,711,0,893,16,2,13,2,3,0,210,24,7,2.16 
2015,06,13,17:15,1045,210,7,893,13,16,5,10,8,6,210,26,17,1.33 
2015,06,11,22:00,210,711,14,878,7,16,6,9,1,7,210,22,16,1.38 
2015,06,10,21:00,59,210,4,888,16,7,10,5,6,2,210,10,21,0.51 
2015,06,10,19:00,215,210,2,878,5,16,4,11,1,5,210,16,11,1.16 
2015,06,09,20:00,210,258,4,897,16,12,9,6,7,6,210,16,22,0.69 
2015,06,09,20:00,210,258,6,897,16,11,10,5,6,6,210,17,15,1.02 
2015,06,09,20:00,210,258,2,897,16,9,12,3,4,6,210,22,15,1.41 
2015,06,09,20:00,258,210,14,897,16,5,11,4,5,1,210,18,19,0.96 
2015,06,09,19:00,210,250,2,878,16,13,12,3,4,10,210,24,18,1.24 
2015,06,08,23:00,210,711,2,888,16,1,14,1,2,0,210,15,7,1.46 
2015,06,08,21:00,210,13,1,888,16,6,10,5,6,1,210,10,16,0.66 
2015,06,07,20:00,210,270,1,899,7,16,6,9,1,7,210,8,16,0.56 
2015,06,07,20:00,270,210,6,899,16,11,9,6,7,5,210,15,17,0.83 
2015,06,07,16:00,210,270,0,899,16,7,11,4,5,3,210,20,13,1.31 
2015,06,07,16:00,210,270,14,899,5,16,3,12,2,4,210,8,20,0.36 
2015,06,06,23:00,210,270,6,899,16,8,11,4,5,4,210,15,9,1.25 
2015,06,06,23:00,210,270,7,899,16,8,11,4,5,4,210,16,11,1.12 
2015,06,06,23:00,210,270,0,899,17,19,6,9,9,6,210,20,25,0.76 
2015,06,06,16:10,215,210,14,899,11,16,8,7,3,9,210,18,20,0.92 
2015,06,06,16:10,215,210,1,899,13,16,3,12,10,4,210,15,19,0.79 
2015,06,01,21:00,210,250,1,888,11,16,9,6,2,10,210,27,20,1.37 
2015,06,01,20:00,210,59,4,888,16,4,11,4,5,0,210,25,11,1.88 
2015,05,31,20:00,258,210,6,909,6,16,4,11,2,5,210,17,13,1.08 
2015,05,31,20:00,258,210,7,909,16,12,12,3,4,9,210,22,17,1.27 
2015,05,31,20:00,258,210,1,909,14,16,7,8,7,8,210,28,17,1.40 
2015,05,31,19:00,210,8,14,888,16,13,8,7,8,6,210,18,19,0.88 
2015,05,28,17:00,210,270,2,909,14,16,7,8,7,8,210,18,23,0.85 
2015,05,28,17:00,210,270,1,909,8,16,3,12,5,4,210,9,20,0.46 
2015,05,28,17:00,210,270,7,909,16,9,10,5,6,4,210,26,14,1.48 
2015,05,27,17:00,210,8,0,909,16,12,8,7,8,5,210,21,16,1.12 
2015,05,27,17:00,210,8,6,909,16,3,13,2,3,1,210,18,5,1.70 
2015,05,24,18:00,215,210,0,888,12,16,9,6,3,10,210,23,17,1.18 
2015,05,24,17:00,13,210,6,888,6,16,4,11,2,5,210,12,15,0.85 
2015,05,20,22:35,210,270,0,888,15,19,9,6,6,9,210,35,21,1.46 
2015,05,19,21:00,210,1062,4,909,16,14,11,4,5,10,210,23,25,0.91 
2015,05,19,21:00,1062,210,14,909,11,16,6,9,5,7,210,21,14,1.26 
2015,05,19,21:00,1062,210,0,909,16,10,13,2,3,8,210,14,19,0.76 
2015,05,19,19:00,210,196,2,888,16,3,12,3,4,0,210,18,7,1.58 
2015,05,17,21:00,210,8,1,921,19,16,7,8,8,7,210,22,21,0.97 
2015,05,17,21:00,210,8,7,921,16,9,12,3,4,6,210,19,16,1.14 
2015,05,17,21:00,210,8,14,921,16,10,11,4,5,6,210,22,18,1.16 
2015,05,17,13:00,711,210,6,921,9,16,7,8,2,8,210,22,15,1.29 
2015,05,17,13:00,210,711,7,921,11,16,4,11,7,5,210,17,18,0.99 
2015,05,17,13:00,711,210,14,921,3,16,2,13,1,3,210,22,10,1.63 
2015,05,16,19:15,210,303,7,921,9,16,7,8,2,8,210,13,21,0.59 
2015,05,16,19:15,303,210,14,921,4,16,4,11,0,5,210,15,7,1.39 
2015,05,16,13:45,215,210,4,921,10,16,8,7,2,9,210,30,13,1.68 
2015,05,16,13:45,215,210,0,921,13,16,9,6,4,10,210,24,17,1.14 
2015,05,15,23:00,250,210,4,921,22,20,10,5,5,10,210,31,28,1.15 
2015,05,15,23:00,250,210,1,921,14,16,4,11,10,5,210,22,18,1.09 
2015,05,15,18:00,787,210,1,921,13,16,7,8,6,8,210,17,20,0.92 
2015,05,15,18:00,787,210,7,921,16,13,12,3,4,10,210,16,21,0.77 
2015,05,13,18:00,210,458,0,909,16,5,11,4,5,1,210,18,9,1.40 
2015,05,13,18:00,210,458,1,909,16,10,11,4,5,6,210,24,13,1.49 
2015,05,12,21:15,210,270,4,888,16,6,10,5,6,1,210,20,10,1.44 
2015,05,10,21:15,258,210,7,926,5,16,4,11,1,5,210,18,11,1.30 
2015,05,10,21:15,258,210,0,926,10,16,4,11,6,5,210,24,13,1.34 
2015,05,10,21:15,210,258,1,926,7,16,4,11,3,5,210,18,14,1.17 
2015,05,10,14:00,210,59,1,926,16,6,10,5,6,1,210,18,9,1.44 
2015,05,10,14:00,210,59,4,926,16,2,15,0,1,2,210,19,6,1.65 
2015,05,10,14:00,59,210,6,926,19,16,5,10,10,5,210,22,21,0.93 
2015,05,09,17:00,210,22,7,926,16,12,13,2,3,10,210,20,16,1.09 
2015,05,09,14:45,210,234,0,926,16,4,12,3,4,1,210,23,10,1.63 
2015,05,06,21:00,210,258,7,888,16,5,13,2,3,3,210,18,12,1.22 
2015,05,06,20:00,210,214,6,888,16,6,9,6,7,0,210,16,6,1.33 
2015,05,05,21:00,22,210,1,888,6,16,3,12,3,4,210,18,15,1.13 
2015,05,05,18:00,210,8,7,860,16,5,12,3,4,2,210,11,12,0.95 
2015,05,05,18:00,210,8,14,860,7,16,5,10,2,6,210,12,18,0.69 
2015,05,05,18:00,210,8,0,860,19,15,10,5,5,10,210,28,22,1.13 
2015,05,03,13:00,210,270,6,929,11,16,10,5,1,11,210,14,18,0.83 
2015,05,03,13:00,210,270,0,929,13,16,9,6,4,10,210,14,23,0.61 
2015,05,02,14:00,210,250,1,929,16,12,5,10,11,2,210,27,13,1.51 
2015,05,02,14:00,250,210,0,929,7,16,3,12,4,4,210,22,11,1.68 
2015,05,01,13:15,210,303,0,929,16,3,14,1,2,2,210,28,8,2.31 
2015,05,01,13:15,210,303,14,929,16,1,14,1,2,0,210,21,6,2.21 
2015,04,26,17:00,210,270,4,934,11,16,6,9,5,7,210,22,18,1.05 
2015,04,26,17:00,210,270,1,934,16,11,12,3,4,8,210,10,16,0.68 
2015,04,26,17:00,270,210,0,934,16,11,8,7,8,4,210,16,21,0.76 
2015,04,25,19:45,210,250,14,934,16,4,14,1,2,3,210,14,13,0.99 
2015,04,25,19:45,250,210,0,934,6,16,5,10,1,6,210,20,13,1.41 
2015,04,25,11:00,258,210,6,934,14,16,8,7,6,9,210,19,18,1.01 
2015,04,25,11:00,210,258,0,934,16,9,10,5,6,4,210,26,11,1.58 
2015,04,24,15:00,210,270,6,934,13,16,8,7,5,9,210,11,18,0.67 
2015,04,24,15:00,210,270,1,934,12,16,7,8,5,8,210,18,21,0.84 
2015,04,19,21:40,8,210,7,939,16,13,9,6,7,7,210,11,18,0.69 
2015,04,19,21:40,8,210,6,939,9,16,6,9,3,7,210,23,14,1.43 
2015,04,19,21:40,210,8,8,939,14,16,3,12,11,4,210,22,19,1.11 
2015,04,19,19:15,210,711,7,939,16,9,7,8,9,1,210,25,12,1.58 
2015,04,19,19:15,210,711,0,939,16,10,7,8,9,2,210,30,14,1.66 
2015,04,19,17:00,214,210,7,939,8,16,8,7,0,9,210,24,11,1.45 
2015,04,19,17:00,210,214,0,939,19,15,11,4,4,11,210,18,19,0.87 
2015,04,18,23:00,210,1057,6,939,16,10,10,5,6,5,210,21,15,1.13 
2015,04,18,23:00,210,1057,7,939,16,5,12,3,4,2,210,22,10,1.55 
2015,04,18,03:45,210,711,7,939,4,16,4,11,0,5,210,12,14,0.86 
2015,04,18,03:45,210,711,6,939,9,16,6,9,3,7,210,17,19,0.98 
2015,04,17,21:00,210,291,7,939,16,9,10,5,6,4,210,25,12,1.54 
2015,04,17,21:00,291,210,0,939,6,16,4,11,2,5,210,15,11,1.11 
2015,04,15,18:30,210,258,5,935,16,3,13,2,3,1,210,16,10,1.30 
2015,04,14,19:00,215,210,6,935,31,28,9,6,6,9,210,51,41,1.17 
2015,04,13,19:15,210,270,6,945,25,23,9,6,6,9,210,39,26,1.27 
2015,04,13,19:15,270,210,1,945,13,16,11,4,2,12,210,15,18,0.82 
2015,04,13,19:15,270,210,4,945,11,16,10,5,1,11,210,29,16,1.64 
2015,04,08,18:00,210,13,4,947,16,1,14,1,2,0,210,16,6,1.49 
2015,04,08,18:00,13,210,0,947,3,16,3,12,0,4,210,10,11,0.84 
2015,04,08,18:00,210,13,14,947,16,7,10,5,6,2,210,23,10,1.42 
2015,04,07,19:00,210,270,0,935,10,16,6,9,4,7,210,16,22,0.82 
2015,04,06,23:00,8,210,0,935,16,6,9,6,7,0,210,17,17,1.04 
2015,04,05,18:00,210,250,0,947,8,16,7,8,1,8,210,15,21,0.82 
2015,04,05,18:00,210,250,7,947,10,16,8,7,2,9,210,20,17,1.04 
2015,04,05,18:00,250,210,14,947,11,16,2,13,9,3,210,17,16,0.97 
2015,04,05,18:00,250,210,6,947,16,13,9,6,7,7,210,14,22,0.76 
2015,04,02,22:00,711,210,6,935,5,16,2,13,3,3,210,26,9,1.92 
2015,04,02,21:00,250,210,6,935,16,7,9,6,7,1,210,14,17,0.76 
2015,04,02,20:00,210,215,4,935,11,16,6,9,5,7,210,14,23,0.68 
2015,03,31,19:00,1045,210,7,935,11,16,4,11,7,5,210,22,14,1.25 
2015,03,25,21:45,210,270,7,952,14,16,9,6,5,10,210,20,23,0.88 
2015,03,25,21:45,270,210,14,952,8,16,5,10,3,6,210,16,14,1.07 
2015,03,25,21:45,270,210,6,952,16,14,5,10,11,4,210,15,14,0.89 
2015,03,25,18:00,210,215,7,952,16,3,12,3,4,0,210,15,9,1.15 
2015,03,25,18:00,210,215,0,952,16,13,10,5,6,8,210,25,22,1.08 
2015,03,25,18:00,210,215,6,952,12,16,7,8,5,8,210,24,14,1.31 
2015,03,24,21:00,210,270,7,952,11,16,10,5,1,11,210,14,20,0.69 
2015,03,24,21:00,210,270,1,952,7,16,6,9,1,7,210,11,18,0.60 
2015,03,15,13:00,210,250,6,954,16,13,11,4,5,9,210,20,17,0.97 
2015,03,15,13:00,210,250,7,954,10,16,8,7,2,9,210,15,19,0.84 
2015,03,15,13:00,210,250,1,954,16,14,10,5,6,9,210,19,18,1.03 
2015,03,14,19:36,210,8,0,954,16,8,8,7,8,1,210,25,12,1.59 
2015,03,14,17:00,8,210,14,954,17,19,9,6,6,9,210,29,28,1.14 
2015,03,13,17:00,210,196,7,954,16,7,12,3,4,4,210,15,13,1.03 
2015,03,13,17:00,196,210,6,954,8,16,4,11,4,5,210,15,13,0.94 
2015,03,12,16:25,215,210,14,954,7,16,2,13,5,3,210,20,13,1.38 
2015,03,12,14:50,210,787,6,954,16,3,13,2,3,1,210,12,8,1.15 
2015,03,01,19:17,711,210,7,935,8,16,5,10,3,6,210,17,12,1.19 
2015,02,26,19:00,258,210,6,935,10,16,4,11,6,5,210,17,16,0.90 
2015,02,25,21:00,210,8,0,935,14,16,6,9,8,7,210,24,23,0.95 
2015,02,22,21:20,210,1045,7,935,16,4,12,3,4,1,210,26,8,2.01 
2015,02,22,20:00,210,250,0,935,21,18,5,10,10,5,210,20,26,0.76 
2015,02,18,20:15,210,270,6,935,16,9,10,5,6,4,210,16,13,1.03 
2015,02,17,23:00,8,210,5,957,14,16,11,4,3,12,210,26,21,1.16 
2015,02,17,23:00,8,210,7,957,9,16,3,12,6,4,210,22,14,1.26 
2015,02,17,17:00,250,210,0,957,15,19,12,3,3,12,210,33,22,1.42 
2015,02,17,17:00,250,210,7,957,12,16,7,8,5,8,210,20,17,1.12 
2015,02,16,17:00,210,8,7,957,16,3,12,3,4,0,210,28,11,2.22 
2015,02,16,17:00,8,210,7,957,10,16,7,8,3,8,210,27,14,1.65 
2015,02,10,19:00,210,1045,1,960,16,11,7,8,9,3,210,26,17,1.41 
2015,02,08,00:15,711,210,6,961,20,22,8,7,7,8,210,26,26,0.90 
2015,02,08,00:15,210,711,7,961,16,13,12,3,4,10,210,24,16,1.19 
2015,02,07,21:15,258,210,5,961,7,16,7,8,0,8,210,21,13,1.34 
2015,02,07,21:15,210,258,7,961,19,17,6,9,9,6,210,27,25,1.12 
2015,02,07,21:15,258,210,1,961,16,13,9,6,7,7,210,19,20,0.96 
2015,02,07,19:00,210,250,6,961,16,9,10,5,6,4,210,16,13,1.18 
2015,02,07,16:00,210,1045,7,961,16,12,8,7,8,5,210,19,17,1.12 
2015,02,07,14:00,8,210,0,961,15,15,12,3,3,12,210,27,23,1.12 
2015,02,07,13:00,258,210,5,961,14,16,11,4,3,12,210,21,20,0.97 
2015,02,07,12:00,210,711,6,961,12,16,11,4,1,12,210,14,19,0.78 
2015,01,25,20:17,22,210,0,963,19,17,9,6,6,9,210,33,23,1.37 
2015,01,25,20:13,210,22,5,963,7,16,6,9,1,7,210,21,17,1.25 
2015,01,25,03:23,210,250,0,963,12,16,9,6,3,10,210,20,19,1.05 
2015,01,25,03:20,210,250,6,963,16,14,8,7,8,7,210,22,18,1.19 
2015,01,25,03:05,250,210,7,963,16,14,9,6,7,8,210,26,20,1.21 
2015,01,24,19:48,210,291,0,963,16,7,12,3,4,4,210,17,11,1.23 
2015,01,24,02:56,301,210,6,963,16,9,11,4,5,5,210,15,19,0.81 
2015,01,23,20:37,210,303,6,963,16,3,12,3,4,0,210,19,5,1.62 
2014,12,07,20:20,210,8,2,980,16,13,9,6,7,7,210,19,20,0.90 
2014,12,07,20:20,8,210,1,980,13,16,6,9,7,7,210,21,16,1.13 
2014,12,07,20:20,8,210,0,980,10,16,5,10,5,6,210,21,21,1.01 
2014,12,07,20:20,210,8,7,980,16,10,7,8,9,2,210,13,13,0.87 
2014,12,07,17:45,210,1152,6,980,16,9,10,5,6,4,210,12,12,1.01 
2014,12,07,17:45,1152,210,7,980,12,16,3,12,9,4,210,22,20,1.10 
2014,12,07,04:45,210,8,0,980,14,16,11,4,3,12,210,19,23,0.78 
2014,12,07,04:45,8,210,7,980,16,12,9,6,7,6,210,20,18,1.05 
2014,12,06,17:30,210,711,6,980,19,16,11,4,4,11,210,24,23,0.99 
2014,12,06,17:30,210,711,5,980,16,12,11,4,5,8,210,28,17,1.41 
2014,12,06,17:30,711,210,7,980,16,13,8,7,8,6,210,16,18,0.91 
2014,12,06,04:40,210,1035,7,980,16,3,12,3,4,0,210,12,10,1.07 
2014,12,06,04:40,1035,210,0,980,0,16,0,15,0,1,210,18,6,1.70 
2014,11,28,17:30,301,210,7,983,8,16,4,11,4,5,210,24,11,1.66 
2014,11,28,17:30,210,301,1,983,10,16,5,10,5,6,210,11,19,0.64 
2014,11,27,17:00,210,257,1,983,16,5,12,3,4,2,210,12,10,1.07 
2014,11,27,14:40,210,59,0,983,14,16,11,4,3,12,210,18,24,0.84 
2014,11,27,12:30,210,18,0,983,16,2,13,2,3,0,210,17,7,1.51 
2014,11,09,21:20,210,301,4,996,16,11,9,6,7,5,210,15,17,0.90 
2014,11,09,17:00,301,210,6,996,19,16,10,5,5,10,210,18,24,0.77 
2014,11,09,17:00,301,210,0,996,6,16,5,10,1,6,210,12,11,0.92 
2014,11,09,17:00,301,210,1,996,9,16,8,7,1,9,210,10,13,0.77 
2014,11,08,21:00,8,210,7,996,9,16,3,12,6,4,210,19,14,1.23 
2014,11,08,21:00,210,8,4,996,16,3,12,3,4,0,210,19,9,1.60 
2014,11,08,13:00,22,210,0,996,13,16,12,3,1,13,210,33,19,1.77 
2014,11,08,13:00,210,22,6,996,16,6,11,4,5,2,210,20,10,1.42 
2014,11,02,15:15,210,301,7,998,16,11,11,4,5,7,210,31,17,1.63 
2014,11,02,15:15,301,210,6,998,10,16,7,8,3,8,210,23,16,1.23 
2014,11,01,15:30,210,8,6,998,16,12,10,5,6,7,210,18,14,1.06 
2014,11,01,15:30,8,210,4,998,7,16,6,9,1,7,210,20,13,1.23 
2014,11,01,12:00,210,59,6,998,16,10,12,3,4,7,210,25,11,1.45 
2014,11,01,12:00,59,210,5,998,11,16,8,7,3,9,210,29,16,1.68 
2014,10,30,17:15,215,210,0,998,16,5,10,5,6,0,210,13,19,0.71 
2014,10,30,15:21,210,795,0,998,16,5,13,2,3,3,210,20,9,1.51 
2014,10,30,15:00,210,287,6,998,16,9,13,2,3,7,210,23,13,1.45 
2014,10,30,12:00,210,143,0,998,16,1,14,1,2,0,210,16,5,1.64 
2014,10,30,11:15,210,776,6,998,16,5,14,1,2,4,210,20,11,1.57 
2014,10,28,21:00,250,210,6,996,13,16,7,8,6,8,210,20,15,1.13 
2014,10,28,21:00,210,250,14,996,5,16,5,10,0,6,210,12,19,0.61 
2014,10,28,21:00,250,210,1,996,4,16,3,12,1,4,210,16,8,1.29 
2014,10,26,17:32,210,1152,5,1001,16,14,13,2,3,12,210,32,17,1.65 
2014,10,26,16:13,210,1152,6,1001,16,10,11,4,5,6,210,11,14,0.98 
2014,10,26,15:13,210,1152,0,1001,16,8,12,3,4,5,210,33,13,2.03 
2014,10,26,13:48,1152,210,1,1001,16,8,9,6,7,2,210,13,16,0.87 
2014,10,25,19:18,210,8,0,1001,16,7,10,5,6,2,210,20,13,1.31 
2014,10,25,18:32,210,8,6,1001,16,8,14,1,2,7,210,15,12,1.10 
2014,10,24,20:00,210,1152,1,1001,16,12,7,8,9,4,210,20,17,1.10 
2014,10,24,19:19,210,1152,6,1001,16,13,10,5,6,8,210,21,19,1.11 
2014,10,24,16:15,210,22,0,1001,16,5,11,4,5,1,210,19,11,1.31 
2014,10,24,15:25,210,22,4,1001,16,3,13,2,3,1,210,19,9,1.57 
2014,10,22,18:00,210,301,4,996,11,16,10,5,1,11,210,19,19,1.04 
2014,10,22,18:00,210,301,6,996,14,16,13,2,1,14,210,16,19,0.88 
2014,10,22,18:00,301,210,0,996,12,16,9,6,3,10,210,17,17,0.91 
2014,10,20,18:32,210,384,6,1004,22,20,12,3,3,12,210,29,26,1.08 
2014,10,20,18:00,384,210,1,1004,17,19,6,9,9,6,210,18,24,0.80 
2014,10,20,18:00,384,210,7,1004,6,16,4,11,2,5,210,9,11,0.80 
2014,10,16,19:00,301,210,6,997,16,5,13,2,3,3,210,13,16,0.90 
2014,10,16,19:00,301,210,1,997,16,13,12,3,4,10,210,17,17,0.95 
2014,10,16,19:00,301,210,7,997,11,16,10,5,1,11,210,8,19,0.50 
2014,10,15,21:00,210,711,6,996,16,6,14,1,2,5,210,15,10,1.08 
2014,10,15,21:00,711,210,7,996,16,12,8,7,8,5,210,18,19,0.84 
2014,10,15,21:00,711,210,0,996,10,16,6,9,4,7,210,15,19,0.81 
2014,10,14,21:00,384,210,7,997,12,16,6,9,6,7,210,19,17,1.14 
2014,10,14,21:00,384,210,6,997,13,16,4,11,9,5,210,14,20,0.72 
2014,10,13,18:00,210,841,14,1009,16,9,13,2,3,7,210,27,15,1.48 
2014,10,13,18:00,210,841,4,1009,14,16,10,5,4,11,210,19,20,1.03 
2014,10,13,18:00,841,210,0,1009,9,16,7,8,2,8,210,20,15,1.16 
2014,10,13,18:00,210,841,7,1009,16,12,9,6,7,6,210,13,22,0.60 
2014,10,09,23:00,8,210,7,1011,16,7,13,2,3,5,210,12,17,0.67 
2014,10,09,18:00,210,59,7,996,16,9,8,7,8,2,210,23,12,1.49 
2014,10,09,18:00,59,210,0,996,9,16,8,7,1,9,210,15,17,0.86 
2014,10,08,22:00,22,210,6,1011,6,16,5,10,1,6,210,13,12,1.00 
2014,10,08,18:00,210,945,6,996,16,5,14,1,2,4,210,19,7,1.58 
2014,10,07,21:20,250,210,1,1011,13,16,7,8,6,8,210,18,18,0.91 
2014,10,02,23:00,210,301,7,1011,16,5,10,5,6,0,210,12,9,1.08 
2014,10,02,21:00,210,52,1,1011,16,7,11,4,5,3,210,19,12,1.28 
2014,10,02,20:00,711,210,1,1011,12,16,7,8,5,8,210,20,16,1.05 
2014,10,01,21:15,210,301,7,1011,16,8,10,5,6,3,210,24,12,1.44 
2014,09,26,16:45,711,210,1,1024,16,1,14,1,2,0,210,4,16,0.28 
2014,09,26,16:45,210,711,6,1024,11,16,4,11,7,5,210,17,17,0.98 
2014,09,25,20:45,210,22,7,1024,19,16,12,3,3,12,210,20,23,0.81 
2014,09,25,19:00,210,1106,7,1024,16,4,11,4,5,0,210,15,10,1.24 
2014,09,24,21:30,210,59,1,1025,12,16,3,12,9,4,210,15,18,0.90 
2014,09,24,21:30,210,59,0,1025,16,13,12,3,4,10,210,17,20,0.94 
2014,09,19,21:24,210,52,1,997,16,4,11,4,5,0,210,14,13,0.99 
2014,09,19,21:15,52,210,7,997,8,16,5,10,3,6,210,18,13,1.10 
2014,09,19,20:00,210,22,6,1011,16,9,9,6,7,3,210,23,12,1.52 
2014,09,18,23:00,210,59,7,1011,16,8,14,1,2,7,210,13,14,0.89 
2014,09,17,21:00,250,210,6,1011,16,12,6,9,10,3,210,14,17,0.82 
2014,09,17,18:00,210,49,6,997,16,11,12,3,4,8,210,17,15,1.06 
2014,09,17,18:00,49,210,7,997,7,16,4,11,3,5,210,18,12,1.25 
2014,09,16,21:00,1149,210,0,1027,10,16,4,11,6,5,210,18,17,0.88 
2014,09,16,20:55,210,1149,5,1027,16,10,10,5,6,5,210,20,14,1.13 
2014,09,10,21:10,8,210,7,1011,14,16,12,3,2,13,210,18,20,0.91 
2014,09,09,20:30,250,210,6,1030,7,16,5,10,2,6,210,17,11,1.27 
2014,09,09,20:30,210,250,1,1030,16,0,15,0,1,0,210,12,2,1.41 
2014,09,09,18:00,210,214,0,1030,16,6,10,5,6,1,210,25,11,1.65 
2014,09,09,18:00,214,210,1,1030,1,16,1,14,0,2,210,8,9,0.81 
2014,09,08,18:30,210,8,6,1031,16,7,13,2,3,5,210,10,12,0.85 
2014,09,08,18:30,210,8,0,1031,16,3,12,3,4,0,210,23,12,1.62 
2014,09,08,18:30,8,210,7,1031,14,16,12,3,2,13,210,25,16,1.22 
2014,09,04,21:00,210,52,6,1011,16,10,10,5,6,5,210,14,16,0.79 
2014,09,03,20:00,210,711,6,1011,16,12,9,6,7,6,210,17,14,1.02 
2014,08,31,23:01,210,215,1,1034,16,14,8,7,8,7,210,20,20,0.98 
2014,08,31,18:00,215,210,2,1034,16,11,13,2,3,9,210,15,18,0.89 
2014,08,31,18:00,215,210,6,1034,3,16,2,13,1,3,210,22,9,1.79 
2014,08,31,18:00,215,210,0,1034,19,17,13,2,2,13,210,30,22,1.30 
2014,08,30,18:00,215,210,6,1034,6,16,6,9,0,7,210,20,11,1.54 
2014,08,30,18:00,215,210,0,1034,11,16,8,7,3,9,210,19,17,0.97 
2014,08,30,11:15,210,854,0,1034,16,2,13,2,3,0,210,21,6,1.91 
2014,08,30,11:15,210,854,1,1034,16,4,11,4,5,0,210,16,8,1.33 
2014,08,28,21:15,214,210,1,1036,16,12,9,6,7,6,210,11,19,0.65 
2014,08,28,21:15,214,210,7,1036,16,9,9,6,7,3,210,19,19,0.95 
2014,08,28,21:15,210,214,0,1036,16,5,13,2,3,3,210,12,13,0.84 
2014,08,17,16:00,210,250,6,1043,13,16,9,6,4,10,210,10,20,0.56 
2014,08,17,16:00,210,250,7,1043,16,8,11,4,5,4,210,19,12,1.34 
2014,08,17,16:00,210,250,14,1043,11,16,11,4,0,12,210,19,19,1.02 
2014,08,17,09:20,22,210,4,1043,14,16,11,4,3,12,210,29,19,1.46 
2014,08,17,09:20,210,22,1,1043,16,11,9,6,7,5,210,17,11,1.20 
2014,08,16,09:25,215,210,5,1043,14,16,5,10,9,6,210,27,20,1.20 
2014,08,16,09:25,215,210,1,1043,16,7,12,3,4,4,210,11,21,0.51 
2014,08,16,09:25,215,210,6,1043,11,16,9,6,2,10,210,23,17,1.25 
2014,08,15,15:55,8,210,4,1043,16,19,10,5,5,10,210,26,24,1.03 
2014,08,14,15:00,210,1152,14,1043,16,7,9,6,7,1,210,12,16,0.76 
2014,08,11,22:25,1219,210,0,1044,9,16,7,8,2,8,210,20,17,1.18 
2014,08,11,20:00,210,841,2,1044,16,5,10,5,6,0,210,22,11,1.54 
2014,08,11,20:00,210,743,1,1044,16,1,14,1,2,0,210,20,4,2.15 
2014,08,09,19:00,944,210,0,1044,6,16,3,12,3,4,210,16,12,1.11 
2014,08,03,16:30,711,210,1,1046,16,12,10,5,6,7,210,17,19,0.94 
2014,08,03,16:30,210,711,6,1046,16,8,9,6,7,2,210,16,15,1.03 
2014,08,03,16:30,711,210,0,1046,16,4,12,3,4,1,210,9,19,0.56 
2014,08,03,11:30,210,214,6,1046,19,17,13,2,2,13,210,26,20,1.30 
2014,08,03,11:30,214,210,1,1046,16,10,8,7,8,3,210,15,22,0.74 
2014,08,03,11:30,210,214,0,1046,16,12,13,2,3,10,210,32,16,1.66 
2014,08,02,23:45,210,315,6,1046,16,12,13,2,3,10,210,22,16,1.28 
2014,08,02,20:50,776,210,7,1046,6,16,6,9,0,7,210,22,8,1.57 
2014,08,02,15:30,250,210,1,1046,14,16,9,6,5,10,210,17,20,0.86 
2014,08,02,14:10,210,52,6,1046,16,6,14,1,2,5,210,11,12,1.03 
2014,08,02,11:15,1152,210,1,1046,15,15,8,7,7,8,210,25,16,1.31 
2014,07,31,20:15,1219,210,7,1048,11,16,8,7,3,9,210,17,18,0.86 
2014,07,31,18:00,210,936,0,1048,16,1,14,1,2,0,210,18,5,1.73 
2014,07,29,20:00,210,215,0,1044,14,16,7,8,7,8,210,17,23,0.74 
2014,07,29,19:00,210,722,0,1044,14,16,10,5,4,11,210,22,19,1.12 
2014,07,25,19:00,8,210,6,1044,15,15,8,7,7,8,210,15,18,0.84 
2014,07,25,18:00,52,210,0,1044,5,16,5,10,0,6,210,23,12,1.57 
2014,07,17,22:00,210,314,1,1044,16,9,8,7,8,2,210,11,15,0.72 
2014,07,17,22:00,214,210,2,1044,9,16,4,11,5,5,210,27,13,1.55 
2014,07,16,18:00,210,301,0,1053,11,16,10,5,1,11,210,17,19,0.89 
2014,07,16,18:00,210,301,6,1053,19,17,8,7,7,8,210,25,21,1.10 
2014,07,16,18:00,301,210,1,1053,16,7,12,3,4,4,210,17,17,1.03 
2014,07,15,22:10,210,59,0,1044,15,15,5,10,10,5,210,19,21,0.89 
2014,07,15,21:00,711,210,6,1044,14,16,10,5,4,11,210,19,19,0.94 
2014,07,14,20:30,210,301,6,1044,16,10,10,5,6,5,210,28,14,1.59 
2014,07,09,18:00,1218,210,6,1044,4,16,4,11,0,5,210,18,11,1.21 
2014,05,27,22:00,711,1242,1,1064,16,7,12,3,4,4,1242,7,21,0.35 
2014,05,27,21:00,8,1242,7,1064,16,8,9,6,7,2,1242,14,21,0.71 
2014,05,27,19:00,1242,1244,0,1063,16,2,13,2,3,0,1242,18,6,1.57 
2014,05,27,19:00,1244,1242,1,1063,10,16,4,11,6,5,1242,12,12,0.85 
2014,05,27,19:00,1244,1242,6,1063,16,6,10,5,6,1,1242,14,18,0.73 
2014,05,22,20:30,8,1045,1,1064,6,16,5,10,1,6,1045,22,11,1.51 
2014,05,21,22:00,1045,711,0,1064,12,16,10,5,2,11,1045,26,21,1.15 
2014,05,20,22:30,1242,1258,2,1063,16,6,13,2,3,4,1242,21,10,1.51 
2014,05,20,22:30,1258,1242,5,1063,12,16,8,7,4,9,1242,19,19,1.10 
2014,05,20,22:30,1244,1242,0,1063,16,13,10,5,6,8,1242,26,22,1.08 
2014,05,20,22:30,1244,1242,1,1063,26,23,7,8,8,7,1242,35,39,0.94 
2014,05,15,20:25,1001,1045,0,1064,11,16,9,6,2,10,1045,19,18,0.97 
2014,05,14,22:30,22,1045,0,1064,8,16,8,7,0,9,1045,23,12,1.60 
2014,05,08,21:00,301,1045,0,1064,16,9,13,2,3,7,1045,21,22,0.99 
2014,05,07,21:00,1045,250,7,1064,16,13,9,6,7,7,1045,21,18,1.03 
2014,04,30,19:00,210,1045,0,1064,16,7,9,6,7,1,1045,15,18,0.80 
2014,04,28,18:00,250,1045,1,1072,16,13,9,6,7,7,1045,21,22,1.08 
2014,04,28,18:00,1045,250,2,1072,13,16,9,6,4,10,1045,18,21,0.95 
2014,04,27,22:20,1045,8,6,1073,16,11,10,5,6,6,1045,20,17,1.16 
2014,04,27,20:25,314,1045,0,1073,7,16,7,8,0,8,1045,17,12,1.13 
2014,04,19,10:00,8,1045,0,1076,16,9,11,4,5,5,1045,18,18,0.95 
2014,04,19,10:00,1045,8,5,1076,13,16,8,7,5,9,1045,20,20,1.01 
2014,04,18,21:00,1045,945,0,1076,22,19,5,10,10,5,1045,31,27,1.14 
2014,04,18,21:00,1045,945,1,1076,16,4,11,4,5,0,1045,9,12,0.82 
2014,04,18,17:00,1045,1269,2,1076,16,10,8,7,8,3,1045,18,18,0.97 
2014,04,18,17:00,1045,1269,6,1076,16,1,14,1,2,0,1045,20,6,1.90 
2014,03,27,18:15,1045,210,1,1080,8,16,2,13,6,3,1045,15,17,0.86 
2014,03,26,22:00,250,1045,2,1081,16,13,12,3,4,10,1045,23,19,1.14 
2014,03,26,22:00,1045,250,1,1081,5,16,4,11,1,5,1045,6,18,0.36 
2014,03,26,22:00,1045,250,8,1081,16,4,12,3,4,1,1045,17,7,1.41 
2014,03,26,20:00,945,1045,0,1081,24,26,7,8,8,7,1045,45,37,1.18 
2014,03,22,21:30,1045,215,0,1080,16,8,8,7,8,1,1045,13,16,0.80 
2014,03,21,21:15,301,1045,1,1080,16,12,9,6,7,6,1045,21,18,1.04 
2014,03,21,21:15,301,1045,6,1080,16,10,8,7,8,3,1045,19,17,1.05 
2014,03,15,19:00,1045,8,2,1082,7,16,7,8,0,8,1045,14,19,0.73 
2014,03,15,19:00,1045,8,0,1082,19,17,11,4,4,11,1045,28,27,1.19 
2014,03,15,19:00,8,1045,6,1082,16,8,11,4,5,4,1045,9,19,0.53 
2014,03,15,13:00,210,1045,2,1082,14,16,8,7,6,9,1045,21,22,1.00 
2014,03,15,13:00,210,1045,0,1082,12,16,9,6,3,10,1045,28,19,1.39 
2014,03,15,13:00,1045,210,6,1082,11,16,8,7,3,9,1045,10,21,0.53 
2014,03,13,23:30,116,1045,1,1082,11,16,4,11,7,5,1045,28,15,1.55 
2014,03,13,22:15,1045,215,6,1082,16,8,10,5,6,3,1045,18,15,1.30 
2014,03,10,20:15,8,1045,2,1080,20,22,5,10,10,5,1045,20,28,0.77 
2014,03,10,18:15,1045,1264,2,1080,16,3,12,3,4,0,1045,15,4,1.40 
2014,03,05,22:00,1045,1244,0,1079,13,16,12,3,1,13,1045,22,21,1.07 
2014,03,05,22:00,1244,1045,6,1079,16,6,10,5,6,1,1045,10,16,0.73 
2014,03,04,21:00,214,1045,6,1079,16,9,12,3,4,6,1045,3,10,0.58 
2014,03,04,21:00,214,1045,1,1079,16,1,14,1,2,0,1045,7,17,0.38 
2014,02,17,18:00,1106,1045,6,1079,13,16,9,6,4,10,1045,13,15,0.91 
2014,02,17,18:00,1045,1106,1,1079,16,5,11,4,5,1,1045,19,7,1.55 
2013,12,19,21:40,210,1045,7,1097,24,26,4,11,11,4,1045,35,37,0.95 
2013,12,19,21:40,210,1045,6,1097,13,16,9,6,4,10,1045,22,15,1.27 
2013,12,19,21:40,1045,210,0,1097,19,21,9,6,6,9,1045,43,29,1.56 
2013,12,19,19:00,545,1045,6,1097,12,16,4,11,8,5,1045,19,17,1.01 
2013,12,19,18:00,1315,1045,1,1097,4,16,3,12,1,4,1045,16,8,1.27 
2013,12,14,19:30,250,1045,1,1102,16,13,9,6,7,7,1045,23,21,1.13 
2013,12,14,19:30,1045,250,0,1102,17,19,11,4,4,11,1045,28,25,1.16 
2013,12,14,19:30,1045,250,6,1102,16,14,11,4,5,10,1045,10,21,0.56 
2013,12,14,11:30,53,1045,1,1102,5,16,5,10,0,6,1045,21,9,1.63 
2013,12,14,11:30,53,1045,6,1102,3,16,3,12,0,4,1045,18,7,1.61 
2013,12,13,20:50,1045,1244,0,1103,13,16,3,12,10,4,1045,26,17,1.27 
2013,12,13,20:50,1045,1244,6,1103,14,16,8,7,6,9,1045,24,24,1.04 
2013,12,12,18:15,1311,1045,1,1103,8,16,3,12,5,4,1045,18,10,1.34 
2013,12,12,18:15,1311,1045,6,1103,9,16,9,6,0,10,1045,18,18,0.95 
2013,12,12,18:15,1045,1311,0,1103,14,16,11,4,3,12,1045,17,22,0.77 
2013,12,09,21:00,1045,49,6,1104,16,4,14,1,2,3,1045,21,8,1.86 
2013,12,09,19:15,1322,1045,2,1104,14,16,8,7,6,9,1045,16,21,0.71 
2013,12,08,18:00,1045,1069,2,1104,16,7,12,3,4,4,1045,17,12,1.23 
2013,12,07,20:00,1045,1323,0,1104,16,5,13,2,3,3,1045,11,11,0.85 
2013,12,03,23:15,1045,1325,0,1103,16,9,8,7,8,2,1045,20,15,1.30 
2013,12,03,20:45,1045,1244,6,1103,13,16,6,9,7,7,1045,17,23,0.78 
2013,12,03,20:15,215,1045,0,1104,15,15,12,3,3,12,1045,23,21,1.14 
2013,12,03,18:45,1045,214,0,1103,16,13,8,7,8,6,1045,18,21,0.92 
2013,11,28,22:45,1045,250,6,1105,7,16,4,11,3,5,1045,6,17,0.48 
2013,11,28,22:45,1045,250,2,1105,9,16,9,6,0,10,1045,11,16,0.71 
2013,11,28,22:45,1045,250,1,1105,16,14,4,11,12,3,1045,19,21,0.85 
2013,11,28,14:20,1045,1244,6,1105,16,2,13,2,3,0,1045,14,7,1.50 
2013,11,28,12:15,1045,215,0,1105,16,13,9,6,7,7,1045,22,19,1.22 
2013,11,28,10:00,1244,1045,1,1105,16,14,8,7,8,7,1045,16,19,0.86 
2013,11,25,20:00,722,1045,1,1104,7,16,6,9,1,7,1045,18,12,1.15 
2013,11,13,21:10,1045,275,6,1104,16,11,10,5,6,6,1045,19,12,1.21 
2013,11,12,23:00,1045,287,1,1104,16,11,6,9,10,2,1045,16,16,0.91 
2013,11,12,22:00,1045,1244,6,1104,12,16,7,8,5,8,1045,20,19,1.05 
2013,11,12,21:00,214,1045,7,1104,16,14,9,6,7,8,1045,22,22,1.02 
2013,11,12,20:00,1311,1045,1,1104,16,4,11,4,5,0,1045,6,16,0.41 
2013,11,12,19:00,844,1045,1,1104,8,16,3,12,5,4,1045,14,12,1.02 
2013,11,01,17:50,1338,1045,6,1110,1,16,1,14,0,2,1045,21,3,2.11 
2013,11,01,16:30,1045,116,6,1110,14,16,8,7,6,9,1045,21,21,0.98 
2013,11,01,14:30,1244,1045,1,1110,16,12,8,7,8,5,1045,12,16,0.75 
2013,10,15,19:49,1045,1344,9,1114,16,0,15,0,1,0,1045,16,4,1.59 
2013,09,20,20:00,1317,1045,11,1117,19,16,6,9,9,6,1045,16,26,0.69 
2013,09,20,20:00,1317,1045,9,1117,10,16,6,9,4,7,1045,15,16,0.95 
2013,09,20,20:00,1045,1317,13,1117,9,16,8,7,1,9,1045,15,18,0.82 
2013,08,30,21:00,1045,1311,11,1117,16,5,12,3,4,2,1045,20,10,1.47 
2013,08,29,23:00,1045,841,10,1117,14,16,4,11,10,5,1045,18,19,0.92 
2013,08,28,22:00,1045,250,9,1117,14,16,8,7,6,9,1045,19,22,0.88 
2013,08,28,21:00,1045,384,11,1117,16,14,10,5,6,9,1045,23,17,1.15 
2013,08,26,20:00,1045,1312,10,1117,11,16,6,9,5,7,1045,16,20,0.84 
2013,08,24,18:30,1045,323,9,1128,16,8,7,8,9,0,1045,24,11,1.69 
2013,08,24,18:30,1045,323,11,1128,16,14,11,4,5,10,1045,26,19,1.26 
2013,08,08,18:40,1312,158,12,1134,16,11,8,7,8,4,158,21,22,1.06 
