2016,07,30,04:00,8,214,7,502,16,10,6,9,10,1,214,18,20,0.90 
2016,07,30,04:00,214,8,2,502,7,16,6,9,1,7,214,15,19,0.96 
2016,07,22,23:00,214,253,1,502,16,12,7,8,9,4,214,22,16,1.23 
2016,07,22,23:00,253,214,0,502,2,16,2,13,0,3,214,10,11,1.01 
2016,07,16,04:00,214,285,7,502,19,17,6,9,9,6,214,17,28,0.70 
2016,07,16,04:00,285,214,1,502,3,16,2,13,1,3,214,15,9,1.39 
2016,07,16,04:00,285,214,2,502,16,9,9,6,7,3,214,12,19,0.71 
2016,07,14,20:00,214,292,4,502,19,17,10,5,5,10,214,13,28,0.53 
2016,07,14,20:00,292,214,7,502,25,22,4,11,11,4,214,32,36,0.86 
2016,07,14,20:00,214,292,1,502,16,9,11,4,5,5,214,20,13,1.34 
2016,07,07,19:00,303,214,0,523,16,6,11,4,5,2,214,10,20,0.53 
2016,07,07,19:00,303,214,14,523,16,11,9,6,7,5,214,13,21,0.61 
2016,07,06,17:25,214,258,2,523,16,12,8,7,8,5,214,19,18,1.09 
2016,07,05,17:15,8,214,2,523,16,10,7,8,9,2,214,12,24,0.54 
2016,06,23,22:30,214,13,7,502,9,16,4,11,5,5,214,13,21,0.63 
2016,06,23,22:30,13,214,4,502,16,9,13,2,3,7,214,10,21,0.49 
2016,06,22,19:20,38,214,2,502,13,16,11,4,2,12,214,16,24,0.66 
2016,06,22,18:00,214,38,14,502,16,12,11,4,5,8,214,22,20,1.22 
2016,06,22,00:00,214,215,14,502,6,16,3,12,3,4,214,13,19,0.87 
2016,06,21,23:05,215,214,0,502,6,16,5,10,1,6,214,21,12,1.51 
2016,06,21,21:55,13,214,14,502,16,6,10,5,6,1,214,8,18,0.53 
2016,06,21,20:20,214,13,2,502,19,16,6,9,9,6,214,27,25,1.04 
2016,06,11,20:15,214,292,1,552,16,1,14,1,2,0,214,27,8,2.34 
2016,06,10,20:15,214,257,0,552,16,12,11,4,5,8,214,22,16,1.25 
2016,06,09,16:55,365,214,1,552,16,19,8,7,7,8,214,24,23,1.07 
2016,05,27,18:00,214,250,1,563,9,16,5,10,4,6,214,11,17,0.68 
2016,05,27,18:00,214,250,14,563,8,16,6,9,2,7,214,8,20,0.46 
2016,05,26,15:15,214,210,1,563,17,19,6,9,9,6,214,32,23,1.30 
2016,05,26,15:15,214,210,14,563,17,19,5,10,10,5,214,12,29,0.47 
2016,05,25,14:10,285,214,2,563,10,16,4,11,6,5,214,14,14,1.03 
2016,05,25,14:10,285,214,1,563,16,11,14,1,2,10,214,22,18,1.21 
2016,05,25,14:10,285,214,0,563,13,16,10,5,3,11,214,14,20,0.76 
2016,05,23,18:00,214,250,1,563,10,16,4,11,6,5,214,16,21,0.74 
2016,05,23,18:00,214,250,14,563,8,16,4,11,4,5,214,9,22,0.45 
2016,05,22,19:30,22,214,2,563,8,16,6,9,2,7,214,18,14,1.09 
2016,05,22,19:30,214,22,0,563,3,16,3,12,0,4,214,10,15,0.64 
2016,05,22,19:30,22,214,1,563,3,16,3,12,0,4,214,29,7,2.40 
2016,05,19,21:00,214,210,2,563,5,16,4,11,1,5,214,11,19,0.63 
2016,05,19,21:00,210,214,7,563,16,13,9,6,7,7,214,16,23,0.71 
2016,05,11,21:00,214,258,1,563,16,14,8,7,8,7,214,23,19,1.13 
2016,05,11,21:00,214,258,6,563,16,11,11,4,5,7,214,26,19,1.30 
2016,05,11,21:00,214,258,0,563,5,16,1,14,4,2,214,15,13,1.07 
2016,05,05,21:00,214,292,1,563,11,16,7,8,4,8,214,13,20,0.72 
2016,05,05,21:00,214,292,14,563,8,16,6,9,2,7,214,13,21,0.63 
2016,05,05,21:00,214,292,7,563,16,14,8,7,8,7,214,27,23,1.15 
2016,04,29,21:00,214,285,6,563,16,14,11,4,5,10,214,18,20,0.89 
2016,04,29,21:00,214,285,7,563,16,2,13,2,3,0,214,17,11,1.20 
2016,04,27,20:15,214,425,7,596,20,22,6,9,9,6,214,29,31,1.00 
2016,04,27,20:15,425,214,2,596,16,14,6,9,10,5,214,26,23,1.11 
2016,04,27,20:15,425,214,0,596,11,16,8,7,3,9,214,31,17,1.69 
2016,04,26,20:00,215,214,7,598,10,16,10,5,0,11,214,15,19,0.77 
2016,04,26,19:00,215,214,1,598,16,10,10,5,6,5,214,6,18,0.47 
2016,04,24,16:00,8,214,2,563,13,16,9,6,4,10,214,27,18,1.49 
2016,04,24,16:00,214,8,7,563,16,4,12,3,4,1,214,14,17,0.85 
2016,04,21,22:00,8,214,2,598,19,15,6,9,9,6,214,17,26,0.70 
2016,04,21,21:15,8,214,7,598,5,16,2,13,3,3,214,20,14,1.23 
2016,04,19,19:30,214,258,7,598,16,8,8,7,8,1,214,27,16,1.60 
2016,04,19,18:00,214,258,6,598,22,19,9,6,6,9,214,27,30,0.92 
2016,04,16,17:00,214,9,0,608,13,16,7,8,6,8,214,17,23,0.82 
2016,04,16,17:00,9,214,6,608,16,10,8,7,8,3,214,19,20,1.00 
2016,04,16,17:00,214,9,7,608,16,7,8,7,8,0,214,8,15,0.60 
2016,04,13,17:00,214,70,7,608,16,7,11,4,5,3,214,15,11,1.17 
2016,04,12,12:30,214,303,1,608,16,13,7,8,9,5,214,21,20,0.98 
2016,04,10,13:00,214,253,0,563,3,16,2,13,1,3,214,7,18,0.38 
2016,04,10,13:00,214,253,2,563,13,16,6,9,7,7,214,14,23,0.65 
2016,04,10,13:00,214,253,1,563,16,5,10,5,6,0,214,20,11,1.57 
2016,04,08,18:00,214,59,2,614,16,9,12,3,4,6,214,17,15,1.15 
2016,04,08,18:00,214,59,1,614,16,8,10,5,6,3,214,13,13,1.02 
2016,04,08,18:00,59,214,6,614,16,11,10,5,6,6,214,10,22,0.55 
2016,04,08,18:00,214,59,7,614,19,17,4,11,11,4,214,19,27,0.71 
2016,04,08,18:00,59,214,14,614,16,14,13,2,3,12,214,14,23,0.62 
2016,03,31,16:00,250,214,4,615,16,9,9,6,7,3,214,20,17,1.07 
2016,03,31,16:00,214,250,7,615,16,12,8,7,8,5,214,21,22,0.95 
2016,03,31,16:00,214,250,14,615,5,16,4,11,1,5,214,8,16,0.62 
2016,03,30,16:00,13,214,14,615,28,31,12,3,3,12,214,36,50,0.75 
2016,03,29,18:00,70,214,0,615,16,13,10,5,6,8,214,17,16,0.96 
2016,03,22,23:45,214,22,6,598,10,16,5,10,5,6,214,14,19,0.67 
2016,03,22,22:30,214,22,14,598,16,19,4,11,11,4,214,14,25,0.67 
2016,03,20,20:15,214,13,14,598,13,16,8,7,5,9,214,25,19,1.18 
2016,03,20,19:00,214,13,4,598,12,16,9,6,3,10,214,7,20,0.46 
2016,03,19,20:15,285,214,1,598,13,16,6,9,7,7,214,19,19,0.91 
2016,03,19,19:00,214,285,7,598,16,14,3,12,13,2,214,11,23,0.57 
2016,03,17,23:15,302,214,14,598,16,11,8,7,8,4,214,10,22,0.48 
2016,03,17,22:00,302,214,0,598,8,16,6,9,2,7,214,14,15,0.87 
2016,03,14,20:30,214,292,7,625,16,13,11,4,5,9,214,20,19,0.92 
2016,03,14,20:30,214,292,1,625,16,14,3,12,13,2,214,9,23,0.50 
2016,03,14,20:30,292,214,6,625,19,16,7,8,8,7,214,17,27,0.66 
2016,03,14,00:15,214,210,1,598,19,17,3,12,12,3,214,15,27,0.63 
2016,03,13,23:00,210,214,7,598,16,4,11,4,5,0,214,6,17,0.46 
2016,03,13,16:45,598,214,1,625,3,16,3,12,0,4,214,18,9,1.59 
2016,03,13,16:45,214,598,14,625,16,7,13,2,3,5,214,15,17,0.88 
2016,03,13,13:15,26,214,0,625,9,16,4,11,5,5,214,20,18,1.04 
2016,03,13,13:15,26,214,7,625,8,16,8,7,0,9,214,20,16,1.26 
2016,03,08,21:15,253,214,1,598,16,4,11,4,5,0,214,5,17,0.33 
2016,03,08,20:00,253,214,0,598,16,12,7,8,9,4,214,19,18,1.00 
2016,03,02,21:20,214,210,1,637,17,19,5,10,10,5,214,26,27,0.95 
2016,03,02,20:00,214,70,14,637,14,16,7,8,7,8,214,16,24,0.72 
2016,03,02,17:20,214,215,14,637,6,16,3,12,3,4,214,11,19,0.53 
2016,03,02,14:40,214,150,1,637,16,7,10,5,6,2,214,19,14,1.24 
2016,03,02,13:20,214,250,0,637,16,8,10,5,6,3,214,13,16,0.82 
2016,02,26,23:30,59,214,0,639,15,19,9,6,6,9,214,27,22,1.16 
2016,02,26,19:00,214,537,14,639,16,1,14,1,2,0,214,10,9,0.94 
2016,02,24,01:30,250,214,4,598,16,14,10,5,6,9,214,23,19,1.13 
2016,02,23,23:50,250,214,7,598,19,15,7,8,8,7,214,14,26,0.55 
2016,02,23,20:15,292,214,4,598,10,16,6,9,4,7,214,24,15,1.34 
2016,02,23,19:10,292,214,1,598,16,13,7,8,9,5,214,19,22,1.00 
2016,02,14,19:00,13,214,4,654,9,16,8,7,1,9,214,7,18,0.46 
2016,02,14,19:00,214,13,7,654,16,6,11,4,5,2,214,16,13,1.15 
2016,02,13,22:30,13,214,14,654,11,16,6,9,5,7,214,15,21,0.86 
2016,02,13,22:30,214,13,0,654,16,5,12,3,4,2,214,12,13,0.90 
2016,02,12,22:30,214,472,14,654,16,13,11,4,5,9,214,21,20,1.04 
2016,02,12,22:30,214,472,7,654,16,5,11,4,5,1,214,12,15,0.77 
2016,02,11,19:00,214,647,14,654,16,13,8,7,8,6,214,27,20,1.41 
2016,02,11,19:00,214,647,1,654,21,18,5,10,10,5,214,21,27,0.81 
2016,02,06,19:55,544,196,7,661,6,16,5,10,1,6,196,20,13,1.46 
2016,02,06,19:55,196,544,1,661,16,6,9,6,7,0,196,20,15,1.28 
2016,02,06,14:00,196,690,1,661,16,7,9,6,7,1,196,21,15,1.32 
2016,02,06,14:00,196,690,0,661,16,10,9,6,7,4,196,22,18,1.23 
2016,01,31,18:00,214,22,14,657,3,16,3,12,0,4,214,13,18,0.77 
2016,01,31,18:00,214,22,7,657,9,16,6,9,3,7,214,23,20,1.19 
2016,01,23,15:00,22,214,0,667,16,13,6,9,10,4,214,14,20,0.74 
2016,01,23,15:00,214,22,14,667,4,16,3,12,1,4,214,10,18,0.64 
2016,01,22,17:00,253,214,0,667,22,19,10,5,5,10,214,29,30,1.01 
2016,01,22,14:00,214,8,1,667,16,5,10,5,6,0,214,18,7,1.45 
2016,01,14,21:00,214,49,4,654,11,16,11,4,0,12,214,17,20,0.87 
2016,01,14,21:00,49,214,7,654,12,16,7,8,5,8,214,14,16,0.85 
2015,12,16,21:00,214,439,1,695,13,16,11,4,2,12,214,22,20,1.17 
2015,12,16,21:00,439,214,0,695,16,1,14,1,2,0,214,8,16,0.58 
2015,12,15,21:00,214,147,14,654,16,10,9,6,7,4,214,23,17,1.11 
2015,12,15,21:00,214,147,0,654,21,19,7,8,8,7,214,22,31,0.70 
2015,12,13,21:00,59,214,6,654,14,16,11,4,3,12,214,18,19,0.94 
2015,12,13,21:00,59,214,0,654,21,18,3,12,12,3,214,25,24,1.00 
2015,12,03,20:00,439,214,7,654,15,21,5,10,10,5,214,25,29,0.84 
2015,12,03,20:00,214,439,0,654,21,19,11,4,4,11,214,29,31,1.09 
2015,12,03,18:00,647,214,0,654,6,16,3,12,3,4,214,19,11,1.39 
2015,12,03,18:00,214,647,1,654,14,16,7,8,7,8,214,18,23,0.79 
2015,11,17,22:00,258,214,7,740,16,12,6,9,10,3,214,15,24,0.63 
2015,11,17,21:00,59,214,2,740,16,13,9,6,7,7,214,19,22,0.94 
2015,11,17,20:00,214,270,7,740,7,16,4,11,3,5,214,10,21,0.56 
2015,11,16,18:00,214,8,1,740,13,16,5,10,8,6,214,15,19,0.81 
2015,11,12,22:00,302,214,2,740,16,0,15,0,1,0,214,6,16,0.42 
2015,11,11,22:00,210,214,4,740,9,16,7,8,2,8,214,24,18,1.36 
2015,11,11,21:00,214,8,6,740,16,2,13,2,3,0,214,19,11,1.42 
2015,11,11,20:00,196,214,4,740,13,16,8,7,5,9,214,20,22,0.93 
2015,11,11,19:00,250,214,0,740,8,16,4,11,4,5,214,26,15,1.60 
2015,11,08,23:35,214,8,14,758,4,16,3,12,1,4,214,8,17,0.51 
2015,11,08,23:35,8,214,0,758,16,8,13,2,3,6,214,10,20,0.53 
2015,11,08,23:35,214,8,6,758,8,16,4,11,4,5,214,9,22,0.38 
2015,11,08,18:30,214,738,7,758,16,11,12,3,4,8,214,16,18,0.81 
2015,11,08,18:30,738,214,4,758,16,8,10,5,6,3,214,14,17,0.87 
2015,11,08,18:30,214,738,6,758,16,11,11,4,5,7,214,23,18,1.20 
2015,11,07,17:50,70,214,0,758,7,16,4,11,3,5,214,20,11,1.35 
2015,11,07,17:50,70,214,1,758,12,16,11,4,1,12,214,15,20,0.78 
2015,11,06,23:00,215,214,4,758,7,16,4,11,3,5,214,13,13,0.90 
2015,11,06,23:00,215,214,0,758,10,16,9,6,1,10,214,14,15,0.82 
2015,11,03,22:00,196,214,1,740,8,16,4,11,4,5,214,18,15,1.13 
2015,11,03,20:30,856,214,4,570,16,10,11,4,5,6,214,20,21,0.96 
2015,11,03,20:27,856,214,7,570,16,11,6,9,10,2,214,14,21,0.70 
2015,10,30,13:00,292,214,7,766,16,5,11,4,5,1,214,8,18,0.52 
2015,10,30,13:00,214,292,6,766,16,12,8,7,8,5,214,24,17,1.33 
2015,10,30,13:00,292,214,0,766,19,16,7,8,8,7,214,21,29,0.74 
2015,10,29,12:35,13,214,4,766,8,16,3,12,5,4,214,12,16,0.74 
2015,10,28,14:45,214,292,6,766,8,16,6,9,2,7,214,11,22,0.50 
2015,10,25,22:45,258,214,4,740,16,14,8,7,8,7,214,16,22,0.84 
2015,10,25,20:00,214,215,0,740,19,17,8,7,7,8,214,18,25,0.81 
2015,10,21,19:00,250,214,14,740,16,8,8,7,8,1,214,9,21,0.44 
2015,10,15,22:00,22,214,2,740,16,13,9,6,7,7,214,20,22,0.91 
2015,10,15,20:00,270,214,1,740,16,13,10,5,6,8,214,19,21,0.99 
2015,10,15,18:00,214,439,4,783,9,16,9,6,0,10,214,17,19,1.00 
2015,10,15,18:00,439,214,14,783,16,10,9,6,7,4,214,17,23,0.75 
2015,10,14,20:00,214,472,6,783,17,19,5,10,10,5,214,19,28,0.70 
2015,10,14,20:00,472,214,4,783,9,16,5,10,4,6,214,21,16,1.20 
2015,10,14,17:30,711,214,14,783,15,19,9,6,6,9,214,22,26,0.77 
2015,10,14,17:30,214,711,4,783,16,12,8,7,8,5,214,19,21,0.94 
2015,10,13,23:00,59,214,0,783,14,16,9,6,5,10,214,13,20,0.69 
2015,10,13,23:00,214,59,14,783,14,16,11,4,3,12,214,28,23,1.16 
2015,10,13,22:00,711,214,0,740,8,16,5,10,3,6,214,14,13,0.91 
2015,10,13,20:15,711,214,7,740,16,10,7,8,9,2,214,14,21,0.74 
2015,10,10,21:30,935,938,7,786,16,7,11,4,5,3,938,10,20,0.60 
2015,10,10,21:30,938,935,14,786,2,16,2,13,0,3,938,9,17,0.53 
2015,10,08,17:50,938,937,7,786,16,13,13,2,3,11,938,16,19,0.84 
2015,10,08,15:15,293,938,1,786,6,16,2,13,4,3,938,19,15,1.19 
2015,10,06,22:15,22,214,14,740,19,15,8,7,7,8,214,13,25,0.60 
2015,09,30,20:00,214,22,6,783,14,16,11,4,3,12,214,12,22,0.63 
2015,09,30,20:00,214,22,14,783,14,16,8,7,6,9,214,24,21,0.99 
2015,09,30,17:00,959,938,14,799,12,16,5,10,7,6,938,15,23,0.66 
2015,09,30,17:00,959,938,1,799,14,16,6,9,8,7,938,17,24,0.79 
2015,09,30,17:00,938,959,7,799,12,16,3,12,9,4,938,21,21,1.14 
2015,09,29,22:15,13,214,7,783,2,16,2,13,0,3,214,18,11,1.48 
2015,09,29,22:15,214,13,6,783,16,13,7,8,9,5,214,22,19,1.14 
2015,09,29,20:15,214,962,1,783,16,4,11,4,5,0,214,10,12,0.83 
2015,09,29,20:15,962,214,7,783,2,16,2,13,0,3,214,21,8,1.69 
2015,09,29,18:00,938,940,1,799,10,16,6,9,4,7,938,14,20,0.73 
2015,09,29,17:00,938,33,1,799,16,7,12,3,4,4,938,10,15,0.75 
2015,09,28,22:15,214,945,7,783,16,12,6,9,10,3,214,21,22,0.90 
2015,09,28,22:15,945,214,14,783,4,16,3,12,1,4,214,19,11,1.36 
2015,09,28,20:15,214,292,1,783,4,16,3,12,1,4,214,5,18,0.29 
2015,09,28,20:15,292,214,7,783,16,10,10,5,6,5,214,19,20,0.95 
2015,09,24,19:15,214,303,14,766,16,9,11,4,5,5,214,21,16,1.32 
2015,09,24,19:15,214,303,7,766,16,10,9,6,7,4,214,18,18,0.94 
2015,09,24,12:30,279,214,14,766,11,16,7,8,4,8,214,13,18,0.67 
2015,09,24,12:30,279,214,1,766,17,19,8,7,7,8,214,21,21,0.89 
2015,09,17,17:00,954,938,1,799,9,16,3,12,6,4,938,17,16,1.05 
2015,09,16,22:00,302,214,6,740,11,16,6,9,5,7,214,13,20,0.68 
2015,09,16,21:00,214,59,14,740,16,11,11,4,5,7,214,26,20,1.25 
2015,09,15,22:00,214,210,6,740,8,16,7,8,1,8,214,11,18,0.64 
2015,09,15,21:15,214,215,6,740,5,16,5,10,0,6,214,12,16,0.84 
2015,09,14,20:00,196,214,1,783,16,12,11,4,5,8,214,16,19,0.91 
2015,09,14,20:00,214,196,0,783,16,8,10,5,6,3,214,18,14,1.09 
2015,09,08,16:50,215,214,14,825,16,13,9,6,7,7,214,10,23,0.46 
2015,09,08,03:50,214,855,1,825,16,6,10,5,6,1,214,25,12,1.56 
2015,09,07,17:50,711,214,14,825,16,9,11,4,5,5,214,8,20,0.48 
2015,09,07,17:50,214,711,4,825,3,16,3,12,0,4,214,8,16,0.54 
2015,09,04,18:00,214,23,2,823,7,16,4,11,3,5,214,9,18,0.53 
2015,09,03,23:00,711,214,1,823,14,16,5,10,9,6,214,24,22,1.02 
2015,09,03,19:15,270,214,4,823,16,7,14,1,2,6,214,12,19,0.63 
2015,09,02,18:00,210,214,1,823,16,9,7,8,9,1,214,14,21,0.74 
2015,09,02,18:00,214,210,2,823,16,9,12,3,4,6,214,23,19,1.17 
2015,09,02,18:00,210,214,7,823,16,3,12,3,4,0,214,7,17,0.39 
2015,09,01,18:00,214,22,4,823,16,8,11,4,5,4,214,17,15,0.99 
2015,09,01,18:00,22,214,1,823,7,16,2,13,5,3,214,20,16,1.13 
2015,09,01,18:00,214,22,2,823,10,16,7,8,3,8,214,12,20,0.62 
2015,09,01,18:00,22,214,0,823,11,16,5,10,6,6,214,16,18,0.92 
2015,08,31,18:15,711,214,4,823,17,21,9,6,6,9,214,24,29,0.78 
2015,08,31,18:15,214,711,2,823,7,16,6,9,1,7,214,14,17,0.90 
2015,08,31,18:15,711,214,14,823,9,16,8,7,1,9,214,17,18,0.91 
2015,08,31,15:00,938,1018,0,799,16,14,11,4,5,10,938,15,26,0.68 
2015,08,31,15:00,1018,938,1,799,3,16,3,12,0,4,938,19,12,1.50 
2015,08,30,18:00,214,210,4,823,9,16,5,10,4,6,214,18,19,1.03 
2015,08,30,18:00,210,214,7,823,13,16,10,5,3,11,214,24,21,1.10 
2015,08,30,18:00,214,210,2,823,5,16,3,12,2,4,214,10,20,0.52 
2015,08,26,21:00,995,214,7,776,7,16,2,13,5,3,214,19,16,1.22 
2015,08,26,21:00,214,995,1,776,31,27,7,8,8,7,214,45,41,1.12 
2015,08,26,18:00,380,214,1,843,9,16,9,6,0,10,214,18,15,1.09 
2015,08,26,18:00,214,380,2,843,16,11,7,8,9,3,214,24,18,1.23 
2015,08,21,20:40,214,13,14,846,14,16,7,8,7,8,214,24,21,1.09 
2015,08,20,19:30,214,257,4,846,10,16,8,7,2,9,214,21,18,1.19 
2015,08,12,18:15,214,23,2,854,13,16,11,4,2,12,214,22,22,0.93 
2015,08,12,18:15,23,214,1,854,16,7,10,5,6,2,214,18,17,1.09 
2015,08,12,18:15,214,23,7,854,5,16,5,10,0,6,214,12,18,0.76 
2015,08,11,18:00,214,484,7,854,16,4,14,1,2,3,214,21,11,1.56 
2015,08,11,18:00,214,484,1,854,16,6,11,4,5,2,214,23,14,1.49 
2015,08,09,15:45,196,214,4,866,4,16,4,11,0,5,214,28,10,2.39 
2015,08,09,15:45,214,196,7,866,16,4,11,4,5,0,214,17,8,1.37 
2015,08,09,12:45,500,214,14,866,15,19,11,4,4,11,214,24,24,1.02 
2015,08,09,12:45,214,500,1,866,16,5,11,4,5,1,214,12,16,0.70 
2015,08,09,12:45,214,500,7,866,11,16,7,8,4,8,214,16,21,0.83 
2015,08,07,17:15,214,258,7,868,17,19,5,10,10,5,214,16,26,0.67 
2015,08,07,14:45,258,214,2,868,11,16,10,5,1,11,214,28,20,1.46 
2015,08,07,11:45,258,214,1,868,16,8,9,6,7,2,214,9,19,0.53 
2015,08,06,16:45,214,270,1,868,8,16,4,11,4,5,214,16,20,0.81 
2015,08,05,16:45,258,214,6,868,16,13,10,5,6,8,214,19,22,0.81 
2015,08,05,12:15,214,286,1,868,16,2,13,2,3,0,214,11,11,0.96 
2015,08,02,19:20,214,59,0,654,10,16,8,7,2,9,214,16,20,0.88 
2015,08,02,19:20,59,214,14,654,16,10,6,9,10,1,214,9,20,0.50 
2015,08,02,19:20,214,59,2,654,13,16,7,8,6,8,214,17,24,0.69 
2015,08,02,19:20,214,59,4,654,16,14,3,12,13,2,214,18,21,0.85 
2015,08,02,19:20,214,59,1,654,9,16,4,11,5,5,214,9,20,0.49 
2015,08,02,19:20,214,59,7,654,16,12,12,3,4,9,214,19,17,1.09 
2015,08,01,19:30,472,214,1,654,14,16,5,10,9,6,214,15,18,0.79 
2015,08,01,19:30,472,214,7,654,16,11,7,8,9,3,214,22,19,1.16 
2015,08,01,19:30,214,472,4,654,16,7,12,3,4,4,214,20,14,1.25 
2015,07,31,22:00,302,214,1,654,6,16,5,10,1,6,214,15,12,1.07 
2015,07,31,22:00,214,302,2,654,16,5,11,4,5,1,214,18,9,1.31 
2015,07,31,00:00,214,196,7,654,19,15,7,8,8,7,214,24,24,1.07 
2015,07,31,00:00,214,196,4,654,16,7,12,3,4,4,214,17,15,1.13 
2015,07,26,16:00,215,214,1,871,16,14,10,5,6,9,214,15,21,0.70 
2015,07,26,16:00,215,214,4,871,16,9,12,3,4,6,214,13,20,0.85 
2015,07,25,19:30,214,257,1,871,16,12,5,10,11,2,214,20,18,1.10 
2015,07,25,19:30,214,257,7,871,16,5,12,3,4,2,214,20,13,1.38 
2015,07,25,02:00,214,303,4,871,16,8,10,5,6,3,214,24,12,1.51 
2015,07,25,02:00,303,214,1,871,10,16,5,10,5,6,214,21,17,1.14 
2015,06,29,23:00,258,214,2,802,19,15,12,3,3,12,214,25,27,0.99 
2015,06,29,23:00,214,258,7,802,13,16,10,5,3,11,214,23,23,1.11 
2015,06,28,13:00,250,214,1,880,16,2,13,2,3,0,214,3,17,0.18 
2015,06,28,13:00,214,250,2,880,13,16,7,8,6,8,214,27,19,1.33 
2015,06,27,19:30,8,214,2,880,20,22,7,8,8,7,214,36,27,1.30 
2015,06,27,19:30,214,8,0,880,16,13,11,4,5,9,214,16,17,0.92 
2015,06,27,19:30,214,8,1,880,15,19,11,4,4,11,214,11,24,0.53 
2015,06,27,16:15,258,214,14,880,16,9,11,4,5,5,214,13,23,0.55 
2015,06,27,16:15,214,258,7,880,16,12,6,9,10,3,214,21,21,1.04 
2015,06,27,16:15,258,214,1,880,16,6,9,6,7,0,214,11,19,0.61 
2015,06,26,21:30,214,8,7,880,16,5,11,4,5,1,214,18,14,1.21 
2015,06,26,21:30,8,214,14,880,20,22,4,11,11,4,214,26,29,0.96 
2015,06,25,19:00,196,214,1,883,3,16,2,13,1,3,214,20,9,1.58 
2015,06,25,19:00,214,196,0,883,16,13,9,6,7,7,214,19,24,0.79 
2015,06,24,22:45,250,214,1,883,16,9,8,7,8,2,214,13,16,0.87 
2015,06,24,22:45,214,250,6,883,9,16,8,7,1,9,214,11,19,0.61 
2015,06,23,18:00,215,214,1,883,6,16,6,9,0,7,214,24,14,1.45 
2015,06,23,18:00,214,215,0,883,16,5,10,5,6,0,214,19,12,1.44 
2015,06,21,19:00,214,270,4,802,5,16,4,11,1,5,214,12,17,0.73 
2015,06,21,19:00,270,214,7,802,14,16,9,6,5,10,214,28,15,1.48 
2015,06,20,22:00,214,13,7,888,16,1,14,1,2,0,214,19,3,1.98 
2015,06,18,23:15,214,210,6,888,7,16,4,11,3,5,214,11,18,0.65 
2015,06,18,20:00,250,214,4,888,16,10,9,6,7,4,214,16,21,0.78 
2015,06,17,21:00,711,214,1,888,13,16,5,10,8,6,214,13,21,0.66 
2015,06,16,22:10,214,196,0,802,16,13,11,4,5,9,214,29,19,1.50 
2015,06,16,22:10,214,196,1,802,10,16,5,10,5,6,214,8,20,0.45 
2015,06,16,21:15,8,214,6,888,16,8,10,5,6,3,214,13,19,0.73 
2015,06,16,20:15,8,214,2,888,16,14,7,8,9,6,214,23,24,1.00 
2015,06,14,18:00,214,59,7,802,16,6,12,3,4,3,214,21,12,1.33 
2015,06,14,18:00,59,214,2,802,16,11,8,7,8,4,214,14,20,0.77 
2015,06,04,18:00,214,270,1,654,16,5,12,3,4,2,214,18,14,1.15 
2015,06,04,18:00,270,214,0,654,17,19,11,4,4,11,214,28,27,0.98 
2015,06,03,20:00,8,214,7,883,16,14,8,7,8,7,214,14,23,0.60 
2015,06,03,20:00,214,8,14,883,16,11,8,7,8,4,214,19,19,0.94 
2015,06,02,23:00,214,59,2,883,16,12,10,5,6,7,214,27,17,1.42 
2015,06,02,23:00,59,214,1,883,11,16,6,9,5,7,214,13,20,0.70 
2015,06,02,19:00,214,840,7,907,16,11,13,2,3,9,214,17,22,0.83 
2015,06,02,19:00,840,214,14,907,23,25,9,6,6,9,214,33,34,0.96 
2015,06,02,19:00,214,840,1,907,17,19,10,5,5,10,214,20,25,0.78 
2015,05,31,20:15,214,59,4,908,8,16,5,10,3,6,214,10,19,0.57 
2015,05,31,20:15,214,59,1,908,13,16,11,4,2,12,214,21,19,0.97 
2015,05,28,22:15,214,1050,0,883,16,13,11,4,5,9,214,28,22,1.22 
2015,05,28,22:15,214,1050,1,883,16,9,11,4,5,5,214,13,16,0.80 
2015,05,28,20:00,270,214,14,888,13,16,7,8,6,8,214,15,18,0.76 
2015,05,28,19:00,215,214,2,888,16,4,11,4,5,0,214,4,16,0.33 
2015,05,27,22:30,214,215,7,888,14,16,7,8,7,8,214,13,25,0.58 
2015,05,27,20:00,214,59,1,888,9,16,6,9,3,7,214,17,18,0.89 
2015,05,26,21:45,214,1054,14,654,16,12,9,6,7,6,214,16,21,0.76 
2015,05,26,21:45,214,1054,7,654,16,14,7,8,9,6,214,26,21,1.18 
2015,05,26,20:00,214,250,0,888,10,16,8,7,2,9,214,10,23,0.44 
2015,05,26,19:00,22,214,4,888,16,9,11,4,5,5,214,20,19,1.03 
2015,05,25,21:00,196,214,14,888,2,16,2,13,0,3,214,17,6,1.62 
2015,05,25,19:15,749,214,14,908,8,16,3,12,5,4,214,17,17,1.05 
2015,05,25,19:15,749,214,4,908,10,16,9,6,1,10,214,26,16,1.38 
2015,05,24,22:00,1062,214,4,654,3,16,3,12,0,4,214,9,12,0.73 
2015,05,24,22:00,1062,214,0,654,11,16,7,8,4,8,214,13,22,0.60 
2015,05,24,22:00,1062,214,1,654,16,13,7,8,9,5,214,20,23,0.92 
2015,05,19,22:30,214,711,2,888,16,8,10,5,6,3,214,15,10,1.07 
2015,05,19,20:00,214,258,0,888,16,10,6,9,10,1,214,22,17,1.17 
2015,05,19,18:00,214,292,7,918,16,10,13,2,3,8,214,18,20,0.83 
2015,05,19,18:00,292,214,2,918,14,16,12,3,2,13,214,33,21,1.43 
2015,05,18,22:15,214,1045,7,883,16,10,11,4,5,6,214,20,18,1.03 
2015,05,18,22:15,1045,214,0,883,16,8,10,5,6,3,214,13,20,0.64 
2015,05,18,20:20,214,13,4,888,10,16,7,8,3,8,214,18,22,0.95 
2015,05,15,18:00,214,1054,6,918,25,23,5,10,10,5,214,39,36,1.11 
2015,05,15,18:00,214,1054,4,918,16,6,13,2,3,4,214,14,13,0.97 
2015,05,14,21:00,214,517,0,883,16,5,13,2,3,3,214,18,12,1.31 
2015,05,14,21:00,517,214,4,883,10,16,6,9,4,7,214,22,15,1.43 
2015,05,13,21:00,214,196,6,924,16,7,10,5,6,2,214,18,14,1.12 
2015,05,13,21:00,196,214,1,924,13,16,8,7,5,9,214,15,21,0.74 
2015,05,13,18:00,841,214,4,924,5,16,5,10,0,6,214,21,13,1.37 
2015,05,13,18:00,841,214,14,924,6,16,3,12,3,4,214,22,9,1.61 
2015,05,12,20:00,214,711,14,883,9,16,7,8,2,8,214,14,21,0.62 
2015,05,12,20:00,711,214,4,883,11,16,10,5,1,11,214,18,17,0.97 
2015,05,11,22:00,214,270,14,888,10,16,10,5,0,11,214,11,20,0.58 
2015,05,11,20:00,214,945,7,918,16,6,10,5,6,1,214,29,13,2.04 
2015,05,11,20:00,945,214,14,918,12,16,10,5,2,11,214,20,22,0.92 
2015,05,07,22:30,214,59,1,888,16,12,5,10,11,2,214,15,22,0.79 
2015,05,06,20:00,210,214,6,888,16,6,9,6,7,0,214,7,18,0.41 
2015,05,05,22:00,214,22,6,888,6,16,2,13,4,3,214,13,14,0.87 
2015,05,04,20:00,196,214,7,888,16,10,12,3,4,7,214,11,23,0.49 
2015,04,29,20:30,196,292,14,932,16,11,10,5,6,6,196,23,15,1.22 
2015,04,29,20:30,292,196,7,932,13,16,9,6,4,10,196,31,21,1.42 
2015,04,29,20:30,196,292,0,932,21,25,8,7,7,8,196,30,37,0.81 
2015,04,29,18:00,196,22,1,909,7,16,5,10,2,6,196,7,18,0.43 
2015,04,29,18:00,22,196,6,909,16,3,12,3,4,0,196,4,18,0.22 
2015,04,28,21:00,215,196,14,909,16,8,10,5,6,3,196,19,22,0.97 
2015,04,28,21:00,215,196,1,909,16,11,6,9,10,2,196,19,20,0.93 
2015,04,27,20:00,945,196,0,883,16,1,14,1,2,0,196,6,17,0.36 
2015,04,27,20:00,196,945,7,883,22,19,9,6,6,9,196,28,29,0.99 
2015,04,22,19:00,196,292,5,593,5,16,5,10,0,6,196,20,15,1.25 
2015,04,22,18:00,196,292,0,593,4,16,4,11,0,5,196,13,17,0.81 
2015,04,20,21:15,384,196,6,593,7,16,6,9,1,7,196,16,13,1.04 
2015,04,20,20:00,196,384,0,593,14,16,7,8,7,8,196,27,19,1.40 
2015,04,19,22:00,196,215,1,593,18,21,8,7,7,8,196,30,30,0.96 
2015,04,19,21:00,196,215,0,593,16,5,10,5,6,0,196,22,14,1.59 
2015,04,16,21:00,676,196,6,943,14,16,6,9,8,7,196,29,19,1.42 
2015,04,16,21:00,676,196,0,943,23,25,9,6,6,9,196,39,34,1.06 
2015,04,15,20:30,196,13,6,593,6,16,6,9,0,7,196,13,19,0.74 
2015,04,15,19:30,13,196,5,593,16,8,13,2,3,6,196,19,20,1.04 
2015,04,06,22:15,215,196,7,947,16,3,12,3,4,0,196,8,19,0.41 
2015,04,06,22:15,196,215,0,947,11,16,6,9,5,7,196,22,19,1.14 
2015,03,24,21:00,22,196,0,593,16,11,8,7,8,4,196,13,26,0.54 
2015,03,24,20:00,22,196,1,593,6,16,6,9,0,7,196,14,14,0.96 
2015,03,18,17:00,258,196,0,952,16,8,8,7,8,1,196,10,23,0.41 
2015,03,18,17:00,258,196,6,952,18,21,10,5,5,10,196,22,27,0.84 
2015,03,18,17:00,258,196,1,952,16,14,8,7,8,7,196,16,22,0.74 
2015,03,17,19:00,196,250,1,952,10,16,6,9,4,7,196,13,25,0.61 
2015,03,17,19:00,250,196,5,952,16,13,10,5,6,8,196,18,19,0.92 
2015,03,13,17:00,210,196,7,954,16,7,12,3,4,4,196,21,17,1.38 
2015,03,13,17:00,196,210,6,954,8,16,4,11,4,5,196,14,19,0.68 
2015,03,12,16:50,196,1045,1,954,16,12,8,7,8,5,196,12,21,0.58 
2015,03,12,15:30,196,711,7,954,16,4,11,4,5,0,196,28,12,1.90 
2015,03,12,14:46,1045,196,1,954,16,3,13,2,3,1,196,5,18,0.32 
2015,03,08,19:00,53,196,6,955,12,16,8,7,4,9,196,18,20,0.96 
2015,03,08,19:00,53,196,1,955,13,16,8,7,5,9,196,24,20,1.12 
2015,03,08,19:00,53,196,7,955,12,16,6,9,6,7,196,28,16,1.54 
2015,03,07,22:20,196,384,1,955,16,5,11,4,5,1,196,19,14,1.25 
2015,03,07,22:20,384,196,6,955,10,16,9,6,1,10,196,20,13,1.21 
2015,01,31,18:00,196,59,1,962,9,16,5,10,4,6,196,7,19,0.45 
2015,01,31,18:00,59,196,0,962,16,13,11,4,5,9,196,12,21,0.67 
2015,01,31,11:00,711,196,6,962,16,0,15,0,1,0,196,3,16,0.16 
2015,01,31,11:00,711,196,7,962,16,14,9,6,7,8,196,17,25,0.76 
2015,01,30,18:55,8,196,0,962,9,16,7,8,2,8,196,17,17,1.01 
2015,01,30,16:00,59,196,6,962,13,16,8,7,5,9,196,10,16,0.71 
2015,01,21,21:45,196,59,7,964,13,16,9,6,4,10,196,20,22,1.01 
2015,01,21,21:45,196,59,6,964,16,8,8,7,8,1,196,20,15,1.12 
2015,01,21,21:45,59,196,0,964,22,20,9,6,6,9,196,24,35,0.75 
2015,01,20,18:00,196,1147,0,964,11,16,8,7,3,9,196,16,19,0.82 
2015,01,20,18:00,1147,196,1,964,19,17,7,8,8,7,196,24,27,0.95 
2015,01,15,19:00,841,196,5,965,16,14,13,2,3,12,196,14,25,0.64 
2015,01,15,19:00,841,196,1,965,16,6,13,2,3,4,196,12,19,0.65 
2015,01,15,19:00,196,841,0,965,16,6,10,5,6,1,196,17,13,1.16 
2015,01,13,20:30,297,196,6,966,13,16,8,7,5,9,196,21,18,1.03 
2015,01,13,20:30,196,297,1,966,16,8,10,5,6,3,196,22,15,1.34 
2015,01,13,18:00,196,13,1,966,16,6,9,6,7,0,196,15,12,1.10 
2015,01,13,18:00,13,196,6,966,20,22,7,8,8,7,196,32,31,1.09 
2015,01,11,15:20,712,1148,4,968,9,16,6,9,3,7,1148,21,19,1.11 
2015,01,11,15:20,712,1148,1,968,12,16,8,7,4,9,1148,25,22,1.27 
2015,01,11,14:15,888,1148,6,968,7,16,7,8,0,8,1148,22,13,1.41 
2015,01,03,18:00,648,1054,7,969,13,16,9,6,4,10,648,4,6,0.78 
2014,12,11,19:00,196,52,0,965,7,16,3,12,4,4,196,13,20,0.70 
2014,12,11,19:00,52,196,7,965,16,4,11,4,5,0,196,8,18,0.53 
2014,12,11,19:00,196,52,1,965,16,13,7,8,9,5,196,24,17,1.25 
2014,12,09,20:45,196,214,1,979,10,16,6,9,4,7,196,19,19,0.99 
2014,12,09,20:45,196,214,7,979,14,16,10,5,4,11,196,20,22,0.93 
2014,12,09,18:00,1159,196,1,979,14,16,7,8,7,8,196,27,24,1.21 
2014,12,09,18:00,196,1159,0,979,16,13,10,5,6,8,196,18,20,0.83 
2014,11,28,14:30,196,8,0,983,5,16,3,12,2,4,196,13,17,0.81 
2014,11,28,14:30,8,196,7,983,16,9,12,3,4,6,196,14,20,0.72 
2014,11,27,16:15,1152,196,6,983,13,16,13,2,0,14,196,15,19,0.81 
2014,11,27,15:10,196,384,1,983,16,12,10,5,6,7,196,30,12,1.73 
2014,11,27,12:10,22,196,5,983,16,9,13,2,3,7,196,13,22,0.67 
2014,11,14,20:00,196,214,0,946,13,16,6,9,7,7,196,20,22,0.89 
2014,11,14,20:00,196,214,7,946,7,16,7,8,0,8,196,13,20,0.65 
2014,11,11,22:05,196,49,1,978,9,16,4,11,5,5,196,14,21,0.67 
2014,11,11,20:30,214,196,0,978,16,4,12,3,4,1,196,12,18,0.70 
2014,11,11,19:00,196,49,7,978,21,19,9,6,6,9,196,32,30,1.08 
2014,10,21,22:30,196,59,7,1002,16,12,10,5,6,7,196,26,15,1.47 
2014,10,21,22:30,59,196,1,1002,17,21,8,7,7,8,196,33,31,1.10 
2014,10,21,20:00,196,676,7,1002,16,7,13,2,3,5,196,20,14,1.22 
2014,10,21,20:00,676,196,1,1002,6,16,6,9,0,7,196,17,18,0.93 
2014,10,19,02:25,13,196,7,1005,16,8,11,4,5,4,196,15,21,0.74 
2014,09,28,18:00,196,854,0,1023,14,16,10,5,4,11,196,19,22,0.92 
2014,09,28,18:00,854,196,1,1023,4,16,4,11,0,5,196,22,11,1.61 
2014,09,28,18:00,854,196,6,1023,16,8,9,6,7,2,196,12,19,0.65 
2014,09,28,18:00,196,53,1,1023,16,8,12,3,4,5,196,20,16,1.11 
2014,08,25,21:10,52,196,7,1039,16,6,10,5,6,1,196,19,18,1.05 
2014,08,25,20:00,196,868,0,1039,16,9,10,5,6,4,196,21,15,1.26 
2014,08,12,19:20,1218,722,1,1044,16,14,11,4,5,10,1218,28,18,1.42 
2014,08,12,18:00,1218,743,6,1044,16,10,15,0,1,10,1218,26,16,1.51 
2014,08,10,19:15,944,1218,5,1044,10,16,8,7,2,9,1218,22,19,1.11 
2014,08,10,18:20,1218,1219,1,1044,12,16,9,6,3,10,1218,8,23,0.41 
2014,08,07,21:25,841,1218,5,1044,15,15,10,5,5,10,1218,25,22,1.13 
2014,08,04,21:30,1221,544,2,1032,7,16,6,9,1,7,1221,20,19,1.04 
2014,08,04,19:00,1221,500,6,1032,12,16,6,9,6,7,1221,22,19,1.15 
2014,03,23,21:00,214,301,6,1079,15,19,6,9,9,6,214,3,5,0.76 
2014,03,23,21:00,214,301,1,1079,14,16,10,5,4,11,214,3,6,0.74 
2013,12,14,18:30,214,1260,8,978,16,7,9,6,7,1,1260,10,20,0.57 
2013,12,14,18:30,1260,214,7,978,12,16,7,8,5,8,1260,22,21,1.17 
2013,12,14,13:15,544,1260,8,978,10,16,6,9,4,7,1260,24,14,1.33 
2013,12,14,13:15,544,1260,7,978,3,16,3,12,0,4,1260,12,12,0.92 
2013,12,14,13:15,544,1260,1,978,16,11,5,10,11,1,1260,20,20,0.96 
2013,11,26,20:00,1220,1260,8,978,8,16,3,12,5,4,1260,22,17,1.49 
2013,11,26,19:00,1260,1328,5,978,16,4,12,3,4,1,1260,28,14,1.99 
2013,11,04,22:20,214,1260,1,978,16,12,8,7,8,5,1260,24,21,1.25 
2013,11,04,21:00,1260,1220,6,978,21,16,13,2,2,13,1260,27,29,0.96 
2013,11,04,20:00,1260,1106,1,978,16,9,12,3,4,6,1260,23,18,1.23 
2013,11,04,19:00,1260,1285,7,978,16,5,11,4,5,1,1260,19,12,1.38 
2013,10,28,20:00,1260,1328,7,978,14,16,7,8,7,8,1260,24,24,1.08 
2013,10,28,19:00,1260,749,6,978,16,11,10,5,6,6,1260,19,16,1.01 
2013,10,14,21:10,1345,1260,6,978,16,11,9,6,7,5,1260,16,20,0.87 
2013,10,14,20:05,1260,1259,1,978,16,11,10,5,6,6,1260,16,18,0.90 
2013,10,14,19:00,1346,1260,7,978,3,16,3,12,0,4,1260,18,10,1.45 
2013,10,07,22:25,1220,1260,1,978,16,9,9,6,7,3,1260,17,20,0.87 
2013,10,07,21:15,1260,49,6,978,16,13,10,5,6,8,1260,16,23,0.71 
2013,10,07,20:00,1337,1260,6,978,4,16,4,11,0,5,1260,11,17,0.70 
2013,10,07,19:00,1345,1260,1,978,6,16,6,9,0,7,1260,15,17,0.91 
2013,09,24,20:00,1260,384,9,1125,14,16,4,11,10,5,1260,22,22,1.01 
2013,09,24,19:00,1260,854,9,1125,16,10,9,6,7,4,1260,22,20,1.21 
2013,09,17,20:00,1260,250,10,1125,10,16,9,6,1,10,1260,21,20,1.11 
2013,09,17,19:00,1260,1154,9,1125,16,12,10,5,6,7,1260,17,16,1.06 
2013,09,10,20:00,49,250,13,1125,1,16,1,14,0,2,49,4,17,0.26 
2013,09,10,19:00,49,1060,11,1125,16,3,12,3,4,0,49,19,7,1.66 
2013,09,09,22:40,49,215,9,1120,14,16,7,8,7,8,49,10,21,0.54 
2013,08,15,20:00,1335,1336,9,1032,16,14,5,10,11,4,1336,32,18,1.45 
2013,08,15,20:00,1335,1336,10,1032,16,10,8,7,8,3,1336,23,20,1.16 
2013,03,26,20:00,690,1411,11,1069,16,8,10,5,6,3,690,18,10,1.42 
2013,03,25,21:00,1425,690,12,1069,11,16,10,5,1,11,690,20,14,1.14 
2013,03,21,20:00,214,690,9,1069,16,9,8,7,8,2,690,19,19,1.09 
2013,03,14,20:00,1431,690,10,1069,16,5,12,3,4,2,690,11,18,0.58 
2013,03,13,19:00,690,1436,10,1164,14,16,7,8,7,8,690,5,8,0.76 
2013,03,12,21:00,690,749,13,1069,7,16,7,8,0,8,690,15,18,0.80 
2013,03,07,20:00,690,1285,11,1069,16,11,11,4,5,7,690,15,15,0.89 
