2016,06,13,16:10,262,355,0,498,3,16,3,12,0,4,262,7,18,0.41 
2016,06,13,16:10,262,355,2,498,12,16,7,8,5,8,262,17,19,0.87 
2016,06,07,18:15,297,262,4,498,16,6,11,4,5,2,262,15,19,0.84 
2016,06,07,18:15,297,262,0,498,16,10,12,3,4,7,262,17,21,0.97 
2016,06,05,18:00,262,379,4,556,16,7,9,6,7,1,262,18,10,1.27 
2016,06,05,18:00,379,262,7,556,14,16,8,7,6,9,262,20,21,0.94 
2016,06,04,19:10,29,262,0,546,16,9,13,2,3,7,262,7,20,0.44 
2016,06,02,22:00,49,262,7,498,16,13,10,5,6,8,262,15,20,0.77 
2016,06,02,22:00,49,262,1,498,16,7,13,2,3,5,262,7,18,0.46 
2016,06,01,19:00,262,157,1,556,16,6,11,4,5,2,262,9,16,0.59 
2016,06,01,19:00,262,157,14,556,8,16,6,9,2,7,262,13,19,0.72 
2016,06,01,19:00,157,262,0,556,8,16,8,7,0,9,262,24,15,1.43 
2016,05,29,13:15,379,262,1,560,19,17,6,9,9,6,262,18,30,0.57 
2016,05,29,13:15,262,379,4,560,6,16,5,10,1,6,262,13,18,0.77 
2016,05,29,11:30,262,157,7,560,7,16,4,11,3,5,262,12,20,0.74 
2016,05,29,09:30,379,262,7,560,14,16,7,8,7,8,262,19,22,0.88 
2016,05,23,22:25,262,147,0,498,12,16,6,9,6,7,262,14,20,0.75 
2016,05,23,22:25,262,147,14,498,7,16,6,9,1,7,262,5,21,0.25 
2016,05,20,20:00,262,260,7,498,9,16,7,8,2,8,262,17,21,0.79 
2016,05,20,20:00,262,260,4,498,16,12,5,10,11,2,262,12,21,0.60 
2016,05,17,22:00,262,29,2,498,6,16,6,9,0,7,262,9,21,0.41 
2016,05,17,22:00,262,29,14,498,3,16,3,12,0,4,262,7,17,0.42 
2016,05,11,21:00,262,444,14,556,16,9,8,7,8,2,262,29,14,1.70 
2016,05,03,20:00,157,262,4,556,16,5,14,1,2,4,262,13,18,0.77 
2016,04,27,20:10,262,457,7,556,19,17,7,8,8,7,262,20,25,0.83 
2016,04,18,21:00,262,398,7,556,16,8,13,2,3,6,262,24,13,1.52 
2016,04,11,20:00,358,262,0,556,16,13,9,6,7,7,262,27,22,1.25 
2016,04,07,19:00,262,406,2,556,16,8,11,4,5,4,262,13,15,0.86 
2016,04,01,21:00,505,262,7,556,9,16,2,13,7,3,262,17,18,0.94 
2016,03,25,21:00,276,262,7,556,6,16,3,12,3,4,262,9,13,0.78 
2016,03,24,21:00,262,379,0,556,16,12,8,7,8,5,262,18,19,0.90 
2016,03,09,22:45,262,278,4,498,16,6,10,5,6,1,262,16,9,1.22 
