2016,07,01,11:00,326,296,7,517,6,16,4,11,2,5,296,12,18,0.63 
2016,07,01,11:00,296,326,0,517,16,8,9,6,7,2,296,24,12,1.53 
2016,06,27,15:00,332,296,7,517,4,16,4,11,0,5,296,24,12,1.85 
2016,06,27,15:00,296,332,0,517,16,6,9,6,7,0,296,15,15,1.04 
2016,06,22,11:00,352,296,1,517,6,16,4,11,2,5,296,18,12,1.27 
2016,06,22,11:00,296,352,0,517,16,2,14,1,2,1,296,21,7,1.96 
2015,12,19,13:00,483,65,7,691,16,6,11,4,5,2,483,25,11,1.88 
2015,12,19,13:00,483,65,2,691,19,17,5,10,10,5,483,21,20,1.04 
2015,12,16,13:00,483,751,1,691,13,16,9,6,4,10,483,9,22,0.46 
2015,12,16,13:00,751,483,7,691,16,7,10,5,6,2,483,15,18,0.87 
2015,12,16,13:00,751,483,0,691,11,16,9,6,2,10,483,27,19,1.29 
2015,12,13,17:00,34,483,14,706,16,11,9,6,7,5,483,17,22,0.85 
2015,12,13,17:00,34,483,1,706,16,8,8,7,8,1,483,18,19,0.94 
2015,12,13,15:00,256,483,14,706,6,16,4,11,2,5,483,15,13,1.01 
2015,12,13,15:00,483,256,7,706,16,6,10,5,6,1,483,19,12,1.36 
2015,12,11,13:40,483,778,0,707,16,1,14,1,2,0,483,25,7,2.39 
2015,12,11,13:40,483,778,1,707,16,5,13,2,3,3,483,22,13,1.43 
2015,12,09,13:00,483,150,1,691,16,14,7,8,9,6,483,24,18,1.21 
2015,12,07,14:15,483,166,7,691,16,8,9,6,7,2,483,5,14,0.54 
2015,12,05,13:40,483,795,7,707,16,7,8,7,8,0,483,14,14,0.88 
2015,12,05,13:40,483,795,2,707,16,2,13,2,3,0,483,16,11,1.16 
2015,12,03,13:40,483,34,7,707,12,16,8,7,4,9,483,18,22,0.77 
2015,12,03,13:40,483,34,0,707,11,16,5,10,6,6,483,13,23,0.61 
2015,11,28,12:00,697,483,0,707,13,16,9,6,4,10,483,20,23,0.92 
2015,11,28,12:00,483,697,2,707,16,8,11,4,5,4,483,18,16,1.19 
2015,11,27,12:00,483,150,1,707,16,9,11,4,5,5,483,22,18,1.20 
2015,11,27,12:00,483,150,7,707,16,5,13,2,3,3,483,19,9,1.55 
2015,11,04,15:55,483,149,14,642,6,16,3,12,3,4,483,9,19,0.53 
2015,10,17,18:00,483,34,7,642,11,16,6,9,5,7,483,14,23,0.70 
2015,10,17,15:00,483,927,0,642,16,4,12,3,4,1,483,11,13,0.80 
2013,11,23,05:00,1317,483,1,1106,16,3,15,0,1,3,483,5,17,0.31 
2013,11,23,04:00,483,209,6,1106,10,16,9,6,1,10,483,15,20,0.85 
