2016,08,14,22:10,41,42,1,472,4,16,3,12,1,4,42,17,8,1.37 
2016,08,14,22:10,42,41,7,472,16,11,8,7,8,4,42,25,17,1.33 
2016,08,11,20:00,41,42,14,486,14,16,5,10,9,6,42,10,19,0.60 
2016,08,11,20:00,42,41,7,486,4,16,4,11,0,5,42,5,16,0.40 
2016,08,11,20:00,41,42,1,486,9,16,7,8,2,8,42,15,14,0.98 
2016,08,11,17:10,42,102,0,472,16,2,13,2,3,0,42,14,9,1.12 
2016,08,11,17:10,102,42,7,472,1,16,1,14,0,2,42,16,7,1.40 
2016,08,10,20:10,119,42,4,489,7,16,7,8,0,8,42,21,10,1.50 
2016,08,10,20:10,119,42,0,489,9,16,9,6,0,10,42,21,16,1.18 
2016,08,10,17:00,42,100,7,471,16,4,11,4,5,0,42,11,10,0.95 
2016,08,10,17:00,42,100,0,471,16,8,11,4,5,4,42,18,15,1.05 
2016,08,10,17:00,42,100,1,471,9,16,5,10,4,6,42,11,19,0.63 
2016,08,09,18:10,42,136,7,486,19,16,9,6,6,9,42,12,21,0.63 
2016,08,09,18:10,42,136,0,486,16,13,10,5,6,8,42,16,20,0.79 
2016,08,08,19:00,42,100,14,490,6,16,2,13,4,3,42,16,17,0.87 
2016,08,08,19:00,42,100,1,490,12,16,5,10,7,6,42,13,19,0.75 
2016,08,07,18:10,154,42,7,471,12,16,5,10,7,6,42,14,16,0.83 
2016,08,07,18:10,42,154,14,471,16,14,9,6,7,8,42,20,17,1.03 
2016,08,07,18:10,154,42,0,471,16,14,10,5,6,9,42,16,21,0.83 
2016,08,07,15:00,42,155,0,477,17,21,6,9,9,6,42,26,27,0.91 
2016,08,06,18:30,42,152,1,471,16,14,5,10,11,4,42,26,16,1.28 
2016,08,06,18:30,42,152,14,471,16,10,9,6,7,4,42,15,16,0.86 
2016,08,05,20:00,42,122,14,489,16,10,10,5,6,5,42,15,17,0.81 
2016,08,05,20:00,42,122,0,489,16,9,10,5,6,4,42,18,14,1.22 
2016,08,04,18:00,42,59,5,471,11,16,5,10,6,6,42,16,20,0.77 
2016,08,04,18:00,59,42,0,471,16,13,10,5,6,8,42,22,18,1.10 
2016,08,03,22:00,147,42,0,487,5,16,3,12,2,4,42,11,12,0.93 
2016,08,03,22:00,42,147,7,487,16,6,10,5,6,1,42,14,10,1.11 
2016,08,03,19:15,49,42,4,488,2,16,2,13,0,3,42,13,10,1.16 
2016,08,03,19:15,49,42,14,488,8,16,3,12,5,4,42,15,17,0.81 
2016,08,01,22:00,42,118,7,486,16,11,7,8,9,3,42,15,16,0.86 
2016,08,01,22:00,118,42,0,486,14,16,5,10,9,6,42,11,19,0.64 
2016,08,01,17:15,42,184,2,472,16,8,9,6,7,2,42,18,15,1.20 
2016,08,01,17:15,42,184,14,472,16,3,13,2,3,1,42,12,10,1.10 
2016,07,31,21:00,46,42,0,499,16,8,12,3,4,5,42,9,19,0.56 
2016,07,31,21:00,42,46,4,499,8,16,8,7,0,9,42,10,17,0.71 
2016,07,31,17:00,28,42,1,486,11,16,3,12,8,4,42,14,15,0.90 
2016,07,31,17:00,42,28,0,486,24,28,8,7,7,8,42,34,39,0.92 
2016,07,31,17:00,28,42,14,486,14,16,4,11,10,5,42,24,22,1.12 
2016,07,30,21:00,42,118,7,486,9,16,6,9,3,7,42,6,21,0.35 
2016,07,30,21:00,42,118,0,486,10,16,5,10,5,6,42,20,18,1.07 
2016,07,30,18:10,29,42,0,503,20,22,6,9,9,6,42,34,29,1.14 
2016,07,30,18:10,42,29,14,503,16,13,7,8,9,5,42,24,18,1.24 
2016,07,29,16:00,42,102,5,472,14,16,5,10,9,6,42,14,22,0.65 
2016,07,29,16:00,42,102,14,472,11,16,7,8,4,8,42,12,21,0.62 
2016,07,28,17:10,132,42,14,499,11,16,3,12,8,4,42,21,11,1.22 
2016,07,28,17:10,42,132,0,499,16,14,8,7,8,7,42,22,21,1.03 
2016,07,27,22:30,23,42,0,503,16,11,11,4,5,7,42,16,20,0.84 
2016,07,27,22:30,42,23,7,503,4,16,4,11,0,5,42,8,18,0.42 
2016,07,27,15:10,42,23,14,487,16,8,12,3,4,5,42,15,12,1.17 
2016,07,27,15:10,23,42,1,487,1,16,1,14,0,2,42,10,7,1.07 
2016,07,27,15:10,23,42,7,487,16,4,12,3,4,1,42,4,15,0.40 
2016,07,26,19:25,42,29,0,503,16,11,10,5,6,6,42,19,19,0.96 
2016,07,12,18:00,42,102,7,487,16,9,11,4,5,5,42,20,13,1.22 
2016,07,12,18:00,102,42,5,487,11,16,9,6,2,10,42,13,15,0.81 
2016,07,12,18:00,102,42,0,487,16,14,8,7,8,7,42,18,24,0.82 
2016,07,11,19:25,42,102,14,488,22,18,8,7,7,8,42,39,25,1.34 
2016,07,05,17:25,147,42,0,499,6,16,5,10,1,6,42,23,10,1.69 
2016,07,05,17:25,42,147,1,499,16,5,10,5,6,0,42,16,12,1.12 
2016,07,01,19:00,49,42,4,487,16,10,13,2,3,8,42,18,21,0.87 
2016,07,01,19:00,42,49,7,487,14,16,6,9,8,7,42,15,23,0.63 
2016,06,29,22:15,42,147,14,488,29,31,5,10,10,5,42,30,46,0.66 
2016,06,28,21:45,42,288,7,488,16,3,13,2,3,1,42,15,8,1.56 
2016,06,27,22:30,42,301,4,487,19,17,9,6,6,9,42,23,23,0.94 
2016,06,27,22:30,301,42,2,487,16,8,12,3,4,5,42,7,18,0.45 
2016,06,27,22:30,42,301,7,487,16,12,8,7,8,5,42,10,14,0.73 
2016,06,15,18:15,49,42,7,550,13,16,3,12,10,4,42,18,20,0.89 
2016,06,15,18:15,42,49,14,550,16,6,10,5,6,1,42,17,14,1.15 
2016,06,14,19:00,42,30,1,550,16,10,12,3,4,7,42,12,12,0.87 
2016,06,14,19:00,42,30,6,550,6,16,5,10,1,6,42,9,17,0.58 
2016,06,14,19:00,30,42,0,550,11,16,6,9,5,7,42,18,20,0.96 
2016,06,09,21:15,29,42,7,550,10,16,9,6,1,10,42,22,17,1.26 
2016,06,09,21:15,42,29,0,550,13,16,11,4,2,12,42,27,19,1.28 
2016,06,09,21:15,29,42,14,550,10,16,7,8,3,8,42,12,16,0.74 
2016,06,08,17:15,301,369,7,499,10,16,4,11,6,5,369,18,16,1.03 
2016,06,08,17:15,301,369,1,499,9,16,6,9,3,7,369,12,13,0.82 
2016,06,05,19:15,30,369,1,546,16,11,8,7,8,4,369,12,19,0.63 
2016,06,05,19:15,369,30,0,546,16,6,12,3,4,3,369,13,12,0.94 
2016,06,05,19:15,369,30,14,546,14,16,4,11,10,5,369,22,22,0.97 
2016,06,05,15:30,369,152,1,546,16,12,5,10,11,2,369,17,14,1.02 
2016,06,05,15:30,152,369,0,546,8,16,7,8,1,8,369,19,12,1.14 
2016,06,05,12:00,369,264,0,546,16,8,8,7,8,1,369,13,9,1.04 
2016,06,05,12:00,264,369,4,546,11,16,10,5,1,11,369,19,15,1.21 
2016,05,31,17:15,392,287,7,499,16,7,9,6,7,1,392,11,13,0.83 
2016,05,31,17:15,287,392,0,499,8,16,3,12,5,4,392,12,17,0.66 
2016,05,30,20:15,30,392,14,499,6,16,5,10,1,6,392,12,13,0.84 
2016,05,30,20:15,30,392,0,499,12,16,4,11,8,5,392,15,17,0.83 
2016,05,30,20:15,392,30,6,499,13,16,9,6,4,10,392,19,23,0.86 
2016,05,29,23:00,392,52,7,546,14,16,9,6,5,10,392,18,21,0.84 
2016,05,29,23:00,52,392,0,546,12,16,8,7,4,9,392,25,16,1.30 
2016,05,29,23:00,392,52,4,546,13,16,10,5,3,11,392,10,22,0.53 
2016,05,29,19:30,392,101,1,546,16,10,9,6,7,4,392,14,16,0.79 
2016,05,29,19:30,392,101,0,546,16,12,8,7,8,5,392,22,19,1.13 
2016,05,29,19:30,101,392,2,546,16,5,11,4,5,1,392,9,17,0.60 
2016,05,29,16:30,187,392,1,546,24,28,7,8,8,7,392,28,36,0.86 
2016,05,29,16:30,187,392,0,546,7,16,6,9,1,7,392,13,15,0.91 
2016,05,29,12:45,392,29,7,546,16,5,13,2,3,3,392,10,11,0.87 
2016,05,29,12:45,392,29,14,546,12,16,5,10,7,6,392,15,18,0.78 
2016,05,29,12:45,392,29,0,546,19,17,8,7,7,8,392,20,24,0.90 
2016,05,28,18:00,392,400,7,546,16,13,8,7,8,6,392,15,21,0.72 
2016,05,12,20:10,392,196,2,499,11,16,10,5,1,11,392,20,19,1.05 
2016,05,12,20:10,392,196,14,499,16,10,6,9,10,1,392,20,15,1.08 
2016,05,12,20:10,196,392,7,499,16,12,9,6,7,6,392,13,22,0.62 
2016,05,01,17:00,365,331,14,589,16,11,7,8,9,3,331,18,22,0.86 
2016,05,01,17:00,365,331,1,589,16,14,7,8,9,6,331,15,20,0.73 
2016,05,01,13:00,56,331,14,589,11,16,5,10,6,6,331,16,14,1.02 
2016,05,01,13:00,331,56,7,589,9,16,8,7,1,9,331,16,19,0.89 
2016,05,01,13:00,56,331,0,589,9,16,5,10,4,6,331,17,14,1.02 
2016,04,30,16:45,331,364,2,589,11,16,10,5,1,11,331,17,18,0.97 
2016,04,30,16:45,331,364,1,589,10,16,5,10,5,6,331,15,20,0.83 
2016,04,30,16:44,364,331,0,589,16,19,10,5,5,10,331,14,22,0.72 
2016,04,28,19:00,56,331,14,589,14,16,9,6,5,10,331,17,19,0.85 
2016,04,28,19:00,331,56,2,589,16,10,10,5,6,5,331,15,16,0.86 
2016,04,28,14:30,331,122,0,589,16,3,14,1,2,2,331,19,11,1.45 
2016,03,25,00:30,537,177,14,579,7,16,3,12,4,4,537,10,20,0.55 
2016,03,25,00:30,177,537,0,579,16,7,10,5,6,2,537,22,17,1.59 
2016,03,23,21:30,537,508,1,579,16,12,9,6,7,6,537,12,17,0.74 
2016,03,23,21:30,537,508,14,579,16,7,8,7,8,0,537,13,15,0.88 
2016,03,23,21:30,537,508,4,579,10,16,6,9,4,7,537,19,21,0.92 
2016,03,23,20:25,472,537,6,579,10,16,6,9,4,7,537,7,14,0.60 
2016,03,10,22:00,584,537,14,605,16,6,10,5,6,1,537,15,17,0.86 
2016,03,10,22:00,537,584,6,605,9,16,7,8,2,8,537,13,19,0.72 
2016,03,07,16:00,537,364,14,635,16,10,11,4,5,6,537,14,17,0.82 
2016,03,07,16:00,537,364,6,635,14,16,5,10,9,6,537,21,19,1.00 
2016,03,06,19:30,537,496,0,635,16,8,11,4,5,4,537,16,12,1.09 
2016,03,06,19:30,537,496,14,635,16,14,6,9,10,5,537,28,21,1.26 
2016,02,26,22:45,537,303,4,639,2,16,2,13,0,3,537,8,16,0.49 
2016,02,26,19:00,214,537,14,639,16,1,14,1,2,0,537,12,16,0.77 
2016,02,05,22:00,507,537,0,662,0,16,0,15,0,1,537,12,7,1.30 
2016,02,05,22:00,537,507,14,662,16,14,8,7,8,7,537,14,21,0.73 
2016,01,05,23:00,654,537,1,682,14,16,5,10,9,6,537,18,18,0.91 
2016,01,05,19:30,688,537,7,682,6,16,5,10,1,6,537,17,10,1.30 
2016,01,04,21:00,537,489,6,682,16,9,10,5,6,4,537,21,13,1.21 
2016,01,04,21:00,489,537,1,682,6,16,6,9,0,7,537,26,10,1.85 
2016,01,04,21:00,489,537,0,682,16,6,10,5,6,1,537,20,16,1.35 
2015,12,15,18:00,705,490,14,657,15,19,5,10,10,5,490,11,15,0.68 
2015,12,12,19:00,489,490,7,657,11,16,4,11,7,5,490,17,16,0.92 
2015,12,12,19:00,490,489,14,657,16,3,12,3,4,0,490,16,12,1.22 
2015,12,12,19:00,490,489,0,657,10,16,4,11,6,5,490,13,22,0.59 
2015,12,11,21:00,633,490,7,657,14,16,6,9,8,7,490,13,20,0.71 
2015,12,11,21:00,633,490,14,657,16,12,10,5,6,7,490,16,22,0.74 
2015,12,11,21:00,633,490,0,657,7,16,4,11,3,5,490,7,14,0.65 
2015,11,25,19:30,490,838,0,730,13,16,9,6,4,10,490,27,18,1.33 
2015,11,25,17:00,29,490,14,730,16,6,10,5,6,1,490,11,19,0.63 
2015,11,17,20:45,844,490,4,743,13,16,9,6,4,10,844,16,21,0.79 
2015,11,17,20:45,490,844,0,743,16,10,12,3,4,7,844,14,16,0.88 
2015,11,17,12:45,844,825,1,743,7,16,4,11,3,5,844,11,18,0.73 
2015,11,17,12:45,844,825,4,743,14,16,5,10,9,6,844,21,22,1.03 
2015,11,17,12:45,825,844,0,743,11,16,9,6,2,10,844,24,18,1.36 
2015,11,13,17:00,490,360,7,752,16,9,9,6,7,3,490,18,16,1.01 
2015,11,13,17:00,490,360,4,752,16,14,4,11,12,3,490,27,21,1.13 
2015,11,13,17:00,490,360,1,752,23,25,6,9,9,6,490,28,32,0.98 
2015,10,25,21:25,392,898,7,771,16,10,6,9,10,1,392,22,15,1.41 
2015,10,25,16:00,392,898,14,771,16,11,9,6,7,5,392,19,18,1.03 
2015,10,19,17:00,914,898,0,770,18,22,9,6,6,9,914,16,29,0.63 
2015,10,19,17:00,914,898,7,770,2,16,2,13,0,3,914,7,16,0.48 
2015,10,03,20:00,914,259,6,770,12,16,3,12,9,4,914,15,21,0.71 
2015,10,03,20:00,259,914,0,770,8,16,6,9,2,7,914,16,17,0.87 
2015,10,03,20:00,259,914,2,770,16,14,11,4,5,10,914,21,20,1.01 
2015,09,21,22:15,500,970,7,806,6,16,4,11,2,5,970,12,15,0.74 
2015,09,20,14:00,369,914,1,809,3,16,2,13,1,3,914,16,11,1.17 
2015,09,20,14:00,369,914,7,809,10,16,4,11,6,5,914,23,17,1.27 
2015,09,13,21:00,722,914,1,820,16,13,10,5,6,8,914,19,22,0.88 
2015,09,13,21:00,914,722,4,820,7,16,3,12,4,4,914,9,19,0.49 
2015,09,11,21:00,472,914,1,820,16,9,12,3,4,6,914,14,19,0.78 
2015,09,11,21:00,472,914,7,820,16,10,11,4,5,6,914,13,23,0.65 
2015,09,09,21:00,914,825,0,820,8,16,5,10,3,6,914,22,17,1.29 
2015,09,09,21:00,914,825,7,820,6,16,6,9,0,7,914,10,19,0.54 
2015,09,07,18:30,825,914,0,809,14,16,3,12,11,4,914,13,17,0.75 
2015,09,07,18:30,914,825,7,809,16,8,10,5,6,3,914,17,12,1.17 
2015,09,01,18:00,914,756,14,809,19,17,8,7,7,8,914,25,28,0.91 
2015,09,01,18:00,914,756,1,809,16,6,14,1,2,5,914,18,14,1.32 
2015,08,31,17:00,137,914,1,820,16,5,10,5,6,0,914,10,15,0.71 
2015,08,31,17:00,137,914,0,820,16,13,8,7,8,6,914,19,23,0.86 
2015,08,29,21:15,913,914,0,809,7,16,4,11,3,5,914,27,14,1.70 
2015,08,29,21:15,914,913,7,809,16,8,10,5,6,3,914,22,14,1.35 
2015,08,08,18:00,380,914,14,820,16,4,14,1,2,3,914,13,17,0.84 
2015,08,08,18:00,914,380,7,820,10,16,8,7,2,9,914,17,20,0.80 
2015,06,02,21:00,215,292,0,883,16,2,14,1,2,1,215,16,8,1.36 
2015,04,25,21:00,490,1082,0,923,16,11,9,6,7,5,490,18,15,1.05 
2015,04,25,21:00,490,1082,14,923,16,4,12,3,4,1,490,19,8,1.40 
2015,04,21,21:00,945,215,6,593,10,16,5,10,5,6,215,8,8,0.88 
2015,04,19,11:30,487,1069,14,938,13,16,5,10,8,6,487,20,21,0.92 
2015,04,19,11:30,1069,487,7,938,16,5,11,4,5,1,487,6,18,0.36 
2015,04,19,11:30,487,1069,0,938,16,6,12,3,4,3,487,16,11,1.09 
2015,04,18,21:30,1102,487,6,938,17,19,7,8,8,7,487,36,25,1.57 
2015,04,18,21:30,487,1102,7,938,16,9,10,5,6,4,487,17,12,1.25 
2015,04,18,21:30,487,1102,0,938,20,22,10,5,5,10,487,29,27,1.06 
2015,04,18,14:00,487,1103,14,938,16,9,10,5,6,4,487,24,17,1.34 
2015,04,18,14:00,1103,487,0,938,10,16,6,9,4,7,487,18,17,1.02 
2015,04,17,18:00,487,844,14,938,9,16,6,9,3,7,487,19,20,0.89 
2015,04,17,16:00,490,487,0,938,7,16,4,11,3,5,487,20,14,1.17 
2015,04,17,14:00,59,487,7,938,16,3,13,2,3,1,487,14,18,0.75 
2015,04,15,22:00,215,270,1,935,14,16,8,7,6,9,215,4,6,0.68 
2014,12,04,23:03,722,1149,0,982,13,16,6,9,7,7,722,24,22,1.09 
2014,12,04,19:00,722,1149,7,982,26,24,11,4,4,11,722,33,32,1.04 
2014,12,04,19:00,722,1149,6,982,8,16,4,11,4,5,722,9,18,0.57 
2014,12,04,19:00,1149,722,8,982,11,16,8,7,3,9,722,19,16,1.09 
2014,12,04,19:00,1149,722,4,982,16,4,11,4,5,0,722,10,17,0.71 
2014,12,02,18:30,1160,722,0,982,9,16,3,12,6,4,722,20,18,1.01 
2014,12,02,18:30,722,1160,7,982,5,16,3,12,2,4,722,13,17,0.78 
2014,12,02,18:30,722,1160,6,982,16,2,13,2,3,0,722,13,8,1.15 
2014,12,02,18:30,722,1160,4,982,16,13,11,4,5,9,722,12,22,0.56 
2014,11,15,17:35,384,1149,5,992,16,6,12,3,4,3,1149,9,17,0.63 
2014,10,17,21:15,941,936,6,993,16,8,9,6,7,2,936,15,18,0.83 
2014,10,17,19:00,954,936,6,993,4,16,3,12,1,4,936,15,9,1.19 
2014,10,14,18:00,722,1179,1,982,16,12,9,6,7,6,722,16,20,0.81 
2014,10,14,18:00,1179,722,8,982,9,16,5,10,4,6,722,18,13,1.11 
2014,10,07,20:00,1149,722,0,982,16,9,11,4,5,5,722,15,20,0.80 
2014,10,07,20:00,722,1149,7,982,15,21,10,5,5,10,722,25,28,0.87 
2014,08,28,20:00,722,1169,6,982,16,13,6,9,10,4,722,19,19,0.97 
2014,08,28,20:00,722,1169,1,982,8,16,7,8,1,8,722,10,20,0.51 
2014,08,28,20:00,1169,722,7,982,14,16,11,4,3,12,722,21,19,0.98 
2014,08,20,21:40,1206,722,0,1036,16,4,12,3,4,1,722,9,18,0.49 
2014,08,20,21:40,722,1206,6,1036,11,16,9,6,2,10,722,16,22,0.90 
2014,08,20,21:40,722,1206,7,1036,16,9,13,2,3,7,722,25,20,1.32 
2014,08,12,19:20,1218,722,1,1044,16,14,11,4,5,10,722,23,19,1.23 
2014,08,01,20:00,944,844,6,1044,16,3,12,3,4,0,844,12,19,0.65 
2014,07,31,18:00,210,936,0,1048,16,1,14,1,2,0,936,10,17,0.53 
2014,07,30,20:35,215,250,6,1049,16,13,10,5,6,8,215,0,2,0.76 
2014,07,26,20:30,844,287,1,1050,13,16,7,8,6,8,844,23,21,1.11 
2014,07,26,20:30,287,844,6,1050,21,18,10,5,5,10,844,26,31,0.84 
2014,07,26,13:00,215,844,0,1050,16,2,13,2,3,0,844,8,18,0.37 
2014,07,26,13:00,844,215,1,1050,4,16,4,11,0,5,844,6,19,0.38 
2014,07,25,20:00,8,844,0,1044,16,7,11,4,5,3,844,17,18,1.00 
2014,07,25,19:00,52,844,0,1044,16,14,4,11,12,3,844,19,22,0.92 
2014,07,21,21:00,314,844,6,1044,15,15,5,10,10,5,844,18,17,1.03 
2014,07,21,19:00,1219,844,1,1044,16,7,9,6,7,1,844,11,19,0.57 
2014,07,16,21:00,301,844,6,1044,16,4,12,3,4,1,844,4,17,0.29 
2014,07,16,20:10,844,1218,1,1044,14,16,7,8,7,8,844,25,23,1.06 
2014,07,16,19:00,743,844,6,1044,14,16,11,4,3,12,844,21,18,1.07 
2014,07,02,19:00,1169,844,0,982,6,16,6,9,0,7,844,15,11,1.08 
2014,07,02,19:00,1169,844,6,982,8,16,6,9,2,7,844,12,13,0.90 
2014,06,26,20:00,844,841,1,1044,14,16,7,8,7,8,844,26,23,1.09 
2014,06,17,20:00,1069,844,0,982,18,21,4,11,11,4,844,29,23,1.18 
2014,06,17,20:00,844,1069,1,982,16,7,9,6,7,1,844,14,12,1.05 
2014,04,30,19:00,1194,844,0,1070,2,16,2,13,0,3,844,11,11,0.96 
2014,04,30,19:00,1194,844,6,1070,8,16,6,9,2,7,844,14,18,0.79 
2014,04,29,18:00,722,844,0,1070,15,19,10,5,5,10,844,29,26,1.08 
2014,04,29,18:00,844,722,1,1070,16,3,12,3,4,0,844,15,11,1.31 
2014,04,28,18:00,844,1160,2,1070,16,6,12,3,4,3,844,12,7,1.09 
2014,04,28,18:00,1160,844,0,1070,16,13,5,10,11,3,844,18,22,0.86 
2014,04,28,18:00,1160,844,6,1070,14,16,8,7,6,9,844,18,19,1.17 
2014,04,13,17:00,1276,844,1,1078,13,16,4,11,9,5,844,22,20,1.13 
2014,04,13,10:30,1160,844,1,1078,16,11,7,8,9,3,844,23,21,1.11 
2014,04,13,10:30,844,1160,6,1078,16,2,13,2,3,0,844,19,6,1.97 
2014,04,13,10:30,1160,844,0,1078,16,6,14,1,2,5,844,14,19,0.70 
2014,04,12,11:00,844,1208,6,1078,16,9,12,3,4,6,844,18,14,1.05 
2014,04,12,11:00,1208,844,1,1078,18,22,7,8,8,7,844,26,29,1.03 
2014,02,27,19:00,945,844,5,1085,16,14,6,9,10,5,844,8,23,0.41 
2014,02,27,19:00,844,945,6,1085,9,16,8,7,1,9,844,17,16,1.02 
2014,02,27,19:00,945,844,1,1085,9,16,8,7,1,9,844,20,18,1.08 
2014,02,25,22:40,856,844,6,1085,14,16,9,6,5,10,844,20,23,0.98 
2014,02,25,22:40,844,856,0,1085,11,16,9,6,2,10,844,19,20,1.06 
2014,02,25,22:40,856,844,1,1085,8,16,3,12,5,4,844,26,13,1.52 
2014,02,25,19:00,49,844,6,1085,16,3,14,1,2,2,844,5,18,0.29 
2014,02,25,19:00,49,844,0,1085,18,21,6,9,9,6,844,17,26,0.73 
2014,02,25,19:00,844,49,1,1085,1,16,1,14,0,2,844,14,15,0.97 
2013,12,10,22:50,722,1323,0,1104,16,12,7,8,9,4,722,31,18,1.69 
2013,12,10,19:20,215,722,1,1104,16,11,5,10,11,1,722,12,21,0.60 
2013,12,09,20:00,1106,722,6,1104,16,7,12,3,4,4,722,12,20,0.64 
2013,12,07,21:00,941,936,1,1098,16,6,10,5,6,1,936,9,19,0.48 
2013,12,07,21:00,941,936,5,1098,21,18,11,4,4,11,936,27,29,0.94 
2013,12,07,21:00,936,941,6,1098,16,3,12,3,4,0,936,20,10,1.54 
2013,12,06,21:00,215,1305,6,1104,16,9,12,3,4,6,215,26,15,1.54 
2013,12,06,20:00,844,215,1,1104,15,15,13,2,2,13,215,21,19,1.08 
2013,12,05,20:00,287,215,6,1104,16,9,7,8,9,1,215,13,21,0.66 
2013,12,03,21:00,215,1069,2,1104,16,13,9,6,7,7,215,23,20,1.12 
2013,12,03,20:15,215,1045,0,1104,15,15,12,3,3,12,215,15,24,0.64 
2013,12,03,18:00,1106,215,6,1104,5,16,4,11,1,5,215,21,11,1.47 
2013,11,28,12:15,1045,215,0,1105,16,13,9,6,7,7,215,12,24,0.53 
2013,11,28,11:00,215,210,0,1105,9,16,3,12,6,4,215,15,22,0.69 
2013,11,25,22:00,215,275,1,1104,16,8,9,6,7,2,215,13,13,0.95 
2013,11,16,17:25,215,1311,6,1107,9,16,7,8,2,8,215,13,20,0.66 
2013,11,16,17:25,1311,215,1,1107,19,16,10,5,5,10,215,20,22,0.95 
2013,11,16,17:25,1311,215,0,1107,10,16,3,12,7,4,215,16,20,0.77 
2013,11,16,15:30,215,1322,6,1107,14,16,7,8,7,8,215,16,23,0.71 
2013,11,16,15:30,1322,215,2,1107,16,4,11,4,5,0,215,5,17,0.51 
2013,11,16,08:00,1311,215,6,1107,23,25,10,5,5,10,215,34,33,1.05 
2013,11,16,08:00,1311,215,0,1107,16,4,11,4,5,0,215,13,18,0.89 
2013,11,16,07:59,1311,215,1,1107,12,16,10,5,2,11,215,10,18,0.61 
2013,11,13,21:00,1244,215,6,1104,16,8,12,3,4,5,215,13,22,0.59 
2013,11,09,18:00,934,936,9,1098,9,16,5,10,4,6,936,13,17,0.77 
2013,11,09,17:00,936,71,11,1098,16,1,14,1,2,0,936,18,6,1.79 
2013,10,27,13:30,1322,215,6,1112,16,5,13,2,3,3,215,7,16,0.47 
2013,10,26,21:00,215,250,1,1112,2,16,1,14,1,2,215,11,15,0.74 
2013,10,26,17:30,1322,215,1,1112,28,31,4,11,11,4,215,55,46,1.28 
2013,10,09,20:05,215,1312,9,1116,16,11,7,8,9,3,215,14,17,0.84 
2013,10,09,19:00,215,49,9,1116,16,12,7,8,9,4,215,12,16,0.79 
2013,10,05,19:00,936,74,10,1098,16,5,11,4,5,1,936,20,9,1.59 
2013,10,05,18:00,959,936,13,1098,7,16,6,9,1,7,936,14,20,0.72 
2013,09,26,21:30,215,1323,10,1120,15,15,8,7,7,8,215,18,17,1.03 
2013,09,26,18:00,215,841,10,1120,6,16,3,12,3,4,215,14,19,0.70 
2013,09,25,21:00,749,215,11,1120,7,16,3,12,4,4,215,19,12,1.21 
2013,09,25,19:00,1345,215,9,1125,16,5,10,5,6,0,215,14,18,0.84 
2013,09,24,21:00,215,132,11,1125,16,9,7,8,9,1,215,15,14,0.93 
2013,09,24,20:00,215,690,11,1125,16,4,12,3,4,1,215,16,5,1.51 
2013,09,24,19:00,250,215,11,1120,16,12,10,5,6,7,215,22,20,1.08 
2013,09,19,19:30,215,1280,10,1120,3,16,3,12,0,4,215,8,17,0.50 
2013,09,18,19:00,215,1311,11,1125,14,16,9,6,5,10,215,18,21,0.82 
2013,09,17,21:00,384,215,11,1125,9,16,6,9,3,7,215,21,17,1.24 
2013,09,17,20:00,1355,215,10,1125,8,16,5,10,3,6,215,19,16,1.13 
2013,09,15,09:05,698,215,9,1126,16,11,9,6,7,5,215,23,20,1.18 
2013,09,15,09:05,215,698,12,1126,11,16,6,9,5,7,215,18,17,1.12 
2013,09,15,09:05,215,698,10,1126,16,7,10,5,6,2,215,19,14,1.12 
2013,09,14,20:55,384,215,9,1126,13,16,4,11,9,5,215,26,15,1.33 
2013,09,14,20:55,215,384,10,1126,16,8,8,7,8,1,215,22,12,1.39 
2013,09,14,18:45,1356,215,9,1126,3,16,3,12,0,4,215,15,6,1.37 
2013,09,14,16:45,215,1311,10,1126,10,16,9,6,1,10,215,14,18,0.77 
2013,09,14,15:49,215,1357,9,1126,16,5,11,4,5,1,215,16,12,1.15 
2013,09,10,21:38,250,215,7,1125,16,3,14,1,2,2,215,12,17,0.74 
2013,09,10,20:00,1244,215,10,1125,12,16,4,11,8,5,215,17,20,0.80 
2013,09,09,22:40,49,215,9,1120,14,16,7,8,7,8,215,20,21,0.90 
2013,09,09,21:00,287,215,11,1117,16,11,10,5,6,6,215,23,21,1.06 
2013,09,09,20:00,215,698,11,1117,15,15,11,4,4,11,215,24,20,1.11 
2013,09,08,21:00,215,1311,10,1120,9,16,3,12,6,4,215,19,17,1.08 
2013,09,08,19:00,215,287,9,1120,5,16,4,11,1,5,215,7,21,0.31 
2013,09,08,18:00,1317,215,9,1120,15,15,6,9,9,6,215,19,22,0.84 
2013,09,06,20:00,215,1317,10,1117,15,15,8,7,7,8,215,19,19,0.96 
2013,09,06,19:00,215,210,11,1120,16,14,12,3,4,11,215,22,19,1.22 
2013,09,06,18:00,1106,215,9,1120,15,15,7,8,8,7,215,29,19,1.38 
2013,09,05,21:00,1106,215,9,1117,1,16,1,14,0,2,215,11,6,1.14 
2013,09,05,20:00,215,210,10,1117,16,7,11,4,5,3,215,17,14,1.09 
2013,09,03,20:00,544,215,9,1125,21,17,6,9,9,6,215,29,28,1.02 
2013,08,28,19:00,215,1360,9,1120,16,8,9,6,7,2,215,14,11,0.97 
2013,08,28,18:00,844,215,10,1120,15,15,11,4,4,11,215,18,20,0.87 
2013,08,11,21:00,210,1371,10,1132,16,11,9,6,7,5,1371,17,21,0.84 
2013,08,11,19:00,384,1371,9,1132,16,1,14,1,2,0,1371,3,16,0.20 
2013,06,25,19:00,1391,287,9,1138,3,16,3,12,0,4,1391,10,17,0.56 
2013,06,24,20:00,1391,8,9,1138,10,16,3,12,7,4,1391,14,23,0.63 
2013,06,24,19:00,841,1391,11,1138,16,4,11,4,5,0,1391,19,18,1.19 
2013,06,19,21:00,1391,1323,10,1138,16,2,13,2,3,0,1391,17,8,1.44 
2013,06,18,21:00,1391,1093,10,1138,16,4,11,4,5,0,1391,10,11,0.87 
2013,06,18,20:00,1312,1391,10,1138,16,5,13,2,3,3,1391,8,18,0.46 
2013,06,11,22:00,49,1391,9,1138,16,10,9,6,7,4,1391,15,17,0.90 
2013,06,11,20:00,250,1391,10,1138,16,4,13,2,3,2,1391,17,18,1.14 
2013,06,05,21:00,749,1391,9,1138,15,15,7,8,8,7,1391,25,19,1.25 
2013,06,05,20:00,215,1391,9,1138,16,10,5,10,11,0,1391,16,16,0.92 
2013,06,02,21:15,705,1391,12,1138,15,15,12,3,3,12,1391,20,22,0.85 
2013,06,02,20:00,1106,1391,9,1138,16,8,7,8,9,0,1391,17,20,0.92 
2013,05,30,21:00,1391,1397,10,1138,16,2,13,2,3,0,1391,17,9,1.42 
2013,05,23,20:30,1149,1391,10,1138,6,16,3,12,3,4,1391,15,12,1.02 
2013,05,13,20:00,210,1391,10,1138,16,4,12,3,4,1,1391,9,18,0.52 
2013,03,19,18:00,1391,8,9,1158,8,16,1,14,7,2,1391,13,21,0.59 
2013,03,18,19:00,214,1391,9,1158,2,16,2,13,0,3,1391,16,8,1.39 
2013,03,14,18:00,1391,1106,12,1158,4,16,2,13,2,3,1391,9,19,0.45 
2013,03,12,18:40,1391,1407,10,1158,16,1,14,1,2,0,1391,13,8,1.24 
2013,03,11,20:00,250,1391,12,1158,16,3,12,3,4,0,1391,13,19,0.72 
2013,03,11,19:00,1391,215,10,1158,16,3,12,3,4,0,1391,18,13,1.26 
2013,03,10,19:00,1391,49,10,1158,16,4,14,1,2,3,1391,16,12,1.20 
2013,03,07,19:00,1391,1214,9,1158,16,7,9,6,7,1,1391,22,12,1.49 
2013,03,07,18:00,841,1391,12,1158,16,5,13,2,3,3,1391,10,18,0.68 
2013,03,06,19:20,1391,1323,10,1158,16,6,10,5,6,1,1391,18,13,1.23 
