2016,07,15,18:00,102,225,14,503,6,16,4,11,2,5,225,16,12,1.19 
2016,07,15,18:00,102,225,7,503,16,19,7,8,8,7,225,26,24,1.08 
2016,07,14,20:45,225,177,2,503,16,13,9,6,7,7,225,18,19,0.92 
2016,07,06,21:00,225,249,0,487,16,4,11,4,5,0,225,14,7,1.32 
2016,07,06,21:00,249,225,1,487,14,16,7,8,7,8,225,36,21,1.67 
2016,04,25,21:15,473,474,7,551,16,13,7,8,9,5,473,25,20,1.37 
2016,04,25,21:15,473,474,14,551,16,14,10,5,6,9,473,14,20,0.78 
2015,12,17,22:00,53,490,0,693,6,16,4,11,2,5,53,16,21,0.96 
2015,12,17,20:45,137,53,7,693,19,17,10,5,5,10,53,29,26,1.14 
2015,12,17,18:15,53,218,1,693,16,14,7,8,9,6,53,16,22,0.82 
2015,08,07,20:00,369,1042,0,867,16,11,6,9,10,2,1042,20,23,0.95 
2015,08,07,20:00,1042,369,7,867,2,16,2,13,0,3,1042,11,17,0.65 
2015,06,03,21:10,1062,196,4,654,16,14,6,9,10,5,1062,15,20,0.79 
2015,06,03,21:10,196,1062,1,654,7,16,7,8,0,8,1062,26,12,1.66 
2015,06,02,21:00,1062,302,2,654,6,16,6,9,0,7,1062,17,17,0.94 
2015,06,02,21:00,1062,302,0,654,10,16,7,8,3,8,1062,22,20,1.12 
2015,06,02,21:00,302,1062,4,654,14,16,10,5,4,11,1062,26,19,1.16 
2015,05,31,16:30,1062,1061,1,896,16,11,6,9,10,2,1062,20,18,1.04 
2015,05,31,12:15,1062,1061,0,896,16,11,6,9,10,2,1062,19,23,0.82 
2015,05,31,12:15,1061,1062,7,896,16,7,9,6,7,1,1062,10,19,0.68 
2015,05,29,18:00,258,1062,1,909,16,9,10,5,6,4,1062,18,21,0.86 
2015,05,29,18:00,1062,258,0,909,16,6,13,2,3,4,1062,10,14,0.73 
2015,05,29,18:00,258,1062,7,909,19,17,7,8,8,7,1062,29,25,1.29 
2015,05,26,21:00,749,1062,7,909,13,16,10,5,3,11,1062,18,17,1.00 
2015,05,26,19:00,1062,647,14,841,12,16,5,10,7,6,1062,20,23,0.87 
2015,05,25,21:30,1062,1054,14,654,16,13,11,4,5,9,1062,24,16,1.34 
2015,05,25,21:30,1054,1062,0,654,12,16,3,12,9,4,1062,26,18,1.38 
2015,05,24,22:00,1062,214,4,654,3,16,3,12,0,4,1062,6,18,0.34 
2015,05,24,22:00,1062,214,0,654,11,16,7,8,4,8,1062,26,18,1.42 
2015,05,24,22:00,1062,214,1,654,16,13,7,8,9,5,1062,30,15,1.64 
2015,05,24,19:00,1062,1045,0,841,16,10,12,3,4,7,1062,20,13,1.27 
2015,05,23,23:55,1062,1070,0,915,13,16,6,9,7,7,1062,26,19,1.27 
2015,05,23,22:30,1062,23,1,915,16,9,10,5,6,4,1062,15,15,0.92 
2015,05,22,21:30,59,1062,2,909,16,13,9,6,7,7,1062,19,18,0.98 
2015,05,22,21:30,59,1062,14,909,16,13,9,6,7,7,1062,14,21,0.73 
2015,05,20,21:00,1062,458,14,909,16,3,12,3,4,0,1062,18,10,1.39 
2015,05,20,21:00,1062,458,4,909,16,14,10,5,6,9,1062,19,22,0.84 
2015,05,20,21:00,1062,458,1,909,11,16,7,8,4,8,1062,10,20,0.56 
2015,05,19,21:00,210,1062,4,909,16,14,11,4,5,10,1062,29,20,1.32 
2015,05,19,21:00,1062,210,14,909,11,16,6,9,5,7,1062,18,20,0.88 
2015,05,19,21:00,1062,210,0,909,16,10,13,2,3,8,1062,16,17,0.95 
2015,05,18,21:30,29,1062,7,841,16,9,9,6,7,3,1062,19,19,0.99 
2015,05,13,21:00,1079,1062,7,909,12,16,7,8,5,8,1062,18,18,1.06 
2015,05,13,21:00,1062,1079,1,909,16,6,10,5,6,1,1062,23,11,1.62 
2015,05,12,21:00,1062,1087,14,925,16,9,8,7,8,2,1062,23,12,1.45 
2015,05,12,21:00,1087,1062,1,925,13,16,7,8,6,8,1062,23,16,1.41 
2015,05,11,21:00,1052,1062,7,654,14,16,10,5,4,11,1062,23,16,1.23 
2015,05,11,21:00,1052,1062,0,654,12,16,9,6,3,10,1062,35,15,1.80 
2015,05,10,22:00,490,1062,0,920,12,16,5,10,7,6,1062,19,17,0.99 
2015,05,10,22:00,1062,490,7,920,16,8,12,3,4,5,1062,22,16,1.18 
2015,05,05,21:00,1062,1044,7,920,16,14,8,7,8,7,1062,17,22,0.77 
2015,05,05,21:00,1044,1062,0,920,5,16,2,13,3,3,1062,20,8,1.63 
2015,04,21,19:15,674,1062,1,936,16,12,12,3,4,9,1062,38,17,2.22 
2015,04,04,10:00,674,1062,0,948,16,4,13,2,3,2,1062,18,15,1.30 
2015,04,03,22:30,1062,749,7,948,14,16,6,9,8,7,1062,23,21,1.06 
2015,04,03,22:30,1062,749,5,948,11,16,6,9,5,7,1062,22,19,1.09 
2015,04,03,19:30,1062,1117,1,948,16,14,4,11,12,3,1062,15,21,0.72 
2015,04,03,19:30,1117,1062,0,948,13,16,11,4,2,12,1062,27,17,1.44 
2015,04,03,15:30,270,1062,14,948,16,5,11,4,5,1,1062,14,17,0.91 
2015,04,03,15:30,270,1062,5,948,16,4,13,2,3,2,1062,7,18,0.40 
2015,04,03,12:00,1062,1117,5,948,16,2,13,2,3,0,1062,14,10,1.27 
2015,04,03,12:00,1117,1062,0,948,10,16,6,9,4,7,1062,18,17,1.02 
2014,10,08,21:00,52,945,1,996,15,19,10,5,5,10,945,16,17,0.89 
2014,10,08,21:00,945,52,7,996,1,16,1,14,0,2,945,6,16,0.36 
2014,10,08,20:51,945,52,0,996,16,4,11,4,5,0,945,13,8,1.18 
2014,10,08,18:00,210,945,6,996,16,5,14,1,2,4,945,12,17,0.69 
2014,10,07,19:00,214,945,14,1013,16,6,12,3,4,3,945,14,20,0.68 
2014,10,07,19:00,214,945,6,1013,16,14,9,6,7,8,945,24,23,1.07 
2014,10,07,19:00,945,214,7,1013,16,13,9,6,7,7,945,19,20,0.88 
2014,10,07,19:00,945,214,1,1013,10,16,8,7,2,9,945,17,15,1.05 
2014,09,23,22:10,945,287,1,1023,16,8,10,5,6,3,945,18,12,1.06 
2014,09,23,22:10,287,945,6,1023,10,16,3,12,7,4,945,21,17,1.09 
2014,09,23,20:10,854,945,1,1023,10,16,5,10,5,6,945,18,15,1.06 
2014,08,10,20:15,13,1149,0,1040,12,16,10,5,2,11,13,14,21,0.68 
2014,04,18,21:00,1045,945,0,1076,22,19,5,10,10,5,945,19,33,0.62 
2014,04,18,21:00,1045,945,1,1076,16,4,11,4,5,0,945,8,18,0.44 
2014,04,18,17:00,945,698,1,1076,16,5,10,5,6,0,945,8,12,0.70 
2014,04,18,17:00,945,698,0,1076,16,5,11,4,5,1,945,20,12,1.45 
2014,03,26,20:00,945,1045,0,1081,24,26,7,8,8,7,945,39,41,1.05 
2014,03,20,18:30,945,215,0,1080,9,16,7,8,2,8,945,14,21,0.76 
2014,03,11,22:00,945,214,2,1080,12,16,10,5,2,11,945,8,21,0.48 
2014,03,11,19:30,711,945,1,1080,16,13,6,9,10,4,945,16,21,0.81 
2014,02,27,23:00,945,214,5,1085,5,16,5,10,0,6,945,12,16,0.74 
2014,02,27,23:00,214,945,2,1085,16,10,8,7,8,3,945,15,16,0.89 
2014,02,27,19:00,945,844,5,1085,16,14,6,9,10,5,945,16,21,0.90 
2014,02,27,19:00,844,945,6,1085,9,16,8,7,1,9,945,17,12,1.18 
2014,02,27,19:00,945,844,1,1085,9,16,8,7,1,9,945,15,21,0.77 
2014,02,26,22:00,945,215,2,1085,23,26,6,9,9,6,945,36,34,0.99 
2014,02,26,22:00,945,215,6,1085,16,5,14,1,2,4,945,15,10,1.33 
2014,02,26,22:00,215,945,1,1085,16,11,7,8,9,3,945,13,21,0.67 
2014,02,25,19:00,1274,945,1,1085,7,16,4,11,3,5,945,24,11,1.65 
2014,02,25,19:00,945,1274,6,1085,16,12,8,7,8,5,945,16,18,0.87 
2014,02,24,21:00,301,210,6,1079,19,17,4,11,11,4,210,5,5,0.84 
2013,12,14,19:30,302,53,2,1102,16,6,14,1,2,5,302,19,14,1.20 
2013,12,14,19:30,302,53,5,1102,16,9,10,5,6,4,302,14,13,0.98 
2013,12,14,19:30,53,302,6,1102,16,14,5,10,11,4,302,17,21,0.76 
2013,12,14,15:30,250,302,1,1102,16,3,12,3,4,0,302,8,19,0.47 
2013,12,14,15:30,250,302,0,1102,16,14,10,5,6,9,302,13,22,0.66 
2013,12,14,15:30,302,250,6,1102,16,12,6,9,10,3,302,27,17,1.44 
2013,10,26,16:00,1312,210,6,1112,12,16,9,6,3,10,1312,16,20,0.83 
2013,10,26,14:00,1312,384,8,1112,9,16,5,10,4,6,1312,10,17,0.66 
2013,10,09,22:40,1312,49,9,1116,16,5,11,4,5,1,1312,21,8,1.64 
2013,10,09,20:05,215,1312,9,1116,16,11,7,8,9,3,1312,12,16,0.75 
2013,10,09,19:00,1312,1347,13,1116,16,12,9,6,7,6,1312,20,18,1.12 
2013,10,03,21:00,1312,250,12,1117,7,16,5,10,2,6,1312,12,18,0.76 
2013,10,03,21:00,250,1312,9,1117,14,16,5,10,9,6,1312,18,19,0.92 
2013,10,03,21:00,250,1312,13,1117,16,14,10,5,6,9,1312,20,26,0.82 
2013,10,02,20:00,1106,1312,9,1120,13,16,6,9,7,7,1312,13,19,0.80 
2013,09,30,20:00,1312,698,12,1117,19,22,8,7,7,8,1312,30,32,1.05 
2013,09,30,20:00,1312,698,9,1117,13,16,3,12,10,4,1312,23,18,1.19 
2013,09,26,22:00,1312,287,13,1120,12,16,6,9,6,7,1312,19,21,0.92 
2013,09,24,20:00,1312,841,10,1125,1,16,1,14,0,2,1312,8,16,0.54 
2013,09,23,22:00,1312,287,10,1117,16,10,10,5,6,5,1312,18,12,1.20 
2013,09,23,22:00,1312,287,13,1117,17,19,7,8,8,7,1312,19,26,0.80 
2013,09,23,22:00,1312,287,9,1117,16,11,9,6,7,5,1312,17,20,0.80 
2013,09,23,20:15,1317,1312,10,1120,16,12,10,5,6,7,1312,17,22,0.85 
2013,09,20,21:15,1312,1323,13,1120,12,16,7,8,5,8,1312,12,20,0.68 
2013,09,20,20:30,1312,844,10,1120,16,9,11,4,5,5,1312,17,12,1.12 
2013,09,19,22:00,749,1312,9,1120,10,16,5,10,5,6,1312,21,12,1.23 
2013,09,14,20:55,1312,1311,13,1126,10,16,9,6,1,10,1312,9,21,0.45 
2013,09,14,20:55,1312,1311,10,1126,7,16,3,12,4,4,1312,11,19,0.72 
2013,09,14,14:00,1312,159,10,1126,16,12,8,7,8,5,1312,20,15,1.12 
2013,09,14,11:30,1312,384,10,1126,17,19,4,11,11,4,1312,26,23,1.08 
2013,09,14,09:00,159,1312,10,1126,10,16,6,9,4,7,1312,23,18,1.17 
2013,09,11,20:00,1317,1312,10,1125,16,10,8,7,8,3,1312,9,23,0.43 
2013,09,10,21:00,384,1312,9,1125,9,16,7,8,2,8,1312,23,15,1.44 
2013,09,10,20:00,1312,1348,13,1125,16,7,10,5,6,2,1312,17,12,1.18 
2013,09,09,20:00,1312,841,10,1120,4,16,4,11,0,5,1312,16,18,0.98 
2013,09,09,18:00,1312,1280,10,1120,16,9,9,6,7,3,1312,19,12,1.14 
2013,09,08,22:00,1311,1312,9,1120,16,5,11,4,5,1,1312,15,18,0.80 
2013,09,03,21:00,250,1312,9,1125,16,8,10,5,6,3,1312,13,20,0.69 
2013,09,03,20:00,1364,1312,10,1125,12,16,4,11,8,5,1312,21,18,1.08 
2013,09,02,20:00,49,1312,9,1120,16,11,12,3,4,8,1312,24,18,1.36 
2013,09,02,19:00,250,1312,9,1120,16,13,6,9,10,4,1312,19,18,0.96 
2013,09,02,18:00,698,1312,10,1120,16,12,5,10,11,2,1312,19,19,0.95 
2013,08,28,21:00,1312,384,13,1117,16,5,11,4,5,1,1312,12,11,1.06 
2013,08,28,19:00,1312,841,10,1117,16,13,9,6,7,7,1312,14,19,0.76 
2013,08,26,21:20,1312,250,13,1117,11,16,10,5,1,11,1312,24,20,1.17 
2013,08,26,20:00,1045,1312,10,1117,11,16,6,9,5,7,1312,28,18,1.50 
2013,08,26,19:00,1311,1312,9,1117,14,16,6,9,8,7,1312,25,18,1.27 
2013,08,25,19:00,1312,210,10,1120,11,16,8,7,3,9,1312,19,19,1.19 
2013,08,24,20:30,1312,1368,13,1128,16,9,7,8,9,1,1312,25,13,1.55 
2013,08,24,20:30,1368,1312,10,1128,13,16,8,7,5,9,1312,29,18,1.55 
2013,08,23,00:15,275,1312,13,1129,13,16,6,9,7,7,1312,28,17,1.38 
2013,08,23,00:15,1312,275,10,1129,16,4,13,2,3,2,1312,24,9,1.89 
2013,08,08,22:40,1312,1317,10,1134,11,16,3,12,8,4,1312,19,21,0.93 
2013,08,08,22:40,1312,1317,9,1134,7,16,6,9,1,7,1312,10,19,0.53 
2013,08,08,18:40,1312,158,12,1134,16,11,8,7,8,4,1312,20,14,1.16 
2013,06,15,22:30,517,250,9,1139,20,22,9,6,6,9,517,28,25,1.04 
2013,06,15,22:30,517,158,10,1139,16,8,10,5,6,3,517,21,15,1.25 
2013,06,15,19:20,1370,517,9,1139,16,13,5,10,11,3,517,18,20,0.87 
2013,06,12,21:00,250,517,10,1141,13,16,9,6,4,10,517,20,18,0.95 
2013,06,12,20:00,517,210,10,1141,8,16,5,10,3,6,517,13,19,0.67 
2013,06,12,19:00,1383,517,13,1141,16,14,9,6,7,8,517,18,24,0.76 
2013,06,04,20:00,1312,1395,9,1143,16,12,7,8,9,4,1395,15,19,0.75 
2013,05,28,20:00,1317,1395,9,1143,16,9,10,5,6,4,1395,17,19,0.88 
2013,05,21,21:00,215,1395,9,1143,16,5,11,4,5,1,1395,10,17,0.61 
2013,05,21,20:00,8,1395,9,1143,5,16,4,11,1,5,1395,16,13,1.06 
2013,05,14,21:30,384,1395,11,1143,16,3,12,3,4,0,1395,15,17,0.96 
2013,05,14,20:00,1395,275,10,1143,16,6,9,6,7,0,1395,18,14,1.06 
2013,04,21,15:30,1370,1395,13,1146,26,23,8,7,7,8,1395,45,35,1.31 
2013,04,21,15:30,1395,1370,9,1146,16,6,9,6,7,0,1395,21,9,1.52 
2013,04,21,15:30,1395,1370,11,1146,8,16,6,9,2,7,1395,11,18,0.64 
2013,04,20,17:00,1395,1403,9,1146,9,16,5,10,4,6,1395,12,21,0.55 
2013,04,20,17:00,1395,1403,11,1146,8,16,5,10,3,6,1395,2,20,0.21 
2013,04,20,14:30,1395,1151,10,1146,16,5,11,4,5,1,1395,15,11,1.07 
2013,04,20,14:30,1395,1151,11,1146,16,5,11,4,5,1,1395,17,8,1.40 
2013,04,14,11:00,1395,210,12,1151,10,16,6,9,4,7,1395,14,20,0.77 
2013,04,14,11:00,1395,210,9,1151,16,5,12,3,4,2,1395,8,11,0.90 
2013,04,14,11:00,210,1395,10,1151,21,18,5,10,10,5,1395,26,29,0.96 
2013,04,13,11:00,1395,1312,11,1151,16,5,11,4,5,1,1395,20,14,1.29 
2013,04,13,11:00,1395,1312,9,1151,16,4,11,4,5,0,1395,18,8,1.44 
2013,03,30,14:30,1353,698,9,1155,16,8,10,5,6,3,698,20,19,1.06 
2013,03,30,10:00,698,210,12,1155,14,16,12,3,2,13,698,20,23,0.84 
2013,03,30,10:00,210,698,10,1155,16,7,11,4,5,3,698,15,18,0.87 
2013,03,30,00:15,698,1383,10,1155,16,14,6,9,10,5,698,14,20,0.74 
2013,03,30,00:15,698,1383,9,1155,16,11,9,6,7,5,698,17,14,1.05 
2013,03,29,17:00,1419,698,12,1155,10,16,8,7,2,9,698,19,16,1.04 
2013,03,29,17:00,698,1419,10,1155,16,11,9,6,7,5,698,21,15,1.12 
2013,03,29,17:00,698,1419,11,1155,14,16,9,6,5,10,698,22,20,0.99 
2013,03,29,13:30,1106,698,10,1155,12,16,7,8,5,8,698,22,18,1.10 
2013,03,29,13:30,698,1106,11,1155,16,5,11,4,5,1,698,15,9,1.15 
2013,03,29,10:00,698,1317,11,1155,10,16,3,12,7,4,698,18,19,1.00 
2013,03,29,10:00,1317,698,10,1155,11,16,5,10,6,6,698,27,16,1.55 
2013,03,29,10:00,1317,698,13,1155,16,4,12,3,4,1,698,5,19,0.25 
2013,03,17,19:00,1433,1430,11,1163,8,16,7,8,1,8,1433,16,19,0.94 
2013,03,17,19:00,1430,1433,10,1163,25,23,8,7,7,8,1433,38,35,1.09 
2013,03,09,19:00,698,1440,10,1166,10,16,5,10,5,6,698,16,22,0.77 
2013,03,09,19:00,698,1440,11,1166,8,16,3,12,5,4,698,12,16,0.83 
