59,85,11,19,0.58
66,85,17,18,1.00
134,85,16,22,0.84
137,85,13,20,0.73
1049,85,18,17,0.98
1050,85,5,15,0.37
1404,85,18,20,0.88
1405,85,18,26,0.74
1430,85,24,18,1.11
1431,85,26,15,1.43
1432,85,29,25,1.19
1455,85,8,16,0.61
1477,85,18,17,0.92
1716,85,13,19,0.86
1717,85,12,18,0.70
1752,85,13,23,0.62
1828,85,8,24,0.41
1829,85,15,13,0.93
1830,85,10,21,0.56
1852,85,18,17,1.02
1860,85,24,14,1.58
2025,85,13,18,0.72
2026,85,18,27,0.65
2027,85,16,12,1.17
2052,85,26,21,1.13
2053,85,15,21,0.68
2079,85,14,14,0.90
2083,85,11,16,0.80
2596,85,15,17,0.83
2597,85,17,9,1.21
2637,85,12,17,0.70
2639,85,11,15,0.74
2726,85,25,19,1.28
2727,85,18,12,1.27
2843,85,13,21,0.68
2844,85,21,24,0.93
2845,85,18,14,1.05
2863,85,16,19,0.80
2884,85,9,23,0.39
2885,85,22,22,1.00
3074,85,16,24,0.67
3075,85,17,12,1.15
3221,85,15,14,0.93
3223,85,13,19,0.76
3302,85,26,28,0.99
3314,85,14,11,1.03
3334,85,11,14,0.77
3336,85,14,10,1.19
3571,85,30,19,1.73
3572,85,14,19,0.87
3687,85,15,20,0.81
3688,85,11,17,0.72
3689,85,9,16,0.61
3711,85,18,18,0.95
3744,85,22,16,1.38
3797,85,15,12,1.20
3798,85,19,20,0.90
3799,85,12,17,0.85
3929,85,12,16,0.75
3930,85,15,18,0.80
3939,85,11,13,0.75
3940,85,19,18,1.15
3965,85,14,15,0.89
3985,85,13,22,0.61
4294,85,9,17,0.56
4295,85,8,19,0.47
4383,85,7,11,0.67
4385,85,17,18,0.93
4486,85,12,17,0.72
4487,85,18,18,0.87
4488,85,13,19,0.75
4491,85,22,16,1.31
4492,85,21,9,1.75
4509,85,9,10,0.88
4511,85,24,14,1.50
4631,85,16,10,1.20
4634,85,16,13,1.04
4717,85,13,19,0.69
4718,85,17,19,0.88
4818,85,17,10,1.29
4820,85,13,18,0.70
4882,85,6,20,0.35
4883,85,26,19,1.39
4884,85,11,18,0.59
4902,85,25,17,1.23
4906,85,17,15,1.10
4908,85,13,16,0.82
4912,85,15,13,0.96
4913,85,12,22,0.54
5026,85,11,25,0.44
5027,85,12,23,0.59
5028,85,11,15,0.71
5053,85,20,21,0.93
5059,85,15,12,1.11
5189,85,20,17,1.05
5191,85,14,21,0.87
5206,85,14,19,0.87
5214,85,18,17,0.97
5221,85,20,21,1.06
5227,85,10,14,0.76
5267,85,20,6,1.79
5278,85,16,26,0.68
5308,85,9,17,0.59
5309,85,20,11,1.40
5415,85,13,19,0.72
5416,85,22,15,1.32
5426,85,8,19,0.52
5427,85,22,16,1.22
5433,85,16,11,1.18
5434,85,11,9,1.00
5448,85,13,19,0.77
5449,85,19,22,0.86
5450,85,23,24,1.06
5486,85,22,23,0.94
5487,85,23,20,1.18
5488,85,18,20,0.83
5495,85,13,7,1.19
5496,85,11,10,1.00
5613,85,21,19,1.16
5614,85,9,18,0.54
5634,85,22,28,0.86
5638,85,14,16,0.92
5704,743,19,22,0.88
5705,743,13,17,0.73
5706,743,6,17,0.43
5718,743,6,17,0.48
5719,743,18,11,1.17
5720,743,6,19,0.41
5726,743,10,23,0.54
5727,743,23,21,1.00
5728,743,15,21,0.72
5729,743,16,10,1.24
5749,743,17,12,1.18
5750,743,20,13,1.44
5756,743,21,12,1.46
5757,743,20,30,0.66
5758,743,31,25,1.13
5819,743,22,22,0.92
5820,743,15,12,1.08
5843,743,16,8,1.42
5844,743,14,14,0.88
6051,743,25,22,1.22
6052,743,25,14,1.47
6239,743,24,19,1.18
6240,743,15,22,0.68
6292,743,20,21,0.98
6293,743,14,21,0.68
6321,743,10,16,0.71
6322,743,19,19,0.97
6423,743,17,20,0.89
6424,743,21,12,1.46
6526,743,5,18,0.23
6533,743,24,23,1.10
6534,743,18,18,0.95
6568,743,18,21,0.89
6569,743,14,22,0.67
6650,132,26,19,1.50
6651,132,15,19,0.83
6670,132,18,23,0.78
6671,132,21,21,0.96
6672,132,17,14,1.07
6710,132,13,8,1.19
6711,132,12,16,0.74
6712,132,12,17,0.72
6737,132,26,23,1.23
6738,132,16,22,0.78
6739,132,16,11,1.25
6788,132,21,25,0.83
6789,132,11,20,0.60
6790,132,18,14,1.26
6872,132,20,18,1.07
6873,132,10,11,0.89
6939,132,12,22,0.61
6940,132,14,16,0.85
6949,132,23,11,1.68
6950,132,11,16,0.70
6951,132,10,20,0.52
6977,132,14,12,1.07
6978,132,14,24,0.69
6979,132,16,17,0.86
7129,132,22,24,0.85
7130,132,13,18,0.82
7164,132,21,19,1.05
7177,132,27,11,1.81
7188,132,12,9,0.98
7189,132,38,26,1.41
7688,132,15,20,0.80
7693,132,27,21,1.31
7694,132,23,16,1.22
7732,132,9,20,0.47
7733,132,20,19,1.15
7783,132,12,9,1.02
7810,132,19,16,1.15
7887,132,14,18,0.74
7888,132,19,10,1.53
7945,132,29,31,1.04
7955,132,11,16,0.73
7956,132,15,12,0.99
7978,132,15,18,0.93
8018,132,12,20,0.66
8025,132,5,9,0.66
8027,132,25,17,1.48
8045,132,15,14,1.03
8046,132,18,17,0.92
8085,132,21,12,1.51
8102,132,31,27,1.22
8119,132,6,21,0.31
8120,132,20,12,1.37
8164,132,9,11,0.86
8231,132,5,20,0.33
8232,132,19,23,0.77
8233,132,23,19,1.18
8242,132,12,20,0.68
8245,132,19,17,1.01
8276,132,14,20,0.72
8285,132,14,14,0.97
8301,132,16,16,0.93
8302,132,15,16,0.97
8321,132,11,8,1.05
8336,132,40,22,1.59
8356,132,22,11,1.55
8357,132,23,23,0.95
8447,132,15,13,1.19
8509,132,13,17,0.79
8516,132,9,12,0.74
8524,132,14,10,1.09
8593,132,17,19,0.85
8594,132,24,21,1.17
8617,132,23,22,1.13
8618,132,16,20,0.90
8656,132,21,18,1.33
8657,132,11,24,0.49
8722,132,16,17,0.95
8742,132,9,8,0.92
8803,132,24,14,1.31
8816,132,12,20,0.60
8817,132,21,13,1.26
8938,132,17,9,1.39
8939,132,25,20,1.18
8998,132,19,13,1.29
9012,132,12,18,0.70
9065,132,20,21,1.16
9066,132,20,19,0.98
9075,132,19,24,0.89
9076,132,17,14,1.13
9084,132,15,15,1.07
9090,132,17,14,1.17
9135,132,15,19,0.81
9183,972,20,14,1.31
9188,132,28,25,1.18
9196,132,14,22,0.68
9212,132,10,13,0.79
9241,132,15,21,0.69
9258,132,15,13,1.08
9393,132,19,20,1.07
9394,132,8,21,0.44
9395,132,12,10,1.04
9396,132,11,21,0.57
9397,132,21,20,1.04
9426,132,10,21,0.52
9427,132,23,14,1.36
9428,132,10,17,0.68
9452,132,19,26,0.73
9463,132,16,22,0.71
9682,132,12,20,0.63
9683,132,23,22,1.40
9684,132,12,12,0.98
9685,132,10,22,0.54
9686,132,14,22,0.68
9708,132,29,26,1.10
9709,132,25,21,1.08
9710,132,17,20,1.05
9731,132,17,22,0.81
9743,132,24,10,1.69
9788,132,15,17,0.90
9789,132,21,11,1.48
9952,132,20,21,0.97
9953,132,21,23,0.94
9954,132,15,15,0.96
9955,132,19,22,0.94
9956,132,17,24,0.73
9976,132,16,20,0.88
9977,132,8,18,0.53
9978,132,18,21,0.95
10087,132,16,16,0.94
10088,132,20,14,1.23
10089,132,16,25,0.65
10094,132,22,19,1.20
10095,132,26,11,1.90
10131,132,17,11,1.34
10132,132,21,23,0.96
10264,132,16,18,0.82
10265,132,14,10,1.21
10366,132,17,15,1.13
10367,132,22,13,1.31
10433,132,16,20,0.90
10434,132,15,21,0.79
10435,132,5,17,0.34
10436,132,6,7,0.87
10448,132,18,8,1.39
10450,132,20,25,0.83
10452,132,20,14,1.35
10456,132,14,14,0.92
10460,132,18,20,0.96
10465,132,23,8,1.68
10468,132,9,22,0.49
10513,132,21,18,1.05
10514,132,18,20,0.83
10525,132,14,20,0.74
10529,132,16,21,0.78
10530,132,11,14,0.82
10617,132,13,11,1.02
10618,132,24,20,1.10
10623,132,8,11,0.69
10624,132,16,12,1.12
10625,132,8,21,0.37
10642,132,14,18,0.72
10643,132,21,16,1.09
10725,132,18,22,0.74
10732,132,16,21,0.76
10737,132,18,13,1.19
10740,132,17,9,1.45
10741,132,13,20,0.66
10754,132,6,15,0.47
10755,132,12,15,0.84
10757,132,16,14,1.09
10848,132,17,11,1.30
10849,132,28,18,1.44
10853,132,17,23,0.76
10911,132,17,11,1.34
10912,132,19,19,0.96
11007,132,20,20,1.02
11010,132,16,15,0.87
11011,132,21,8,1.91
11025,132,18,19,0.91
11092,132,34,24,1.40
11097,132,25,16,1.41
11100,132,12,13,0.89
11114,132,12,12,0.94
11126,132,14,5,1.46
11127,132,15,14,0.97
11145,132,21,15,1.20
11147,132,19,21,0.91
11148,132,33,21,1.70
11160,132,20,14,1.17
11161,132,16,16,0.96
11162,132,11,21,0.50
11163,132,17,15,1.16
11164,132,22,24,0.93
11165,132,30,24,1.25
11168,132,12,19,0.66
11169,132,10,22,0.46
11170,132,23,27,0.96
11171,132,26,36,0.74
11172,132,26,13,1.77
11196,132,11,17,0.68
11197,132,19,30,0.64
11217,132,5,18,0.32
11224,132,19,20,0.94
11228,132,34,19,1.61
11234,132,24,15,1.39
11303,132,18,23,0.76
11304,132,16,14,1.02
11311,132,24,14,1.44
11324,132,16,16,0.90
11331,132,13,17,0.81
11362,132,23,26,0.89
11404,132,14,24,0.62
11410,132,15,25,0.59
11411,132,19,18,1.08
11412,132,16,22,0.73
11453,132,15,12,1.14
11527,132,18,18,1.01
11617,132,20,22,0.93
11618,132,18,10,1.31
11637,132,14,25,0.66
11638,132,22,16,1.35
11666,132,26,25,1.08
11670,132,14,15,0.87
11681,132,17,18,0.90
11682,132,10,14,0.72
11724,132,16,19,0.99
11725,132,16,16,0.95
11755,132,18,11,1.38
11837,132,12,11,0.94
11838,132,9,18,0.54
11839,132,17,21,0.81
11869,119,17,17,0.98
11900,132,16,22,0.82
11907,132,6,19,0.37
11914,132,15,19,0.84
11939,132,19,17,0.98
11942,132,11,11,0.92
11954,132,17,12,1.22
11955,132,17,8,1.60
12134,132,30,19,1.60
12135,132,22,27,0.79
12136,132,9,16,0.66
12145,132,25,14,1.47
12146,132,21,25,0.80
12147,132,25,22,1.18
12148,132,19,18,1.11
12149,132,18,17,1.32
12153,132,14,25,0.59
12154,132,18,12,1.24
12155,132,10,18,0.59
12169,132,25,17,1.35
12170,132,21,22,1.00
12171,132,18,19,0.89
12191,132,34,23,1.52
12192,132,22,14,1.38
12193,132,12,19,0.63
12231,132,27,19,1.30
12232,132,20,20,0.98
12260,132,13,21,0.58
12261,132,15,18,0.80
12262,132,21,23,1.03
12277,132,17,19,0.91
12278,132,17,22,0.87
12284,132,25,21,1.16
12285,132,18,18,0.95
12319,132,18,11,1.41
12320,132,22,14,1.22
12321,132,21,13,1.29
12475,132,18,14,1.22
12500,132,20,21,0.90
12514,132,35,35,1.04
12531,132,10,17,0.62
12536,132,30,37,0.82
12537,132,14,20,0.76
12538,132,14,20,0.77
12542,132,15,21,0.74
12543,132,31,14,1.83
12544,132,16,29,0.58
12561,132,32,15,1.88
12562,132,13,19,0.67
12563,132,22,13,1.29
12568,132,24,17,1.20
12569,132,21,22,0.98
12570,132,19,20,0.91
12580,132,12,19,0.70
12582,132,25,16,1.36
12590,132,20,12,1.42
12602,132,13,22,0.61
12603,132,12,22,0.61
12604,132,13,14,0.89
12612,132,21,20,1.02
12613,132,16,19,0.86
12614,132,25,19,1.19
12628,132,26,20,1.18
12629,132,19,11,1.56
12661,132,16,11,1.25
12662,132,15,11,1.14
12678,132,21,16,1.27
12679,132,16,11,1.30
12736,132,18,15,1.09
12737,132,17,5,1.53
12778,132,19,7,1.61
12779,132,18,15,1.36
12897,132,17,18,0.86
12903,132,10,22,0.53
12904,132,15,20,0.83
12910,132,17,11,1.20
12911,132,18,21,0.86
12912,132,14,17,0.77
12913,132,17,24,0.81
12914,132,22,21,1.21
12915,132,18,21,0.87
12925,132,16,21,0.76
12926,132,17,27,0.71
12927,132,15,17,0.81
12934,132,23,22,1.05
12935,132,15,20,0.80
12936,132,19,22,0.92
12949,132,20,19,0.99
12950,132,10,13,0.74
12957,132,16,22,0.67
12958,132,20,11,1.49
13003,132,24,16,1.19
13019,132,11,24,0.49
13020,132,12,11,0.98
13021,132,15,19,0.81
13030,132,22,18,1.11
13033,132,22,18,1.25
13036,132,25,19,1.17
13065,132,4,18,0.19
13076,132,16,10,1.36
13094,132,16,29,0.67
13100,132,16,25,0.67
13106,132,16,18,0.83
13189,22,16,27,0.64
13190,22,15,13,1.03
13191,22,11,19,0.63
13192,22,15,21,0.74
13193,22,13,20,0.65
13197,22,22,13,1.54
13201,22,10,11,0.93
13206,22,24,23,0.96
13221,22,20,19,1.04
13222,22,20,19,0.91
13223,22,12,20,0.61
13227,22,20,9,1.81
13228,22,18,20,0.95
13236,22,23,7,1.99
13237,22,17,9,1.49
13240,22,30,26,1.19
13241,22,27,19,1.30
13414,22,20,17,1.19
13415,22,16,16,0.91
13441,54,12,19,0.65
13442,54,25,17,1.26
13452,54,16,20,0.81
13453,54,22,18,1.18
13454,54,17,27,0.61
13508,54,17,18,0.96
13509,54,23,20,1.02
13535,54,19,25,0.88
13542,54,16,24,0.62
13543,54,16,18,0.95
13548,54,16,16,1.05
13549,54,25,11,1.88
13559,54,27,11,1.68
13560,54,23,5,2.30
13565,54,16,17,0.95
13566,54,16,12,1.09
13569,54,22,21,0.99
13595,54,52,42,1.18
13596,54,13,20,0.69
13654,54,21,12,1.52
13663,54,8,19,0.42
13675,54,21,17,1.29
13680,54,15,20,0.73
13682,54,27,22,1.18
13754,54,10,23,0.50
13755,54,20,17,1.18
13756,54,29,18,1.46
13820,54,16,18,0.88
13821,54,16,24,0.72
13884,54,18,21,0.91
13885,54,17,21,0.80
13886,54,13,19,0.74
13965,54,24,15,1.46
13966,54,23,18,1.24
13967,54,25,22,1.20
13968,54,20,15,1.17
14098,419,16,25,0.70
14099,419,11,19,0.59
14113,419,18,9,1.43
14114,419,19,23,0.84
14119,419,19,18,1.12
14132,419,27,25,1.13
14133,419,8,16,0.53
14162,419,11,17,0.68
14163,419,19,19,0.94
14167,419,13,20,0.67
14177,419,24,18,1.26
14182,419,9,20,0.52
14249,419,16,10,1.30
14259,419,24,18,1.24
14260,419,19,26,0.73
14271,419,24,18,1.17
14293,419,8,19,0.40
14294,419,15,20,0.78
14295,419,9,19,0.61
14296,419,18,18,1.01
14297,419,25,27,0.96
14306,419,13,7,1.15
14322,419,17,22,0.83
14328,419,16,20,0.78
14331,419,14,18,0.83
14332,419,16,22,0.77
14333,419,8,18,0.48
14455,419,7,19,0.33
14456,419,7,17,0.40
14464,419,24,33,0.72
14539,419,22,24,0.90
14549,419,21,14,1.38
14550,419,10,18,0.58
14596,419,12,21,0.57
14597,419,18,18,0.99
14724,419,20,11,1.41
14725,419,16,15,1.02
14729,419,25,16,1.32
14730,419,21,18,1.08
14733,419,18,20,0.89
14734,419,11,18,0.67
14735,419,19,8,1.71
14762,419,27,11,1.85
14763,419,27,7,2.49
15145,46,18,9,1.31
15227,355,18,19,0.97
15228,355,23,18,1.19
15231,355,12,17,0.75
15233,355,30,14,1.88
15239,355,21,19,1.02
15262,355,9,21,0.45
15263,355,26,21,1.17
15264,355,23,29,0.84
15265,355,15,23,0.76
15266,355,14,13,0.99
15307,355,37,9,2.93
15308,355,13,9,1.08
15499,355,21,15,1.45
15500,355,18,21,0.90
15506,355,15,20,0.78
15611,355,19,25,0.76
15612,355,18,22,0.81
15628,355,22,14,1.32
15629,355,22,24,0.97
15630,355,16,19,1.03
15718,355,22,23,0.94
15719,355,29,21,1.13
15720,355,3,18,0.17
15782,1337,20,31,0.68
15787,1337,18,13,1.26
15805,1337,18,25,0.70
15806,1337,9,12,0.82
15807,1337,17,23,0.82
15821,1337,18,13,1.10
15822,1337,13,18,0.72
15846,1337,12,18,0.67
15847,1337,8,18,0.47
15848,1337,13,9,1.11
15909,972,8,11,0.76
15910,972,26,29,0.84
15911,972,10,19,0.50
15953,1337,29,26,1.11
15961,1337,13,15,0.83
15964,1337,11,9,0.97
15986,1337,20,19,1.07
15988,1337,14,12,0.96
15990,1337,12,18,0.70
16207,1337,12,18,0.73
16209,1337,12,18,0.70
16284,1337,23,10,1.67
16286,1337,19,22,0.87
16287,1337,19,21,0.90
16334,1337,9,21,0.45
16335,1337,25,20,1.10
16336,1337,24,27,1.02
16349,1337,22,18,1.12
16363,1337,20,28,0.78
16364,1337,10,20,0.56
16389,1337,20,23,0.91
16428,1337,8,16,0.48
16452,1337,24,21,1.31
16453,1337,21,28,0.75
16454,1337,20,17,1.07
16461,1337,22,22,0.91
16476,1337,18,21,0.91
16477,1337,17,12,1.15
16488,1337,22,19,1.24
16528,1337,28,22,1.45
16529,1337,10,20,0.52
16544,1337,17,20,0.86
16546,1337,28,25,1.04
16550,1337,17,16,1.06
16576,1337,21,18,1.15
16589,1337,20,18,1.11
16598,1337,24,15,1.46
16621,1337,3,20,0.15
16622,1337,16,19,0.82
16623,1337,10,18,0.57
16635,579,25,10,1.71
16636,579,25,22,1.20
16637,579,20,12,1.47
16640,579,19,18,1.09
16641,579,17,15,0.97
16642,579,18,25,0.79
16670,579,23,22,1.02
16679,579,25,27,0.85
16686,579,31,26,1.11
16768,579,23,21,1.07
16769,579,17,9,1.50
16899,55,9,21,0.50
16900,55,26,25,0.97
16908,55,11,18,0.63
16909,55,22,18,1.16
16912,55,18,10,1.36
16918,55,16,13,1.16
16922,55,16,19,0.78
16923,55,21,20,0.97
16927,55,22,11,1.55
16929,55,11,14,0.87
16930,55,19,15,1.17
16955,55,23,24,1.04
16958,55,18,15,0.98
16964,55,7,18,0.36
16991,55,18,17,1.03
16993,55,8,19,0.50
16996,55,14,19,0.71
17016,55,18,17,0.98
17029,55,10,18,0.59
17030,55,10,20,0.54
17081,55,35,19,1.71
17091,55,16,15,1.02
17093,55,17,7,1.78
17096,55,17,23,0.86
17100,55,14,18,0.99
17101,55,12,19,0.61
17105,55,25,29,0.88
17122,55,13,19,0.72
17125,55,14,21,0.61
17132,55,9,18,0.52
17138,55,25,24,1.16
17139,55,11,20,0.57
17141,55,18,12,1.34
17145,55,19,24,0.77
17150,55,21,13,1.35
17169,55,15,21,0.76
17171,55,13,12,0.96
17175,1132,10,19,0.55
17203,1395,19,29,0.76
17365,54,21,18,1.20
17367,54,23,17,1.27
17405,54,5,19,0.28
17406,54,3,18,0.21
17432,54,19,8,1.57
17433,54,16,10,1.22
17486,54,20,10,1.40
17487,54,13,15,0.83
