2016,07,27,12:00,229,4,2,505,2,16,2,13,0,3,229,10,15,0.60 
2016,07,27,12:00,4,229,14,505,16,10,9,6,7,4,229,26,20,1.40 
2016,07,19,12:00,229,36,7,505,11,16,7,8,4,8,229,20,18,1.04 
2016,07,19,12:00,229,36,1,505,9,16,5,10,4,6,229,13,19,0.75 
2016,07,19,12:00,229,36,2,505,16,12,12,3,4,9,229,21,16,1.16 
2016,07,17,12:00,229,247,7,505,8,16,7,8,1,8,229,9,21,0.46 
2016,07,17,12:00,229,247,2,505,16,9,11,4,5,5,229,26,14,1.51 
2016,07,17,12:00,229,247,1,505,13,16,5,10,8,6,229,18,24,0.88 
2016,07,12,12:00,64,229,1,505,16,8,12,3,4,5,229,18,17,1.03 
2016,07,12,12:00,64,229,4,505,16,5,11,4,5,1,229,14,19,0.75 
2016,07,12,12:00,229,64,7,505,16,13,5,10,11,3,229,23,22,1.02 
2016,07,04,12:00,229,238,7,505,16,10,10,5,6,5,229,21,13,1.26 
2016,07,04,12:00,238,229,2,505,14,16,6,9,8,7,229,29,20,1.43 
2016,06,05,18:00,262,379,4,556,16,7,9,6,7,1,379,15,19,0.79 
2016,06,05,18:00,379,262,7,556,14,16,8,7,6,9,379,23,21,1.02 
2016,05,29,15:55,157,379,7,560,8,16,5,10,3,6,379,17,18,0.94 
2016,05,29,15:55,379,157,14,560,12,16,9,6,3,10,379,17,23,0.80 
2016,05,29,15:55,379,157,0,560,16,7,11,4,5,3,379,15,13,1.03 
2016,05,29,13:15,379,262,1,560,19,17,6,9,9,6,379,24,21,0.96 
2016,05,29,13:15,262,379,4,560,6,16,5,10,1,6,379,20,13,1.28 
2016,05,29,11:15,379,398,4,560,16,10,7,8,9,2,379,20,18,1.09 
2016,05,29,09:30,379,262,7,560,14,16,7,8,7,8,379,22,24,0.91 
2016,05,25,18:00,358,379,0,556,13,16,3,12,10,4,379,15,22,0.69 
2016,05,25,18:00,358,379,7,556,2,16,2,13,0,3,379,13,7,1.20 
2016,05,18,19:00,379,433,7,556,16,12,5,10,11,2,379,21,17,1.22 
2016,05,14,17:30,379,398,14,578,16,11,5,10,11,1,379,22,16,1.19 
2016,05,14,17:30,379,398,7,578,16,5,11,4,5,1,379,26,10,1.85 
2016,05,14,15:00,440,379,7,578,9,16,4,11,5,5,379,14,15,0.89 
2016,05,14,12:30,398,379,14,578,9,16,6,9,3,7,379,18,15,1.04 
2016,05,11,20:00,379,276,14,556,16,8,9,6,7,2,379,21,11,1.29 
2016,04,27,21:45,157,379,7,556,22,20,8,7,7,8,379,27,31,0.90 
2016,04,26,22:00,379,444,0,556,16,6,11,4,5,2,379,19,11,1.37 
2016,04,23,21:30,379,406,7,556,16,6,10,5,6,1,379,20,16,1.17 
2016,04,16,17:00,493,379,0,609,6,16,6,9,0,7,379,13,12,0.89 
2016,04,16,17:00,379,493,6,609,16,10,10,5,6,5,379,15,15,0.96 
2016,04,08,19:00,379,457,14,556,12,16,5,10,7,6,379,15,20,0.78 
2016,04,06,19:15,22,379,4,593,16,4,12,3,4,1,379,15,19,0.96 
2016,04,06,19:15,379,22,0,593,15,19,10,5,5,10,379,15,27,0.59 
2016,04,03,20:25,379,275,7,556,16,11,12,3,4,8,379,11,18,0.63 
2016,03,31,21:00,379,398,2,556,16,8,11,4,5,4,379,17,11,1.11 
2016,03,30,20:00,379,358,7,556,9,16,6,9,3,7,379,14,20,0.70 
2016,03,24,21:00,262,379,0,556,16,12,8,7,8,5,379,10,22,0.51 
2016,03,14,21:00,379,598,14,593,9,16,4,11,5,5,379,7,21,0.39 
2016,03,14,20:00,379,439,0,593,16,11,10,5,6,6,379,19,16,0.98 
2016,02,24,20:00,379,444,1,645,5,16,4,11,1,5,379,8,16,0.57 
2016,02,23,22:00,379,275,0,645,16,7,11,4,5,3,379,22,11,1.60 
2016,02,23,20:15,379,653,0,645,16,11,5,10,11,1,379,20,17,1.11 
2015,12,19,20:00,379,730,7,685,16,19,9,6,6,9,379,25,26,1.04 
2015,12,18,20:00,275,379,1,685,16,10,11,4,5,6,379,15,22,0.67 
2015,12,18,20:00,379,275,0,685,7,16,6,9,1,7,379,11,20,0.53 
2015,09,16,20:00,941,1,0,799,16,8,12,3,4,5,1,9,19,0.51 
2015,09,16,19:00,957,1,7,799,16,14,7,8,9,6,1,13,22,0.66 
2015,09,16,17:00,958,1,1,799,16,11,6,9,10,2,1,19,21,0.92 
2015,09,15,21:30,1,934,0,799,8,16,6,9,2,7,1,14,19,0.78 
2015,09,14,17:00,103,1,6,799,15,15,13,2,2,13,1,17,19,0.91 
2015,09,01,15:00,0,1,7,799,14,16,7,8,7,8,1,22,21,1.01 
2015,09,01,15:00,1,0,0,799,16,4,11,4,5,0,1,23,9,1.82 
2015,08,12,17:00,98,1,7,799,13,16,8,7,5,9,1,21,20,1.08 
2015,08,12,17:00,1,98,14,799,16,9,8,7,8,2,1,13,11,1.01 
2015,05,25,18:00,1080,398,7,887,5,16,4,11,1,5,398,23,10,1.73 
2015,05,25,18:00,1080,398,6,887,15,19,9,6,6,9,398,30,22,1.26 
2015,04,23,22:15,398,1055,6,560,13,16,11,4,2,12,398,18,18,1.01 
2015,04,23,22:15,1055,398,1,560,16,11,9,6,7,5,398,15,18,0.80 
2015,04,22,22:15,398,1093,7,903,16,8,9,6,7,2,398,12,15,0.78 
2015,04,21,20:00,1095,398,1,560,12,16,10,5,2,11,398,25,16,1.30 
2015,04,21,20:00,1095,398,7,560,7,16,4,11,3,5,398,19,10,1.30 
2015,04,18,21:00,398,159,7,560,6,16,3,12,3,4,398,15,20,0.78 
2015,04,18,21:00,398,159,6,560,11,16,8,7,3,9,398,15,18,0.89 
2015,04,16,19:00,398,433,7,903,15,15,13,2,2,13,398,26,20,1.27 
2015,04,15,19:00,1054,398,6,903,16,3,12,3,4,0,398,8,17,0.50 
2013,09,20,18:30,1,953,9,1124,8,16,6,9,2,7,1,15,17,1.03 
2013,09,20,18:30,953,1,10,1124,16,5,13,2,3,3,1,13,16,0.90 
2013,09,14,14:00,250,1359,11,1126,16,3,15,0,1,3,1359,11,16,0.80 
2013,09,14,10:45,398,1359,11,1126,15,19,8,7,7,8,1359,32,24,1.19 
2013,09,14,09:00,250,1359,13,1126,16,7,11,4,5,3,1359,17,15,1.08 
