2016,02,06,16:40,690,264,4,661,16,5,10,5,6,0,690,15,14,1.06 
2016,02,06,16:40,264,690,6,661,13,16,3,12,10,4,690,19,15,1.04 
2016,02,06,16:40,690,264,1,661,13,16,7,8,6,8,690,16,22,0.76 
2016,02,06,14:00,196,690,1,661,16,7,9,6,7,1,690,15,19,0.84 
2016,02,06,14:00,196,690,0,661,16,10,9,6,7,4,690,13,22,0.72 
2016,01,20,18:30,690,705,0,668,10,16,7,8,3,8,690,11,21,0.60 
2016,01,19,18:30,278,690,14,668,16,8,8,7,8,1,690,9,19,0.51 
2016,01,19,18:30,278,690,7,668,16,8,9,6,7,2,690,17,21,0.84 
2016,01,19,18:30,690,278,6,668,16,12,12,3,4,9,690,13,17,0.85 
2015,12,22,22:15,690,721,6,684,9,16,8,7,1,9,690,18,20,0.93 
2015,12,21,22:00,722,690,0,684,14,16,5,10,9,6,690,22,19,1.07 
2015,12,17,21:00,264,690,1,661,6,16,3,12,3,4,690,9,11,0.86 
2015,12,17,21:00,264,690,14,661,16,9,8,7,8,2,690,15,19,0.84 
2015,12,16,19:00,196,690,1,661,16,12,9,6,7,6,690,12,22,0.66 
2015,12,16,19:00,196,690,0,661,13,16,9,6,4,10,690,30,22,1.46 
2015,12,08,19:00,690,508,4,710,14,16,10,5,4,11,690,22,22,1.02 
2015,12,08,19:00,508,690,0,710,2,16,2,13,0,3,690,16,7,1.40 
2015,12,08,19:00,508,690,14,710,16,2,13,2,3,0,690,9,17,0.53 
2015,12,07,18:00,690,793,1,710,16,12,9,6,7,6,690,17,13,1.07 
2015,12,07,18:00,793,690,0,710,16,14,9,6,7,8,690,31,15,1.70 
2015,12,07,18:00,793,690,14,710,11,16,7,8,4,8,690,17,13,1.08 
2015,11,25,19:00,544,690,14,661,10,16,3,12,7,4,690,23,12,1.47 
2015,11,25,19:00,544,690,0,661,16,19,5,10,10,5,690,32,20,1.45 
2015,09,13,12:00,988,302,4,766,10,16,7,8,3,8,988,13,24,0.55 
2015,09,13,12:00,988,302,6,766,4,16,2,13,2,3,988,5,17,0.36 
2015,09,12,19:45,992,988,6,766,13,16,4,) (,:,),988,25,19,1.20 
