2016,07,24,19:00,56,245,0,495,16,7,12,3,4,4,245,5,19,0.35 
2016,07,03,14:00,154,245,14,530,16,9,10,5,6,4,245,8,22,0.41 
2016,07,03,14:00,245,154,4,530,10,16,6,9,4,7,245,8,23,0.37 
2016,07,03,14:00,245,154,2,530,13,16,6,9,7,7,245,14,23,0.65 
2016,07,03,14:00,154,245,0,530,5,16,5,10,0,6,245,7,11,0.72 
2016,06,26,20:00,245,216,4,541,16,5,13,2,3,3,245,7,9,0.77 
2016,06,26,20:00,245,216,0,541,16,11,10,5,6,6,245,16,19,0.80 
2016,06,26,20:00,245,216,1,541,14,16,13,2,1,14,245,15,21,0.80 
2016,06,25,12:00,245,336,1,541,16,2,13,2,3,0,245,11,8,1.06 
2016,06,25,12:00,245,336,14,541,12,16,9,6,3,10,245,13,23,0.64 
2016,06,25,12:00,245,336,7,541,16,10,8,7,8,3,245,14,18,0.72 
2016,05,21,21:25,426,245,4,568,6,16,5,10,1,6,245,17,11,1.32 
2016,05,21,21:25,426,245,7,568,8,16,6,9,2,7,245,12,17,0.70 
2016,05,21,10:45,245,216,1,568,16,14,9,6,7,8,245,17,24,0.69 
2016,05,21,10:45,245,216,0,568,16,14,5,10,11,4,245,18,24,0.76 
2016,05,12,19:00,245,122,1,495,16,11,6,9,10,2,245,4,18,0.40 
2016,05,12,19:00,122,245,0,495,9,16,8,7,1,9,245,11,14,0.77 
2016,04,28,19:30,245,458,1,495,10,16,6,9,4,7,245,5,18,0.41 
2016,04,28,19:30,458,245,0,495,16,10,11,4,5,6,245,11,21,0.60 
2016,04,26,19:00,245,472,1,495,2,16,1,14,1,2,245,6,16,0.47 
2016,04,26,19:00,472,245,7,495,16,3,15,0,1,3,245,6,18,0.37 
2015,12,20,19:00,426,654,4,687,6,16,3,12,3,4,654,14,15,0.90 
2015,12,20,19:00,426,654,6,687,16,13,8,7,8,6,654,15,22,0.77 
2015,12,20,19:00,654,426,7,687,16,7,11,4,5,3,654,10,12,0.83 
2015,12,19,11:50,654,428,7,687,16,7,9,6,7,1,654,15,13,1.18 
2015,12,19,11:50,654,428,4,687,16,5,11,4,5,1,654,11,12,0.90 
2015,12,09,19:30,654,523,6,709,16,2,13,2,3,0,654,9,4,1.08 
2014,04,18,17:00,1265,841,1,1076,7,16,5,10,2,6,1265,6,20,0.40 
2014,04,18,17:00,1265,841,5,1076,8,16,7,8,1,8,1265,15,20,0.75 
2014,04,18,17:00,841,1265,2,1076,20,22,7,8,8,7,1265,33,30,1.06 
