2016,07,26,12:00,2,5,0,505,7,16,5,10,2,6,2,6,18,0.42 
2016,07,26,12:00,2,5,7,505,16,13,8,7,8,6,2,16,17,0.92 
2016,07,26,12:00,5,2,2,505,16,5,11,4,5,1,2,6,17,0.39 
2016,07,19,11:00,2,222,7,505,10,16,6,9,4,7,2,13,18,0.76 
2016,07,19,11:00,222,2,2,505,16,11,7,8,9,3,2,13,18,0.78 
2016,07,19,11:00,2,222,14,505,19,16,4,11,11,4,2,30,22,1.33 
2016,07,18,12:00,228,2,5,505,6,16,5,10,1,6,2,16,10,1.11 
2016,07,18,12:00,2,228,1,505,9,16,6,9,3,7,2,5,2,0.96 
2016,07,18,12:00,228,2,7,505,8,16,4,11,4,5,2,13,9,1.04 
2016,07,11,12:00,227,2,1,505,9,16,4,11,5,5,2,23,14,1.29 
2016,07,11,12:00,227,2,14,505,10,16,7,8,3,8,2,15,13,1.05 
2016,07,11,12:00,2,227,7,505,14,16,6,9,8,7,2,19,20,0.92 
2016,07,05,12:00,3,2,14,505,12,16,6,9,6,7,2,21,17,1.20 
2016,07,05,12:00,2,3,1,505,16,13,7,8,9,5,2,14,17,0.86 
2016,07,05,12:00,3,2,0,505,16,10,7,8,9,2,2,20,18,1.05 
