52,80,25,18,1.39
58,80,30,21,1.55
132,80,18,15,1.06
133,80,9,19,0.48
200,80,16,12,1.18
203,80,20,14,1.21
233,80,6,16,0.31
234,80,9,19,0.47
240,80,13,12,1.03
243,80,23,20,1.12
1265,80,26,28,1.01
1266,80,9,15,0.63
1267,80,21,14,1.27
1286,80,32,27,1.09
1287,80,23,25,0.93
1288,80,15,11,1.08
1416,80,10,19,0.63
1417,80,12,19,0.71
1447,80,10,20,0.56
1460,80,22,17,1.16
1868,80,11,17,0.68
1869,80,15,22,0.75
1883,80,24,21,1.03
1884,80,10,22,0.55
1885,80,20,18,1.12
1914,80,23,16,1.28
1925,80,21,18,1.15
1940,80,17,11,1.18
1941,80,5,16,0.48
1947,80,25,8,1.71
1955,80,14,11,1.06
2017,80,19,18,1.07
2030,80,16,11,1.22
2051,80,14,10,1.06
2446,80,28,24,1.17
2447,80,18,15,1.16
2448,80,16,19,0.87
2486,80,10,22,0.49
2487,80,14,21,0.79
2488,80,17,18,0.88
2581,80,15,19,0.79
2582,80,46,40,1.10
2583,80,22,22,0.97
2637,80,18,18,0.95
2639,80,20,18,1.14
3029,80,16,15,1.00
3030,80,16,20,0.88
3031,80,16,15,0.97
3062,80,18,13,1.12
3063,80,13,15,0.83
3064,80,15,22,0.60
3179,80,17,22,0.77
3180,80,6,18,0.31
3304,80,18,14,1.23
3310,80,15,21,0.68
3371,80,17,15,1.08
3372,80,15,23,0.82
3373,80,22,15,1.45
3484,80,16,14,1.05
3488,80,17,19,1.00
3492,80,17,6,1.62
3495,80,17,17,0.93
3530,80,13,15,0.87
3533,80,23,12,1.48
3552,80,24,23,1.01
3554,80,17,21,0.93
3571,80,17,19,0.93
3572,80,14,20,0.71
3592,80,27,17,1.35
3593,80,20,17,1.06
3597,80,17,20,1.07
3717,80,12,23,0.55
3733,80,11,20,0.64
3953,80,10,19,0.62
3954,80,18,20,0.99
3974,80,18,11,1.41
3990,80,9,21,0.50
4456,80,1,4,0.73
4458,80,18,22,0.80
4510,80,12,20,0.71
4512,80,19,21,0.99
4710,80,10,7,1.05
4712,80,31,36,0.94
4757,80,25,21,1.26
4765,80,25,26,0.97
4816,80,6,4,0.94
4901,80,22,20,1.05
4906,80,20,16,1.27
4907,80,16,23,0.69
4909,80,29,24,1.13
4914,80,18,11,1.35
5413,80,18,17,1.06
5414,80,22,15,1.41
5621,80,10,19,0.50
5622,80,15,16,0.87
5636,80,13,20,0.76
5642,80,15,16,0.89
5659,56,14,17,0.91
5660,56,22,32,0.67
5708,56,10,17,0.54
5709,56,17,19,1.03
5721,56,28,19,1.31
5722,56,36,27,1.47
5736,56,15,14,0.92
5737,56,21,17,1.07
5738,56,16,16,0.96
5739,56,19,20,0.95
5740,56,12,22,0.55
5751,56,19,11,1.48
5752,56,16,24,0.65
6058,56,8,20,0.42
6059,56,5,22,0.29
6101,56,15,13,0.96
6102,56,13,23,0.60
6103,56,22,21,1.10
6180,56,22,14,1.37
6181,56,21,11,1.39
6391,56,12,17,0.69
6397,56,20,18,0.97
6398,56,13,16,0.82
6611,56,8,16,0.51
6612,56,11,18,0.72
6650,56,21,13,1.26
6651,56,24,19,1.16
6713,56,6,19,0.37
6714,56,20,18,1.09
6715,56,19,22,0.88
6748,56,20,20,0.93
6749,56,29,21,1.38
6949,56,18,17,1.26
6950,56,17,23,0.72
6951,56,19,11,1.42
6987,56,22,12,1.49
6988,56,27,25,1.17
7301,56,8,4,1.27
7328,56,22,21,1.10
7382,56,17,17,0.96
7383,56,28,16,1.62
7440,56,21,19,1.08
7441,56,22,12,1.51
7620,56,28,29,0.94
7621,56,18,22,0.78
7622,56,14,20,0.84
7723,56,7,22,0.31
7724,56,33,35,1.03
7725,56,27,17,1.42
7736,56,30,28,1.15
7737,56,32,12,1.96
7768,56,22,11,1.65
7769,56,19,19,0.93
7770,56,33,22,1.42
7783,56,7,18,0.41
7809,56,21,14,1.26
7973,56,21,18,1.26
7986,56,21,19,1.04
8003,56,24,17,1.20
8008,56,18,16,1.00
8096,56,17,11,1.30
8097,56,24,15,1.43
8215,56,16,21,0.83
8216,56,16,18,0.88
8322,56,21,19,1.14
8336,56,26,27,0.95
8478,56,18,21,0.89
8479,56,18,20,0.97
8484,56,15,22,0.71
8485,56,28,24,1.12
8508,56,23,24,1.04
8527,56,23,13,1.49
8528,56,19,22,0.91
8734,970,23,21,1.01
8735,970,37,25,1.21
8736,970,23,22,0.99
8742,56,6,20,0.33
8776,56,16,9,1.28
8805,970,27,21,1.30
8813,970,23,17,1.30
8895,419,18,20,0.85
8896,419,13,19,0.70
8954,419,24,10,2.03
8955,419,29,19,1.24
8958,419,28,22,1.25
8981,419,22,17,1.16
8982,419,8,15,0.54
9071,419,19,18,1.05
9072,419,16,18,0.91
9080,419,22,18,1.10
9081,419,30,22,1.26
9090,419,14,17,0.82
9204,419,27,19,1.23
9205,419,15,15,0.87
9579,419,21,14,1.30
9580,419,46,30,1.32
9598,419,26,19,1.33
9599,419,26,19,1.30
9600,419,32,30,1.12
9637,419,16,9,1.32
9638,419,27,19,1.48
9897,419,12,20,0.64
9898,419,19,24,0.95
9971,419,21,13,1.40
9972,419,29,26,1.07
10143,419,13,20,0.66
10144,419,10,19,0.53
10145,419,12,18,0.67
10146,419,26,10,1.82
10147,419,17,19,0.87
10192,419,17,20,1.00
10193,419,23,17,1.40
10551,1071,15,16,1.08
10552,1071,22,15,1.28
10559,1071,24,18,1.33
10561,1071,17,17,0.96
10570,1071,32,25,1.27
10763,1071,24,17,1.32
10764,1071,17,19,0.92
10765,1071,28,18,1.38
10821,1071,11,16,0.70
10822,1071,26,10,1.90
10823,1071,17,19,0.83
10874,1071,18,22,0.83
10875,1071,16,19,0.82
10962,1071,34,29,1.15
10963,1071,24,17,1.66
11048,1071,8,18,0.49
11060,1071,23,17,1.15
11231,1071,22,20,1.04
11232,1071,18,12,1.25
11233,1071,32,27,1.17
11338,1071,17,13,1.17
11339,1071,24,17,1.24
11340,1071,25,29,0.94
11341,1071,18,18,0.94
11342,1071,30,22,1.44
11351,1071,26,10,1.78
11352,1071,20,11,1.32
11353,1071,24,21,1.21
11393,1071,23,17,1.31
11394,1071,35,21,1.53
11395,1071,18,18,1.06
11406,1071,23,19,1.19
11407,1071,21,19,1.09
11441,1071,27,15,1.55
11442,1071,19,17,1.13
11443,1071,15,21,0.67
11526,1071,11,16,0.72
11581,1071,28,16,1.46
11585,1071,18,20,0.98
11617,1071,28,19,1.37
11618,1071,12,19,0.72
11640,1071,21,9,1.77
11641,1071,19,16,1.13
11646,1071,12,13,1.06
11739,1071,17,21,0.95
11740,1071,25,15,1.44
11752,1071,32,18,1.59
11753,1071,14,17,0.80
11915,1071,9,19,0.52
11916,1071,16,17,0.99
11934,1071,17,13,1.15
11935,1071,12,19,0.76
11947,1071,13,19,0.63
11948,1071,11,17,0.72
12039,1071,24,22,1.11
12040,1071,9,19,0.49
12086,1071,22,13,1.43
12087,1071,10,21,0.50
12088,1071,18,17,1.03
12094,1071,23,19,1.04
12095,1071,18,14,1.30
12121,1071,27,21,1.30
12122,1071,28,25,1.06
12218,1071,15,14,0.94
12219,1071,25,35,0.73
12300,1071,21,24,0.91
12307,1071,20,25,0.92
12481,1071,19,21,0.94
12482,1071,18,21,0.89
12529,1071,22,18,1.12
12581,1071,15,22,0.67
12615,1071,9,16,0.65
12628,1071,20,25,0.92
12629,1071,4,17,0.20
12654,1071,28,15,1.54
12655,1071,20,12,1.37
12672,1071,24,14,1.39
12673,1071,17,21,0.77
12674,1071,16,18,0.83
12755,1071,26,15,1.53
12756,1071,16,6,1.60
12798,1071,14,16,0.86
12799,1071,23,11,1.52
12897,1071,20,17,1.08
12900,1071,21,20,1.08
13041,1071,15,23,0.72
13045,1071,13,18,0.78
13048,1071,20,14,1.37
13072,1071,23,20,1.21
13074,1071,13,17,0.85
13083,1071,8,18,0.47
13087,1071,15,21,0.72
13094,1071,32,22,1.26
13104,1071,23,17,1.19
13139,1071,20,14,1.18
13141,1071,17,16,1.00
13146,1071,17,22,0.81
13154,1071,8,19,0.41
13158,1071,20,24,0.92
13159,1071,14,18,0.76
13164,1071,15,15,0.96
13167,1071,12,17,0.63
13418,1184,17,19,0.85
13419,1184,19,18,1.02
13420,1184,17,8,1.50
13421,1184,10,17,0.78
13422,1184,23,26,0.91
13423,1184,20,18,1.04
13424,1184,17,12,1.10
13425,1184,34,21,1.69
13994,1151,19,21,0.90
13995,1151,25,18,1.23
15624,1151,15,21,0.75
15625,1151,21,23,0.88
15642,1151,20,18,1.09
15643,1151,13,19,0.71
