2016,07,03,17:15,317,278,1,529,19,17,12,3,3,12,317,26,25,1.01 
2016,07,03,17:15,317,278,7,529,16,13,7,8,9,5,317,27,19,1.24 
2016,07,03,17:15,317,278,5,529,14,16,6,9,8,7,317,14,24,0.61 
2016,07,03,17:15,278,317,0,529,1,16,1,14,0,2,317,11,7,1.23 
2016,07,03,13:00,317,318,5,529,16,2,14,1,2,1,317,10,6,1.20 
2016,07,03,13:00,317,318,7,529,6,16,5,10,1,6,317,8,18,0.48 
2016,07,03,13:00,318,317,1,529,10,16,6,9,4,7,317,16,18,0.83 
2016,07,02,20:45,317,278,0,529,14,16,11,4,3,12,317,16,22,0.72 
2016,07,02,20:45,278,317,7,529,16,11,10,5,6,6,317,17,22,0.78 
2016,07,02,11:25,319,317,14,529,3,16,3,12,0,4,317,13,10,1.08 
2016,07,02,11:25,317,319,1,529,16,5,11,4,5,1,317,14,13,0.95 
2016,05,23,20:10,384,287,14,499,16,12,6,9,10,3,287,20,22,1.02 
2016,05,23,20:10,287,384,1,499,4,16,3,12,1,4,287,8,15,0.60 
2016,05,11,17:20,430,287,0,499,16,4,11,4,5,0,287,5,18,0.32 
2016,05,11,17:20,287,430,1,499,11,16,7,8,4,8,287,10,21,0.53 
2016,05,11,17:20,287,430,14,499,22,20,7,8,8,7,287,27,28,0.91 
2016,05,04,20:20,287,147,7,499,19,15,9,6,6,9,287,17,26,0.66 
2016,05,04,20:20,147,287,14,499,13,16,10,5,3,11,287,22,18,1.06 
2016,04,10,17:30,287,281,6,612,16,10,11,4,5,6,287,22,13,1.34 
2016,04,10,17:30,287,281,0,612,16,14,5,10,11,4,287,13,17,0.81 
2016,04,10,17:30,287,281,7,612,8,16,2,13,6,3,287,7,21,0.37 
2016,04,09,18:00,287,281,14,612,16,11,7,8,9,3,287,19,18,0.99 
2016,04,09,18:00,287,281,7,612,16,8,9,6,7,2,287,12,14,0.83 
2016,04,09,18:00,281,287,0,612,16,4,12,3,4,1,287,7,18,0.46 
2016,04,08,18:00,287,287,0,612,16,14,6,9,10,5,287,18,19,0.84 
2016,04,08,18:00,287,287,7,612,6,16,4,11,2,5,287,17,11,1.29 
2016,04,08,18:00,287,287,14,612,6,16,4,11,2,5,287,12,17,0.69 
2016,04,08,11:20,287,432,14,612,16,5,12,3,4,2,287,28,12,2.15 
2016,04,08,11:20,432,287,7,612,2,16,2,13,0,3,287,16,6,1.51 
2016,03,24,22:00,287,484,14,605,10,16,8,7,2,9,287,11,19,0.60 
2016,03,24,22:00,287,484,0,605,13,16,10,5,3,11,287,18,21,0.94 
2016,03,21,22:15,439,287,14,605,19,17,5,10,10,5,287,21,26,0.78 
2016,03,21,22:15,287,439,7,605,5,16,4,11,1,5,287,13,16,0.85 
2016,03,16,21:00,287,281,0,630,9,16,5,10,4,6,287,16,19,0.92 
2016,03,16,21:00,287,281,14,630,14,16,4,11,10,5,287,13,17,0.79 
2016,03,07,23:45,287,278,7,630,16,12,12,3,4,9,287,7,20,0.44 
2016,03,07,23:45,287,278,14,630,12,16,8,7,4,9,287,12,21,0.62 
2016,03,07,21:00,287,458,0,630,22,19,8,7,7,8,287,33,24,1.24 
2016,03,07,21:00,287,458,14,630,19,17,7,8,8,7,287,16,23,0.73 
2016,02,25,19:00,287,647,14,605,16,12,6,9,10,3,287,10,22,0.58 
2016,02,25,19:00,647,287,7,605,16,13,8,7,8,6,287,14,25,0.62 
2016,02,25,19:00,287,647,1,605,16,10,10,5,6,5,287,24,11,1.55 
2016,02,23,21:15,287,288,7,630,16,9,7,8,9,1,287,12,11,0.88 
2016,02,23,21:15,287,288,14,630,16,11,9,6,7,5,287,18,19,0.95 
2016,02,21,23:00,287,432,6,630,13,16,7,8,6,8,287,15,22,0.73 
2016,02,21,23:00,287,432,7,630,16,3,12,3,4,0,287,13,9,1.09 
2016,02,16,23:00,287,517,7,630,3,16,3,12,0,4,287,11,16,0.67 
2016,02,16,23:00,517,287,0,630,16,9,6,9,10,0,287,13,23,0.50 
2016,01,03,21:00,287,719,14,683,13,16,2,13,11,3,287,18,19,0.94 
2016,01,03,21:00,287,719,0,683,12,16,5,10,7,6,287,18,20,0.87 
2015,12,16,21:00,287,719,1,683,6,16,4,11,2,5,287,13,17,0.81 
2015,12,14,21:00,287,517,14,683,16,14,6,9,10,5,287,16,22,0.78 
2015,11,22,19:00,287,360,14,736,13,16,6,9,7,7,287,14,21,0.73 
2015,11,22,19:00,360,287,1,736,16,14,4,11,12,3,287,18,19,0.94 
2015,11,22,11:30,743,287,6,736,13,16,9,6,4,10,287,26,16,1.31 
2015,11,22,11:30,287,743,1,736,16,7,12,3,4,4,287,18,15,1.09 
2015,11,21,15:55,287,52,1,736,16,10,7,8,9,2,287,22,15,1.32 
2015,11,21,15:55,287,52,4,736,16,3,12,3,4,0,287,18,10,1.42 
2015,11,20,23:00,287,360,0,736,16,9,8,7,8,2,287,16,14,1.15 
2015,11,20,22:10,287,848,7,736,16,7,9,6,7,1,287,22,12,1.44 
2015,11,20,20:25,287,847,1,736,16,8,12,3,4,5,287,15,13,1.16 
2015,10,24,18:30,901,287,6,772,16,11,8,7,8,4,287,19,19,1.04 
2015,10,24,11:30,404,287,0,772,16,5,12,3,4,2,287,9,17,0.57 
2015,10,24,11:30,287,404,14,772,7,16,3,12,4,4,287,18,16,1.20 
2015,10,19,23:00,287,901,6,778,16,12,6,9,10,3,287,17,18,0.90 
2015,10,13,23:00,287,928,6,778,16,5,13,2,3,3,287,16,13,1.11 
2015,09,28,23:15,287,873,1,801,9,16,5,10,4,6,287,22,17,1.27 
2015,09,28,18:15,723,287,0,801,16,8,8,7,8,1,287,7,19,0.44 
2015,09,28,18:15,287,723,7,801,9,16,5,10,4,6,287,14,21,0.71 
2015,09,28,18:15,287,723,14,801,16,11,11,4,5,7,287,28,17,1.51 
2015,09,14,19:00,941,958,7,799,16,3,14,1,2,2,958,7,16,0.47 
2015,08,17,21:00,544,287,0,851,14,16,8,7,6,9,287,17,20,0.84 
2015,08,17,21:00,544,287,6,851,17,19,7,8,8,7,287,28,27,1.14 
2015,08,08,23:15,369,287,7,867,16,2,13,2,3,0,287,10,16,0.68 
2015,08,08,23:15,287,369,14,867,9,16,6,9,3,7,287,15,18,0.82 
2015,08,08,20:00,370,287,1,867,16,14,8,7,8,7,287,11,20,0.64 
2015,08,08,20:00,370,287,6,867,10,16,3,12,7,4,287,17,15,1.09 
2015,08,08,20:00,370,287,7,867,16,13,6,9,10,4,287,20,21,1.00 
2015,08,08,13:00,490,287,14,867,11,16,3,12,8,4,287,19,19,0.89 
2015,08,08,13:00,287,490,7,867,6,16,3,12,3,4,287,14,16,0.91 
2015,08,08,13:00,287,490,6,867,16,6,14,1,2,5,287,28,11,2.13 
2015,08,06,19:00,472,287,7,851,16,6,12,3,4,3,287,17,17,1.12 
2015,08,06,19:00,472,287,6,851,16,9,10,5,6,4,287,16,18,0.95 
2015,07,29,22:30,287,287,14,851,35,37,9,6,6,9,287,34,52,0.69 
2015,07,29,22:30,287,287,6,851,16,19,8,7,7,8,287,16,24,0.77 
2015,06,04,22:30,287,995,1,901,16,19,10,5,5,10,287,25,28,0.96 
2015,06,03,23:00,287,234,4,901,13,16,7,8,6,8,287,20,24,0.83 
2015,06,03,21:00,287,839,4,901,8,16,8,7,0,9,287,9,17,0.60 
2015,05,27,21:15,911,287,0,901,19,15,9,6,6,9,287,18,28,0.76 
2015,05,19,21:00,287,52,14,901,16,7,11,4,5,3,287,18,13,1.21 
2015,05,14,23:00,749,287,2,901,16,14,8,7,8,7,287,17,23,0.76 
2015,05,12,21:00,1062,1087,14,925,16,9,8,7,8,2,1087,10,21,0.52 
2015,05,12,21:00,1087,1062,1,925,13,16,7,8,6,8,1087,13,23,0.62 
2015,04,22,21:15,1087,22,6,936,4,16,2,13,2,3,1087,12,16,0.78 
2015,04,22,21:15,22,1087,14,936,16,13,8,7,8,6,1087,13,20,0.67 
2015,04,21,20:45,1087,517,7,936,16,4,12,3,4,1,1087,13,11,1.08 
