2016,08,14,14:30,60,61,5,478,6,16,5,10,1,6,61,23,13,1.39 
2016,08,14,14:30,60,61,4,478,10,16,8,7,2,9,61,16,20,0.88 
2016,08,12,16:00,61,66,7,478,16,14,7,8,9,6,61,24,19,1.14 
2016,08,12,16:00,66,61,2,478,10,16,7,8,3,8,61,16,16,0.89 
2016,08,08,15:00,61,148,4,478,16,12,13,2,3,10,61,19,17,1.01 
2016,08,08,15:00,61,148,1,478,14,16,5,10,9,6,61,27,21,1.25 
2016,08,08,15:00,148,61,0,478,14,16,5,10,9,6,61,15,24,0.66 
2016,08,03,13:00,61,191,14,482,16,19,7,8,8,7,61,24,23,1.02 
2016,08,03,13:00,191,61,7,482,16,5,11,4,5,1,61,11,19,0.57 
2016,08,03,13:00,61,191,0,482,19,15,5,10,10,5,61,35,21,1.46 
2016,08,02,13:30,192,61,7,482,3,16,3,12,0,4,61,22,7,1.76 
2016,08,02,13:30,61,192,0,482,16,9,11,4,5,5,61,20,15,1.20 
2016,07,25,15:00,62,61,0,504,16,5,13,2,3,3,61,9,16,0.58 
2016,07,25,15:00,62,61,1,504,16,1,14,1,2,0,61,9,16,0.56 
2016,07,22,12:00,256,61,7,504,11,16,5,10,6,6,61,15,18,0.80 
2016,07,22,12:00,61,256,0,504,16,13,9,6,7,7,61,15,18,0.88 
2016,07,13,14:30,295,294,7,517,15,19,5,10,10,5,295,34,20,1.44 
2016,07,13,14:30,295,294,1,517,9,16,4,11,5,5,295,16,18,0.88 
2016,07,13,14:30,294,295,0,517,8,16,5,10,3,6,295,17,16,0.98 
2016,07,13,13:30,295,296,7,517,16,7,11,4,5,3,295,13,14,0.92 
2016,07,13,11:00,295,294,1,517,12,16,6,9,6,7,295,19,17,1.03 
2016,06,18,12:00,61,148,14,504,16,14,8,7,8,7,61,32,17,1.57 
2016,06,18,12:00,148,61,0,504,19,16,13,2,2,13,61,20,28,0.71 
2016,06,09,12:15,368,61,7,504,10,16,4,11,6,5,61,21,15,1.24 
2016,06,09,12:15,368,61,1,504,14,16,7,8,7,8,61,17,18,0.90 
2016,05,20,12:30,61,150,1,571,12,16,5,10,7,6,61,27,19,1.30 
2016,05,20,12:30,61,150,0,571,7,16,4,11,3,5,61,10,18,0.57 
2016,05,18,11:00,149,61,1,571,16,10,10,5,6,5,61,20,20,1.01 
2016,05,18,11:00,61,149,0,571,16,11,8,7,8,4,61,22,17,1.20 
2016,05,18,11:00,149,61,7,571,19,16,11,4,4,11,61,41,25,1.61 
2016,04,22,14:15,150,61,0,602,16,11,6,9,10,2,61,19,20,0.93 
2016,04,22,14:15,61,150,7,602,10,16,7,8,3,8,61,31,18,1.60 
2016,04,21,16:10,149,61,0,602,13,16,4,11,9,5,61,21,17,1.08 
2016,04,21,13:30,256,61,1,602,16,10,8,7,8,3,61,22,19,1.17 
2016,04,21,12:30,149,61,6,602,8,16,6,9,2,7,61,19,13,1.30 
2016,04,19,15:55,65,61,2,607,14,16,7,8,7,8,61,19,21,0.93 
2016,04,19,15:55,65,61,0,607,17,19,12,3,3,12,61,26,20,1.11 
2016,04,16,13:00,61,144,0,607,16,6,11,4,5,2,61,31,7,2.29 
2016,04,16,13:00,144,61,6,607,7,16,4,11,3,5,61,19,10,1.56 
2016,03,13,12:00,61,35,1,633,14,16,9,6,5,10,61,27,21,1.31 
2016,03,13,12:00,35,61,6,633,19,16,7,8,8,7,61,26,23,1.07 
2016,03,13,09:00,61,150,1,633,16,12,9,6,7,6,61,20,17,1.06 
2016,03,13,09:00,61,150,14,633,5,16,4,11,1,5,61,14,19,0.77 
2016,03,13,09:00,61,150,0,633,16,8,8,7,8,1,61,14,13,1.03 
2016,03,13,06:30,61,256,2,633,16,10,8,7,8,3,61,19,18,0.93 
2016,03,13,06:30,61,256,0,633,16,6,10,5,6,1,61,20,12,1.39 
2016,03,12,13:30,148,61,4,633,12,16,10,5,2,11,61,27,17,1.64 
