2016,08,14,16:55,41,48,2,477,16,13,7,8,9,5,48,10,21,0.51 
2016,08,14,15:15,55,48,7,477,10,16,9,6,1,10,48,25,18,1.39 
2016,02,06,15:15,691,692,6,660,14,16,10,5,4,11,691,20,22,0.91 
2016,02,06,15:15,691,692,1,660,11,16,7,8,4,8,691,11,20,0.59 
2016,02,06,15:15,691,692,7,660,16,7,11,4,5,3,691,22,15,1.36 
2015,11,18,23:30,691,259,6,743,8,16,6,9,2,7,691,14,17,0.89 
2015,11,18,23:30,691,259,0,743,16,1,14,1,2,0,691,21,5,2.09 
2015,11,18,23:30,259,691,14,743,16,7,11,4,5,3,691,19,16,1.14 
2015,11,18,21:00,537,691,7,743,16,19,6,9,9,6,691,38,21,1.63 
2015,11,18,21:00,537,691,1,743,6,16,5,10,1,6,691,20,10,1.47 
2015,11,17,23:00,490,691,2,743,16,7,9,6,7,1,691,17,18,0.90 
2015,11,17,23:00,490,691,7,743,12,16,3,12,9,4,691,14,20,0.73 
2015,11,17,23:00,490,691,0,743,16,9,11,4,5,5,691,19,20,0.94 
2015,11,17,16:30,691,825,0,743,11,16,10,5,1,11,691,17,23,0.82 
2015,11,17,16:30,825,691,1,743,6,16,6,9,0,7,691,17,12,1.33 
2015,11,17,16:30,691,825,7,743,11,16,3,12,8,4,691,20,22,0.90 
2015,11,17,09:15,490,691,0,743,14,16,3,12,11,4,691,20,20,0.96 
2015,11,17,09:15,691,490,14,743,3,16,2,13,1,3,691,8,16,0.57 
2015,11,17,09:15,691,490,1,743,16,8,9,6,7,2,691,19,11,1.22 
2014,11,03,16:30,957,941,1,993,9,16,6,9,3,7,957,15,17,0.86 
2014,11,03,16:30,941,957,5,993,16,11,12,3,4,8,957,17,17,0.98 
2014,10,11,19:00,943,957,1,993,16,8,8,7,8,1,957,19,18,1.08 
2014,09,23,22:00,71,957,1,993,10,16,4,11,6,5,957,19,10,1.25 
2014,09,23,19:00,1207,287,1,1023,9,16,3,12,6,4,1207,16,18,0.86 
2014,09,14,20:00,957,87,1,993,9,16,7,8,2,8,957,24,19,1.35 
2014,09,11,19:00,953,957,5,993,7,16,7,8,0,8,957,21,12,1.30 
