2016,07,17,14:55,271,272,7,519,16,8,8,7,8,1,272,10,19,0.57 
2016,07,17,14:55,271,272,14,519,16,11,6,9,10,2,272,22,20,1.02 
2016,07,16,18:45,272,261,0,519,17,19,7,8,8,7,272,19,25,0.79 
2016,07,16,18:45,272,261,2,519,14,16,8,7,6,9,272,27,17,1.45 
2016,07,16,18:45,272,261,7,519,16,11,5,10,11,1,272,16,13,1.03 
2016,07,16,12:15,271,272,7,519,12,16,7,8,5,8,272,16,16,0.87 
2016,07,16,12:15,271,272,2,519,14,16,10,5,4,11,272,18,20,0.87 
2016,03,26,17:15,261,511,6,620,16,9,8,7,8,2,511,15,21,0.77 
2016,03,26,17:15,511,261,2,620,14,16,7,8,7,8,511,21,21,1.02 
2016,03,26,14:30,513,511,7,620,16,19,9,6,6,9,511,19,23,0.83 
2016,03,26,14:30,511,513,6,620,16,7,12,3,4,4,511,24,15,1.56 
2016,03,25,16:30,511,514,0,620,16,11,11,4,5,7,511,17,20,1.06 
2016,03,25,16:30,511,514,6,620,16,10,9,6,7,4,511,12,16,0.74 
2016,03,25,16:30,514,511,2,620,16,13,8,7,8,6,511,12,19,0.71 
2016,03,25,13:00,527,511,14,620,8,16,7,8,1,8,511,17,14,1.32 
2016,03,25,13:00,527,511,7,620,5,16,3,12,2,4,511,14,11,1.03 
2016,03,05,22:30,511,514,1,636,3,16,3,12,0,4,511,11,18,0.59 
2016,03,05,20:30,510,511,4,636,16,5,11,4,5,1,511,5,20,0.24 
2016,03,05,18:40,511,514,2,636,16,13,9,6,7,7,511,23,21,1.11 
2015,08,16,15:30,1032,513,6,853,17,19,11,4,4,11,1032,17,25,0.71 
2015,08,16,15:30,1032,513,0,853,16,10,7,8,9,2,1032,28,13,1.75 
2015,08,16,15:30,1032,513,14,853,9,16,3,12,6,4,1032,13,20,0.69 
2015,08,09,21:15,1039,1032,6,853,13,16,8,7,5,9,1032,23,21,1.11 
2015,08,09,21:15,1032,1039,0,853,16,8,11,4,5,4,1032,13,14,0.89 
2015,08,09,15:30,513,1032,7,853,16,8,11,4,5,4,1032,16,18,0.95 
2015,08,09,15:30,513,1032,14,853,9,16,4,11,5,5,1032,15,15,1.01 
2015,08,09,15:30,513,1032,6,853,16,14,11,4,5,10,1032,23,24,0.92 
2015,04,04,10:00,1074,1032,0,949,16,7,10,5,6,2,1032,10,19,0.63 
2015,04,04,10:00,1032,1074,6,949,9,16,3,12,6,4,1032,13,22,0.56 
2015,04,03,21:30,1032,675,0,949,16,0,15,0,1,0,1032,22,6,2.24 
2015,04,03,21:30,675,1032,7,949,7,16,5,10,2,6,1032,20,14,1.27 
2015,04,03,21:30,1032,675,4,949,14,16,8,7,6,9,1032,20,24,0.82 
2015,04,03,18:30,1108,1032,0,949,19,17,10,5,5,10,1032,32,25,1.25 
2015,04,03,18:30,1032,1108,5,949,4,16,4,11,0,5,1032,15,18,0.88 
2015,04,03,15:00,1109,1032,14,949,10,16,4,11,6,5,1032,26,17,1.61 
2015,04,03,15:00,1109,1032,0,949,6,16,3,12,3,4,1032,23,7,1.83 
