2016,05,18,19:00,379,433,7,556,16,12,5,10,11,2,433,13,20,0.75 
2016,04,25,22:00,433,157,0,556,3,16,3,12,0,4,433,10,18,0.54 
2016,04,20,20:00,433,457,0,556,19,16,7,8,8,7,433,20,27,0.76 
2016,04,16,19:00,398,433,7,556,7,16,2,13,5,3,433,10,18,0.62 
2016,04,13,21:00,433,275,7,556,16,6,10,5,6,1,433,13,12,0.97 
2016,04,05,20:00,433,358,7,556,8,16,6,9,2,7,433,15,17,0.83 
2016,03,27,20:00,433,505,7,556,11,16,7,8,4,8,433,15,22,0.68 
2016,03,22,22:00,433,406,1,556,9,16,8,7,1,9,433,13,19,0.75 
2015,09,16,20:30,124,953,0,799,8,16,5,10,3,6,124,17,19,0.91 
2015,09,16,19:30,124,87,6,799,16,9,10,5,6,4,124,18,15,1.14 
2015,09,13,10:30,989,986,7,821,5,16,4,11,1,5,989,16,19,1.16 
2015,09,13,10:30,986,989,6,821,16,13,6,9,10,4,989,29,17,1.41 
2015,05,26,20:00,283,1076,7,887,16,5,14,1,2,4,283,22,10,1.63 
2015,05,26,20:00,1076,283,0,887,6,16,5,10,1,6,283,13,11,1.01 
2015,05,26,20:00,1076,283,1,887,19,17,5,10,10,5,283,19,29,0.66 
2015,05,22,18:00,283,1081,7,887,16,8,13,2,3,6,283,20,16,1.19 
2015,05,22,18:00,1081,283,6,887,7,16,6,9,1,7,283,19,10,1.33 
2015,05,05,20:30,29,283,0,887,16,9,12,3,4,6,283,12,17,0.75 
2015,05,05,20:30,29,283,7,887,16,10,6,9,10,1,283,13,19,0.73 
2015,05,04,21:10,159,433,6,903,11,16,3,12,8,4,433,11,14,0.75 
2015,04,27,22:00,1093,1055,1,903,12,16,8,7,4,9,1093,15,22,0.71 
2015,04,27,20:00,29,283,7,560,16,5,11,4,5,1,283,8,18,0.46 
2015,04,27,20:00,283,29,0,560,9,16,9,6,0,10,283,21,20,1.05 
2015,04,23,21:15,1076,283,7,560,13,16,3,12,10,4,283,24,24,1.11 
2015,04,23,21:15,283,1076,6,560,16,3,13,2,3,1,283,12,11,0.90 
2015,04,16,21:30,379,283,6,560,16,5,12,3,4,2,283,9,18,0.47 
2015,04,16,21:30,379,283,0,560,16,14,7,8,9,6,283,20,27,0.83 
2014,05,25,15:00,159,1249,0,1066,16,13,8,7,8,6,1249,20,24,0.82 
2014,05,25,15:00,159,1249,6,1066,10,16,7,8,3,8,1249,21,18,1.08 
2014,05,25,15:00,1249,159,5,1066,5,16,4,11,1,5,1249,10,18,0.57 
2014,05,25,11:00,275,1249,0,1066,16,12,12,3,4,9,1249,19,18,1.02 
2014,05,25,09:00,1249,1253,5,1066,16,2,13,2,3,0,1249,13,7,1.26 
