2016,08,12,03:15,94,95,7,465,16,9,9,6,7,3,94,13,13,0.92 
2016,08,12,03:15,95,94,2,465,5,16,2,13,3,3,94,26,13,1.84 
2016,08,10,04:20,77,94,1,485,16,13,9,6,7,7,94,19,22,0.84 
2016,08,10,04:20,77,94,7,485,19,16,7,8,8,7,94,21,28,0.76 
2016,08,10,04:20,94,77,0,485,16,4,11,4,5,0,94,21,12,1.35 
2016,08,09,02:45,142,94,1,465,3,16,2,13,1,3,94,15,12,1.14 
2016,08,09,02:45,94,142,0,465,16,3,12,3,4,0,94,6,12,0.56 
2016,07,31,23:15,95,94,2,497,4,16,4,11,0,5,94,21,12,1.64 
2016,07,31,16:30,6,94,1,497,16,11,9,6,7,5,94,15,22,0.68 
2016,07,31,16:30,6,94,2,497,16,11,10,5,6,6,94,19,20,0.93 
2016,06,10,03:30,95,94,7,548,16,13,6,9,10,4,94,18,21,0.86 
2016,06,10,03:30,94,95,2,548,13,16,8,7,5,9,94,22,18,1.16 
2016,06,06,01:40,113,94,7,554,16,4,12,3,4,1,94,12,18,0.73 
2016,06,06,01:40,94,113,0,554,10,16,8,7,2,9,94,16,17,0.91 
2016,06,05,21:15,94,374,5,554,16,13,8,7,8,6,94,14,19,0.76 
2016,06,05,21:15,94,374,7,554,16,10,9,6,7,4,94,19,18,1.08 
2016,06,05,21:15,94,374,0,554,16,19,10,5,5,10,94,22,27,0.88 
2016,06,04,19:00,94,43,0,554,16,10,8,7,8,3,94,26,17,1.47 
2016,06,04,19:00,94,43,14,554,16,7,9,6,7,1,94,23,13,1.52 
2016,06,04,19:00,43,94,2,554,16,13,10,5,6,8,94,22,22,0.97 
2016,06,03,00:00,194,94,14,548,16,13,11,4,5,9,94,21,23,0.95 
2016,06,03,00:00,94,194,7,548,16,8,9,6,7,2,94,11,16,0.75 
2016,06,02,00:00,113,94,14,548,6,16,5,10,1,6,94,24,10,1.67 
2016,06,02,00:00,113,94,0,548,16,9,9,6,7,3,94,24,18,1.31 
2016,06,01,00:15,94,6,2,548,9,16,5,10,4,6,94,17,19,0.97 
2016,06,01,00:15,94,6,5,548,5,16,4,11,1,5,94,16,17,1.01 
2016,05,25,02:30,94,78,7,548,16,7,8,7,8,0,94,22,13,1.46 
2016,05,25,02:30,94,78,0,548,9,16,6,9,3,7,94,11,21,0.52 
2016,05,20,00:15,43,94,7,548,7,16,3,12,4,4,94,23,15,1.40 
2016,05,20,00:15,43,94,0,548,12,16,5,10,7,6,94,23,16,1.28 
2016,05,19,00:30,94,142,0,548,11,16,11,4,0,12,94,14,20,0.77 
2016,05,19,00:30,142,94,14,548,12,16,6,9,6,7,94,16,20,0.79 
2016,04,26,02:00,95,6,7,599,16,7,9,6,7,1,6,17,17,0.96 
2016,04,26,02:00,95,6,14,599,19,16,4,11,11,4,6,17,28,0.62 
2016,04,24,22:00,404,6,1,600,16,11,9,6,7,5,6,23,20,1.25 
2016,04,24,22:00,404,6,4,600,16,9,11,4,5,5,6,8,21,0.47 
2016,04,24,02:15,6,113,14,600,12,16,8,7,4,9,6,17,22,0.89 
2016,04,24,01:15,95,6,4,600,3,16,3,12,0,4,6,21,8,1.64 
2016,01,15,03:25,6,404,6,674,16,12,9,6,7,6,6,19,22,0.97 
2016,01,15,03:25,6,404,1,674,16,10,9,6,7,4,6,14,20,0.71 
2016,01,15,03:25,404,6,7,674,16,9,10,5,6,4,6,10,20,0.54 
2016,01,08,20:00,194,6,1,677,13,16,7,8,6,8,6,19,22,0.90 
2016,01,07,14:30,6,95,7,677,15,15,6,9,9,6,6,31,22,1.47 
2016,01,06,22:45,70,6,14,677,16,2,13,2,3,0,6,12,18,0.81 
2016,01,06,14:30,6,497,0,677,16,14,11,4,5,10,6,30,20,1.34 
2015,09,04,02:50,1014,1015,7,832,16,10,11,4,5,6,1014,19,19,0.94 
2015,09,04,02:50,1015,1014,0,832,5,16,5,10,0,6,1014,16,12,1.10 
