2016,08,14,15:40,47,53,1,477,16,2,13,2,3,0,53,8,17,0.61 
2016,07,31,21:00,195,196,7,498,16,14,8,7,8,7,195,23,20,1.16 
2016,07,31,21:00,195,196,4,498,9,16,8,7,1,9,195,20,20,0.99 
2016,07,17,18:30,177,147,14,498,13,16,5,10,8,6,147,23,16,1.13 
2016,07,17,18:30,147,177,0,498,11,16,6,9,5,7,147,18,20,0.96 
2016,06,04,18:30,389,49,4,546,9,16,7,8,2,8,389,10,21,0.53 
2016,05,27,22:10,81,82,7,484,16,11,7,8,9,3,82,14,22,0.65 
2016,05,27,20:45,82,80,0,484,16,5,11,4,5,1,82,24,10,1.77 
2016,04,28,20:35,53,384,2,594,17,19,10,5,5,10,53,30,25,1.19 
2016,04,28,20:35,53,384,1,594,19,16,5,10,10,5,53,37,22,1.57 
2016,04,28,20:35,384,53,6,594,16,13,8,7,8,6,53,19,22,0.90 
2016,04,27,18:00,53,259,1,594,16,11,11,4,5,7,53,14,21,0.68 
2016,04,27,18:00,53,259,0,594,16,6,11,4,5,2,53,22,15,1.41 
2016,04,19,20:00,53,360,6,594,16,7,8,7,8,0,53,15,14,0.97 
2016,04,19,20:00,360,53,14,594,9,16,2,13,7,3,53,26,12,1.53 
2016,04,18,20:00,259,53,1,594,6,16,6,9,0,7,53,15,10,1.20 
2016,04,18,20:00,53,259,6,594,12,16,10,5,2,11,53,8,23,0.43 
2016,04,17,21:15,492,13,14,590,5,16,5,10,0,6,492,11,14,0.82 
2016,04,17,21:15,13,492,6,590,16,11,9,6,7,5,492,13,20,0.61 
2016,04,14,18:00,53,137,7,594,16,11,12,3,4,8,53,21,16,1.22 
2016,04,14,18:00,53,137,6,594,16,6,11,4,5,2,53,13,16,0.80 
2016,03,25,15:45,528,517,7,619,15,19,6,9,9,6,528,22,28,0.80 
2016,03,25,13:30,528,132,1,619,16,7,11,4,5,3,528,17,13,1.07 
2016,03,25,12:00,302,528,0,619,16,7,13,2,3,5,528,13,18,0.73 
2016,03,24,23:00,528,231,14,623,16,8,9,6,7,2,528,21,15,1.23 
2016,03,24,23:00,528,231,6,623,16,5,11,4,5,1,528,23,8,1.81 
2016,03,24,20:00,528,476,7,623,16,1,14,1,2,0,528,16,7,1.47 
2016,03,24,20:00,476,528,1,623,5,16,4,11,1,5,528,14,13,1.12 
2016,03,24,15:30,543,528,14,623,10,16,9,6,1,10,528,20,17,1.06 
2016,03,24,13:00,560,528,1,623,5,16,2,13,3,3,528,18,12,1.20 
2016,03,12,17:45,152,53,7,625,16,10,11,4,5,6,53,17,19,0.99 
2016,02,27,21:40,53,584,0,640,4,16,4,11,0,5,53,9,18,0.49 
2016,02,27,20:10,53,484,0,640,16,9,9,6,7,3,53,20,16,1.29 
2016,02,27,18:00,49,53,7,640,16,9,6,9,10,0,53,10,19,0.60 
2016,01,30,15:00,698,147,0,664,13,16,7,8,6,8,698,16,23,0.69 
2016,01,30,12:00,59,698,1,664,16,14,7,8,9,6,698,15,20,0.77 
2016,01,10,12:00,53,642,0,679,13,16,7,8,6,8,53,20,21,0.90 
2016,01,10,12:00,53,642,4,679,12,16,4,11,8,5,53,15,18,0.84 
2016,01,08,21:00,53,49,2,664,26,21,9,6,6,9,53,49,34,1.43 
2016,01,08,21:00,49,53,1,664,16,9,11,4,5,5,53,14,17,0.85 
2016,01,08,21:00,53,49,7,664,16,7,11,4,5,3,53,16,15,0.97 
2015,12,17,22:00,53,490,0,693,6,16,4,11,2,5,53,15,16,0.90 
2015,12,17,20:45,137,53,7,693,19,17,10,5,5,10,53,21,26,0.84 
2015,12,17,18:15,53,218,1,693,16,14,7,8,9,6,53,35,18,1.67 
2015,11,25,18:00,53,320,6,657,14,16,6,9,8,7,53,23,18,1.18 
2015,11,25,18:00,320,53,1,657,16,7,10,5,6,2,53,11,18,0.70 
2015,11,24,18:00,53,472,1,657,17,19,6,9,9,6,53,27,23,1.07 
2015,11,24,18:00,53,472,2,657,4,16,4,11,0,5,53,14,17,0.88 
2015,11,23,18:30,53,281,1,657,16,12,5,10,11,2,53,24,22,1.08 
2015,11,23,18:30,281,53,2,657,8,16,7,8,1,8,53,22,12,1.29 
2015,11,16,20:45,841,53,0,746,16,6,10,5,6,1,53,14,17,0.82 
2015,11,16,20:00,53,458,0,746,16,3,12,3,4,0,53,23,10,1.70 
2015,11,16,16:00,52,53,2,746,22,25,6,9,9,6,53,44,26,1.46 
2015,11,03,22:45,53,392,1,765,21,19,8,7,7,8,53,38,26,1.56 
2015,11,03,18:40,53,392,7,765,16,6,10,5,6,1,53,15,15,0.96 
2015,11,03,18:40,53,392,1,765,16,14,10,5,6,9,53,26,22,1.17 
2015,11,03,18:40,53,392,0,765,18,21,4,11,11,4,53,27,26,1.01 
2015,11,02,21:15,314,53,0,765,5,16,3,12,2,4,53,16,10,1.23 
2015,11,02,21:15,53,314,7,765,8,16,2,13,6,3,53,11,19,0.70 
2015,11,02,21:15,53,314,2,765,16,1,14,1,2,0,53,19,7,1.62 
2015,08,30,21:20,53,490,7,833,16,21,7,8,8,7,53,21,28,0.75 
2015,05,23,22:10,1070,53,6,915,26,23,9,6,6,9,53,28,36,0.79 
2015,04,21,19:15,674,1062,1,936,16,12,12,3,4,9,674,29,18,1.41 
2015,04,04,12:00,314,674,6,948,16,2,13,2,3,0,674,5,18,0.26 
2015,04,04,10:00,674,1062,0,948,16,4,13,2,3,2,674,18,9,1.37 
2015,04,03,22:20,674,400,6,948,16,11,11,4,5,7,674,24,14,1.44 
2015,04,03,19:00,297,674,6,948,16,5,12,3,4,2,674,6,17,0.42 
2015,04,03,19:00,674,297,7,948,6,16,3,12,3,4,674,11,19,0.69 
2015,04,03,15:30,1115,674,1,948,4,16,3,12,1,4,674,13,12,0.99 
2015,04,03,15:30,1115,674,6,948,9,16,4,11,5,5,674,20,14,1.24 
2015,04,03,12:00,674,1106,6,948,13,16,10,5,3,11,674,15,19,0.77 
2015,04,03,12:00,1106,674,1,948,16,8,10,5,6,3,674,14,17,0.77 
2015,04,02,20:30,1113,674,7,948,10,16,7,8,3,8,674,16,18,0.87 
2015,04,02,19:00,674,1124,0,948,16,8,11,4,5,4,674,22,11,1.47 
2015,04,02,14:00,1130,674,1,948,9,16,8,7,1,9,674,21,16,1.18 
2015,04,02,14:00,674,1130,6,948,16,9,13,2,3,7,674,14,17,0.85 
2015,03,08,19:00,53,196,6,955,12,16,8,7,4,9,53,17,22,0.85 
2015,03,08,19:00,53,196,1,955,13,16,8,7,5,9,53,29,23,1.22 
2015,03,08,19:00,53,196,7,955,12,16,6,9,6,7,53,13,21,0.65 
2015,03,07,19:00,53,22,6,955,16,10,13,2,3,8,53,18,16,1.07 
2015,03,07,19:00,22,53,7,955,10,16,5,10,5,6,53,12,15,0.84 
2015,03,07,19:00,53,22,1,955,7,16,2,13,5,3,53,7,21,0.38 
2015,01,11,15:30,53,888,6,968,6,16,3,12,3,4,53,14,20,0.76 
2015,01,11,14:15,712,53,5,968,16,5,12,3,4,2,53,6,18,0.41 
2014,12,18,21:00,59,53,5,967,16,11,11,4,5,7,53,15,21,0.77 
2014,12,18,21:00,59,53,7,967,5,16,2,13,3,3,53,19,12,1.33 
2014,12,18,21:00,59,53,6,967,16,8,11,4,5,4,53,16,22,0.84 
2014,10,21,18:00,53,301,7,1002,7,16,6,9,1,7,53,20,17,1.07 
2014,10,21,18:00,301,53,6,1002,16,9,8,7,8,2,53,11,21,0.59 
2014,10,19,22:10,1173,53,7,1005,4,16,3,12,1,4,53,16,6,1.38 
2014,08,10,20:40,53,1037,0,1040,13,16,10,5,3,11,53,17,25,0.74 
2014,07,16,20:15,1219,53,1,1054,6,16,3,12,3,4,53,16,16,1.07 
2014,07,16,20:15,53,1219,6,1054,16,6,10,5,6,1,53,13,10,1.04 
2014,07,16,20:15,1219,53,0,1054,16,12,6,9,10,3,53,14,25,0.65 
2014,06,22,20:00,250,53,7,1059,19,17,9,6,6,9,53,23,26,0.89 
2014,06,22,20:00,250,53,1,1059,16,11,10,5,6,6,53,17,20,0.82 
2014,06,22,16:15,53,944,7,1059,16,12,14,1,2,11,53,20,19,1.02 
2014,06,22,16:15,944,53,6,1059,6,16,5,10,1,6,53,23,12,1.68 
2014,06,22,16:15,944,53,0,1059,16,11,11,4,5,7,53,13,20,0.68 
2014,06,16,10:00,698,52,6,1061,12,16,8,7,4,9,698,20,16,1.07 
2014,06,16,10:00,52,698,1,1061,16,7,11,4,5,3,698,9,19,0.49 
2014,06,15,21:20,698,13,1,1061,16,1,14,1,2,0,698,16,5,1.64 
2014,06,15,21:20,698,793,0,1061,19,17,11,4,4,11,698,22,27,0.80 
