2015,09,29,22:30,961,723,0,801,1,16,1,14,0,2,961,12,16,0.67 
2015,09,29,21:15,873,961,1,801,2,16,2,13,0,3,961,12,6,1.26 
2015,09,29,19:00,961,723,7,801,2,16,1,14,1,2,961,8,15,0.64 
2015,09,29,19:00,961,723,0,801,5,16,4,11,1,5,961,12,18,0.76 
2015,09,28,20:45,961,873,7,801,16,5,11,4,5,1,961,15,15,1.02 
2015,09,28,20:45,961,873,1,801,16,8,9,6,7,2,961,21,12,1.33 
2015,08,07,17:00,458,690,0,867,16,10,12,3,4,7,690,13,19,0.73 
2015,08,07,17:00,458,690,1,867,16,8,7,8,9,0,690,13,15,0.88 
2015,08,07,17:00,458,690,14,867,5,16,4,11,1,5,690,19,9,1.39 
2014,07,26,18:00,500,1226,1,1050,16,2,13,2,3,0,1226,10,17,0.64 
2014,07,26,18:00,500,1226,6,1050,16,7,10,5,6,2,1226,11,19,0.59 
2014,07,26,16:00,711,1226,0,1050,16,2,14,1,2,1,1226,7,17,0.40 
2014,07,26,16:00,711,1226,6,1050,16,3,12,3,4,0,1226,1,17,0.13 
2013,12,03,23:15,1045,1325,0,1103,16,9,8,7,8,2,1325,13,18,0.87 
2013,12,03,20:00,1325,1244,1,1103,7,16,6,9,1,7,1325,7,20,0.36 
2013,11,29,11:30,1325,1312,2,1105,5,16,5,10,0,6,1325,16,16,1.02 
2013,11,29,11:04,1325,1317,6,1105,8,16,7,8,1,8,1325,8,17,0.56 
2013,10,31,11:30,1060,599,6,1110,10,16,7,8,3,8,1060,16,19,1.07 
2013,10,31,10:30,1060,132,5,1110,13,16,5,10,8,6,1060,22,22,0.93 
2013,10,31,09:30,250,1060,6,1110,16,9,13,2,3,7,1060,17,20,0.85 
2013,09,24,19:00,1320,1060,10,1125,16,9,13,2,3,7,1060,10,20,0.57 
2013,09,17,20:00,1060,384,9,1125,2,16,2,13,0,3,1060,15,16,1.03 
2013,09,10,19:00,49,1060,11,1125,16,3,12,3,4,0,1060,7,18,0.38 
2013,09,03,19:00,1355,1060,11,1125,16,10,10,5,6,5,1060,13,20,0.83 
2013,06,10,21:00,215,1393,10,1141,16,8,9,6,7,2,1393,19,20,1.14 
2013,06,10,20:00,1393,384,11,1141,5,16,2,13,3,3,1393,15,19,0.98 
2013,06,10,19:00,841,1393,10,1141,16,1,14,1,2,0,1393,8,17,0.46 
2013,06,04,19:00,1393,314,11,1143,19,21,9,6,6,9,1393,26,22,1.08 
2013,05,28,20:00,1393,215,10,1143,13,16,9,6,4,10,1393,21,17,1.16 
2013,05,28,19:00,1393,314,11,1143,21,19,8,7,7,8,1393,26,26,0.96 
2013,05,21,20:00,1312,1393,13,1143,16,7,12,3,4,4,1393,16,19,0.85 
2013,05,15,19:00,1393,301,11,1143,8,16,6,9,2,7,1393,13,21,0.70 
2013,05,14,21:00,1393,49,11,1143,16,10,6,9,10,1,1393,21,14,1.30 
2013,05,14,20:00,210,1393,10,1143,13,16,7,8,6,8,1393,9,14,0.74 
2013,05,14,19:00,132,1393,10,1143,14,16,14,1,0,15,1393,19,18,1.07 
