2016,08,14,19:15,45,46,2,477,10,16,6,9,4,7,46,22,16,1.24 
2016,08,14,18:20,46,47,0,477,16,9,10,5,6,4,46,20,11,1.33 
2016,08,14,16:10,46,51,14,477,16,4,12,3,4,1,46,17,9,1.28 
2016,08,14,15:00,58,46,4,477,14,16,10,5,4,11,46,21,18,1.07 
2016,08,09,21:20,46,9,14,471,16,10,7,8,9,2,46,13,13,0.87 
2016,08,09,21:20,9,46,1,471,16,4,11,4,5,0,46,11,17,0.70 
2016,08,09,21:20,46,9,2,471,16,11,11,4,5,7,46,18,16,1.00 
2016,08,03,21:15,46,119,4,471,16,14,6,9,10,5,46,17,19,0.91 
2016,08,03,21:15,46,119,0,471,16,8,10,5,6,3,46,13,13,0.87 
2016,08,03,18:00,46,101,0,471,16,6,11,4,5,2,46,15,11,1.11 
2016,08,03,18:00,46,101,4,471,17,19,5,10,10,5,46,26,21,1.15 
2016,08,03,18:00,101,46,2,471,11,16,10,5,1,11,46,20,14,1.21 
2016,08,01,21:45,22,46,0,471,14,16,11,4,3,12,46,17,20,0.80 
2016,08,01,21:45,46,22,4,471,16,6,12,3,4,3,46,29,12,1.97 
2016,08,01,18:15,46,31,0,496,16,11,14,1,2,10,46,13,19,0.71 
2016,08,01,18:15,31,46,4,496,7,16,2,13,5,3,46,12,10,1.00 
2016,07,31,21:00,46,42,0,499,16,8,12,3,4,5,46,14,12,1.02 
2016,07,31,21:00,42,46,4,499,8,16,8,7,0,9,46,9,11,0.76 
2016,07,31,16:00,102,46,5,498,14,16,4,11,10,5,46,27,16,1.48 
2016,07,31,16:00,46,102,14,498,16,14,13,2,3,12,46,26,17,1.33 
2016,07,24,09:45,46,52,14,512,14,16,6,9,8,7,46,23,21,1.16 
2016,07,24,09:45,46,52,1,512,10,16,6,9,4,7,46,21,21,0.97 
2016,07,24,09:45,52,46,2,512,16,6,11,4,5,2,46,7,19,0.40 
2016,07,22,11:00,46,34,2,512,16,9,8,7,8,2,46,20,15,1.11 
2016,07,22,11:00,34,46,0,512,10,16,8,7,2,9,46,24,21,1.29 
2016,07,22,07:30,46,35,4,512,16,10,8,7,8,3,46,17,17,0.90 
2016,07,22,05:45,46,208,4,512,16,0,15,0,1,0,46,14,3,1.61 
2016,07,22,04:00,46,185,4,512,16,9,10,5,6,4,46,19,14,1.09 
2016,07,19,22:05,196,46,1,496,12,16,4,11,8,5,46,17,20,0.86 
2016,07,19,22:05,196,46,14,496,9,16,4,11,5,5,46,20,14,1.19 
2016,07,19,18:10,100,46,0,499,14,16,5,10,9,6,46,25,18,1.27 
2016,07,19,18:10,46,100,6,499,11,16,8,7,3,9,46,21,17,1.32 
2016,07,19,18:10,100,46,2,499,14,16,5,10,9,6,46,25,19,1.29 
2016,07,17,17:30,46,52,0,503,14,16,9,6,5,10,46,15,22,0.71 
2016,07,17,17:30,46,52,14,503,23,25,8,7,7,8,46,32,33,0.88 
2016,07,16,16:25,46,184,5,503,16,5,11,4,5,1,46,20,10,1.47 
2016,07,16,16:25,46,184,0,503,13,16,5,10,8,6,46,18,24,0.84 
2016,07,16,16:25,184,46,2,503,3,16,0,15,3,1,46,22,6,1.89 
2016,07,16,14:00,46,52,0,503,13,16,7,8,6,8,46,24,18,1.18 
2016,07,13,20:30,196,46,0,499,5,16,4,11,1,5,46,16,12,1.12 
2016,07,13,20:30,46,196,4,499,16,8,9,6,7,2,46,22,15,1.27 
2016,07,07,21:30,177,31,0,496,8,16,7,8,1,8,31,22,15,1.31 
2016,07,07,21:30,31,177,4,496,16,11,11,4,5,7,31,23,21,1.15 
2016,06,29,22:35,46,177,4,536,12,16,10,5,2,11,46,19,21,0.92 
2016,06,29,21:30,46,132,0,536,16,10,12,3,4,7,46,22,17,1.19 
2016,06,29,20:30,46,297,14,536,16,8,11,4,5,4,46,16,14,0.99 
2016,06,28,18:00,52,46,0,536,20,22,7,8,8,7,46,23,30,0.87 
2016,06,27,22:15,177,46,14,536,16,8,9,6,7,2,46,17,21,0.81 
2016,06,27,22:15,177,46,0,536,12,16,5,10,7,6,46,21,16,1.20 
2016,06,27,22:15,177,46,4,536,16,13,10,5,6,8,46,19,20,0.96 
2016,06,27,16:15,46,297,2,536,16,13,12,3,4,10,46,26,17,1.33 
2016,06,27,16:15,297,46,0,536,13,16,10,5,3,11,46,14,21,0.67 
2016,06,19,18:00,354,302,2,546,16,8,12,3,4,5,302,14,18,1.03 
2016,06,19,18:00,302,354,4,546,9,16,5,10,4,6,302,13,19,0.70 
2016,06,19,18:00,302,354,14,546,16,6,9,6,7,0,302,26,14,1.76 
2016,06,18,21:00,253,302,4,546,16,12,6,9,10,3,302,18,21,0.82 
2016,06,18,18:00,302,354,2,546,16,13,6,9,10,4,302,21,19,1.03 
2016,06,09,23:00,291,302,4,502,16,14,12,3,4,11,302,26,21,1.14 
2016,06,09,23:00,291,302,14,502,16,10,7,8,9,2,302,19,21,0.97 
2016,06,09,23:00,302,291,2,502,16,6,12,3,4,3,302,17,8,1.40 
2016,06,09,00:00,366,302,14,502,5,16,4,11,1,5,302,25,10,2.00 
2016,06,08,23:00,366,302,5,502,8,16,7,8,1,8,302,22,18,1.36 
2016,06,08,21:30,302,253,4,502,7,16,5,10,2,6,302,14,17,0.87 
2016,06,08,20:30,253,302,2,502,6,16,3,12,3,4,302,9,15,0.63 
2016,06,07,21:35,291,302,4,502,16,14,12,3,4,11,302,26,19,1.35 
2016,06,07,20:30,291,302,5,502,3,16,3,12,0,4,302,22,7,1.82 
2016,05,30,18:00,302,132,14,536,12,16,7,8,5,8,302,15,21,0.76 
2016,05,30,18:00,132,302,0,536,16,4,11,4,5,0,302,13,17,0.78 
2016,05,30,18:00,132,302,2,536,13,16,10,5,3,11,302,11,19,0.62 
2016,05,29,12:15,187,396,0,546,16,13,4,11,12,2,396,19,21,0.91 
2016,05,29,12:15,187,396,14,546,11,16,3,12,8,4,396,19,18,1.01 
2016,05,29,12:15,187,396,1,546,16,4,11,4,5,0,396,17,16,1.11 
2016,05,28,18:00,402,396,0,546,8,16,5,10,3,6,396,13,15,0.81 
2016,05,19,13:30,302,331,7,567,8,16,5,10,3,6,302,10,20,0.56 
2016,05,19,13:30,331,302,0,567,16,8,8,7,8,1,302,15,21,0.77 
2016,05,19,09:00,59,302,4,567,16,5,12,3,4,2,302,9,19,0.46 
2016,05,19,09:00,59,302,7,567,16,5,13,2,3,3,302,16,18,0.86 
2016,05,14,13:30,52,302,4,573,16,14,8,7,8,7,302,20,23,0.82 
2016,05,14,12:00,297,302,14,573,16,6,11,4,5,2,302,19,18,1.05 
2016,05,11,20:00,439,302,14,579,13,16,5,10,8,6,302,13,15,0.81 
2016,05,11,20:00,302,439,0,579,16,5,10,5,6,0,302,19,9,1.39 
2016,05,10,21:10,302,177,7,579,25,22,6,9,9,6,302,30,33,0.89 
2016,05,10,21:10,177,302,14,579,10,16,4,11,6,5,302,17,16,0.95 
2016,05,10,21:10,177,302,14,579,10,16,4,11,6,5,302,17,16,0.95 
2016,05,08,21:00,302,439,0,536,4,16,3,12,1,4,302,7,15,0.53 
2016,05,08,21:00,439,302,4,536,14,16,10,5,4,11,302,20,19,0.95 
2016,05,08,21:00,302,439,7,536,8,16,7,8,1,8,302,13,18,0.78 
2016,05,04,20:00,302,49,7,536,16,9,9,6,7,3,302,19,12,1.24 
2016,05,04,20:00,49,302,4,536,11,16,6,9,5,7,302,25,17,1.36 
2016,05,04,20:00,302,49,14,536,4,16,2,13,2,3,302,8,18,0.68 
2016,05,01,16:30,302,424,14,590,8,16,3,12,5,4,302,14,19,0.78 
2016,05,01,16:30,424,302,0,590,9,16,6,9,3,7,302,21,14,1.27 
2016,05,01,16:30,424,302,1,590,19,17,8,7,7,8,302,30,21,1.18 
2016,05,01,16:30,424,302,7,590,16,5,14,1,2,4,302,11,18,0.69 
2016,04,30,13:00,302,59,14,590,16,3,13,2,3,1,302,17,8,1.49 
2016,04,30,13:00,59,302,4,590,14,16,8,7,6,9,302,28,20,1.25 
2016,04,30,13:00,59,302,1,590,10,16,3,12,7,4,302,22,13,1.34 
2016,04,29,20:15,22,302,4,590,11,16,4,11,7,5,302,21,18,1.22 
2016,04,29,20:15,302,22,14,590,16,3,12,3,4,0,302,26,9,2.09 
2016,04,28,22:15,302,69,7,590,16,1,14,1,2,0,302,16,5,1.67 
2016,04,28,22:15,69,302,4,590,3,16,3,12,0,4,302,18,10,1.39 
2016,04,28,11:00,302,424,14,590,6,16,3,12,3,4,302,10,19,0.57 
2016,04,28,11:00,424,302,2,590,16,12,14,1,2,11,302,15,20,0.78 
2016,04,26,21:15,22,302,7,598,16,2,13,2,3,0,302,8,17,0.51 
2016,04,26,19:00,22,302,4,598,25,23,7,8,8,7,302,42,33,1.20 
2016,04,25,21:00,302,13,2,579,12,16,5,10,7,6,302,12,19,0.70 
2016,04,25,21:00,302,13,0,579,14,16,9,6,5,10,302,21,19,1.10 
2016,04,25,21:00,302,13,4,579,16,12,11,4,5,8,302,16,16,0.93 
2016,04,24,18:25,302,458,1,573,16,12,6,9,10,3,302,28,18,1.50 
2016,04,24,18:25,302,458,4,573,16,7,10,5,6,2,302,12,12,0.88 
2016,04,24,15:00,177,302,4,573,6,16,3,12,3,4,302,18,13,1.15 
2016,04,24,15:00,177,302,7,573,16,14,3,12,13,2,302,24,22,1.06 
2016,04,24,15:00,177,302,0,573,10,16,7,8,3,8,302,13,16,0.89 
2016,04,19,21:00,132,302,14,605,16,10,9,6,7,4,302,11,20,0.63 
2016,04,19,21:00,132,302,2,605,4,16,4,11,0,5,302,14,11,1.10 
2016,04,19,21:00,302,132,7,605,14,16,12,3,2,13,302,19,20,0.90 
2016,04,19,18:00,439,302,4,605,8,16,4,11,4,5,302,17,13,1.01 
2016,04,19,18:00,302,439,7,605,16,14,8,7,8,7,302,22,20,1.12 
2016,04,18,20:15,472,302,7,536,12,16,8,7,4,9,302,19,17,0.99 
2016,04,18,20:15,302,472,0,536,8,16,6,9,2,7,302,15,18,0.85 
2016,04,14,21:00,302,484,0,579,16,12,4,11,12,1,302,20,19,0.98 
2016,04,14,21:00,302,484,14,579,16,3,13,2,3,1,302,16,12,1.16 
2016,04,13,20:45,184,302,2,590,14,16,6,9,8,7,302,22,21,0.93 
2016,04,13,20:45,302,184,0,590,16,13,6,9,10,4,302,36,17,1.83 
2016,04,11,21:15,384,302,4,536,12,16,8,7,4,9,302,20,18,0.99 
2016,04,11,21:15,302,384,1,536,15,19,4,11,11,4,302,27,21,1.16 
2016,04,11,21:15,384,302,7,536,6,16,3,12,3,4,302,12,13,0.84 
2016,04,07,21:10,8,302,2,598,12,16,5,10,7,6,302,17,19,0.85 
2016,04,07,20:15,302,8,7,598,16,11,11,4,5,7,302,20,18,1.11 
2016,04,07,18:00,59,302,14,614,16,12,9,6,7,6,302,16,22,0.78 
2016,04,07,18:00,59,302,4,614,16,14,7,8,9,6,302,21,16,1.04 
2016,04,06,22:30,101,302,1,614,16,5,12,3,4,2,302,5,19,0.33 
2016,04,06,22:30,101,302,4,614,10,16,6,9,4,7,302,29,18,1.54 
2016,04,06,20:30,302,152,0,614,16,5,13,2,3,3,302,17,11,1.26 
2016,04,06,20:30,302,152,2,614,8,16,7,8,1,8,302,13,19,0.74 
2016,03,25,22:00,302,29,14,619,7,16,5,10,2,6,302,18,15,1.19 
2016,03,25,22:00,302,29,0,619,14,16,7,8,7,8,302,18,20,1.04 
2016,03,25,22:00,29,302,1,619,1,16,1,14,0,2,302,7,11,0.67 
2016,03,25,13:30,302,517,0,619,16,8,12,3,4,5,302,27,16,1.55 
2016,03,25,12:00,302,528,0,619,16,7,13,2,3,5,302,16,11,1.08 
2016,03,22,21:15,302,13,2,598,16,13,8,7,8,6,302,18,17,1.00 
2016,03,22,20:00,302,13,0,598,10,16,7,8,3,8,302,14,19,0.74 
2016,03,21,22:00,302,13,14,590,12,16,10,5,2,11,302,12,22,0.57 
2016,03,21,22:00,13,302,7,590,16,8,9,6,7,2,302,11,20,0.71 
2016,03,21,19:00,508,302,2,605,3,16,3,12,0,4,302,14,6,1.27 
2016,03,21,19:00,302,508,1,605,14,16,5,10,9,6,302,16,20,0.85 
2016,03,21,19:00,302,508,14,605,16,1,14,1,2,0,302,11,6,1.10 
2016,03,20,16:45,101,302,6,625,16,5,13,2,3,3,302,13,17,0.84 
2016,03,20,16:45,101,302,4,625,22,19,12,3,3,12,302,42,27,1.36 
2016,03,20,13:00,52,302,14,625,11,16,5,10,6,6,302,18,13,1.11 
2016,03,20,13:00,52,302,1,625,16,12,9,6,7,6,302,19,23,0.82 
2016,03,20,13:00,302,52,4,625,16,11,6,9,10,2,302,12,15,0.80 
2016,03,20,00:00,250,302,0,598,19,16,7,8,8,7,302,19,24,0.79 
2016,03,19,23:00,302,250,7,598,8,16,7,8,1,8,302,14,19,0.73 
2016,03,17,23:15,302,214,14,598,16,11,8,7,8,4,302,24,16,1.27 
2016,03,17,22:00,302,214,0,598,8,16,6,9,2,7,302,8,17,0.56 
2016,03,17,19:30,302,52,0,590,16,12,9,6,7,6,302,19,19,0.97 
2016,03,17,19:30,52,302,14,590,16,11,8,7,8,4,302,11,19,0.63 
2016,03,17,19:30,302,52,4,590,16,6,13,2,3,4,302,19,13,1.32 
2016,03,16,19:00,249,302,0,590,9,16,4,11,5,5,302,19,12,1.27 
2016,03,16,19:00,302,249,7,590,16,7,11,4,5,3,302,23,11,1.54 
2016,03,15,23:00,292,302,7,598,16,13,3,12,13,1,302,17,19,0.95 
2016,03,15,22:00,292,302,2,598,16,5,10,5,6,0,302,6,20,0.28 
2016,03,15,19:00,302,30,7,605,16,5,13,2,3,3,302,11,7,1.09 
2016,03,15,19:00,30,302,4,605,19,17,8,7,7,8,302,19,26,0.83 
2016,03,13,20:00,253,302,0,598,16,5,11,4,5,1,302,7,19,0.36 
2016,03,13,19:00,302,253,2,598,7,16,4,11,3,5,302,10,19,0.53 
2016,03,13,13:00,302,507,0,625,17,19,6,9,9,6,302,20,25,0.78 
2016,03,13,13:00,507,302,4,625,11,16,3,12,8,4,302,17,18,0.99 
2016,03,13,13:00,302,507,2,625,13,16,12,3,1,13,302,16,21,0.73 
2016,03,13,01:00,302,285,0,598,3,16,3,12,0,4,302,11,13,0.83 
2016,03,12,23:15,302,285,7,598,25,23,9,6,6,9,302,39,33,1.26 
2016,03,10,23:00,472,302,4,593,19,17,6,9,9,6,302,21,22,0.95 
2016,03,10,21:00,507,302,4,593,16,14,8,7,8,7,302,20,23,0.82 
2016,03,10,20:00,302,496,0,593,16,3,13,2,3,1,302,14,6,1.27 
2016,03,09,22:15,302,358,7,605,16,14,4,11,12,3,302,17,18,0.92 
2016,03,09,22:15,358,302,2,605,11,16,5,10,6,6,302,21,17,1.10 
2016,02,27,19:20,291,302,4,639,16,13,12,3,4,10,302,18,22,0.92 
2016,02,26,01:15,302,642,2,639,10,16,3,12,7,4,302,15,23,0.75 
2016,02,25,00:45,210,302,7,598,16,6,12,3,4,3,302,10,21,0.50 
2016,02,24,23:30,302,210,4,598,11,16,4,11,7,5,302,21,19,1.04 
2016,02,23,23:45,302,472,0,638,16,11,10,5,6,6,302,10,15,0.72 
2016,02,23,23:45,302,472,7,638,5,16,2,13,3,3,302,15,18,0.93 
2016,02,22,22:00,302,137,14,605,16,10,7,8,9,2,302,17,16,0.97 
2016,02,22,22:00,137,302,2,605,4,16,4,11,0,5,302,8,11,0.79 
2016,02,22,19:15,196,302,0,638,3,16,3,12,0,4,302,17,8,1.37 
2016,02,22,19:15,302,196,7,638,16,7,9,6,7,1,302,23,13,1.44 
2016,02,11,20:00,302,215,2,598,16,12,11,4,5,8,302,11,20,0.62 
2016,02,11,19:00,302,215,14,598,16,7,14,1,2,6,302,22,13,1.48 
2016,02,09,23:00,302,258,14,598,6,16,4,11,2,5,302,9,18,0.62 
2016,02,09,21:30,302,258,0,598,19,22,6,9,9,6,302,30,31,0.92 
2016,02,05,19:30,302,132,0,662,16,6,13,2,3,4,302,11,13,0.83 
2016,02,05,19:30,132,302,2,662,2,16,2,13,0,3,302,12,6,1.26 
2016,01,22,18:40,302,70,2,667,10,16,8,7,2,9,302,14,22,0.66 
2016,01,22,18:40,70,302,0,667,10,16,9,6,1,10,302,20,17,1.04 
2016,01,22,18:40,302,70,4,667,7,16,6,9,1,7,302,17,18,0.95 
2016,01,22,12:30,302,215,0,667,3,16,2,13,1,3,302,4,14,0.39 
2016,01,10,19:00,13,302,2,679,16,21,5,10,10,5,302,19,23,0.82 
2016,01,10,19:00,302,13,0,679,18,21,9,6,6,9,302,25,30,0.86 
2016,01,10,19:00,302,13,4,679,16,3,12,3,4,0,302,19,8,1.64 
2016,01,10,15:00,302,642,4,679,16,11,7,8,9,3,302,19,18,0.95 
2016,01,10,15:00,642,302,2,679,16,10,13,2,3,8,302,9,19,0.53 
2016,01,10,15:00,642,302,14,679,9,16,4,11,5,5,302,20,13,1.25 
2016,01,10,12:20,302,259,0,679,16,1,14,1,2,0,302,22,4,2.32 
2016,01,10,12:20,302,259,4,679,16,10,8,7,8,3,302,23,15,1.40 
2015,12,17,21:00,302,147,4,654,16,10,7,8,9,2,302,27,13,1.50 
2015,12,17,21:00,302,147,14,654,16,3,12,3,4,0,302,16,11,1.32 
2015,12,15,18:00,22,302,14,695,16,14,6,9,10,5,302,27,21,1.23 
2015,12,15,18:00,22,302,2,695,26,23,10,5,5,10,302,18,40,0.53 
2015,12,06,17:16,302,210,6,714,5,16,5,10,0,6,302,13,17,0.78 
2015,12,06,17:16,302,210,4,714,16,12,9,6,7,6,302,19,18,1.04 
2015,12,06,14:30,210,302,0,714,16,6,10,5,6,1,302,7,20,0.34 
2015,12,05,15:34,302,710,7,714,16,2,13,2,3,0,302,17,9,1.45 
2015,12,05,14:00,302,710,0,714,16,13,8,7,8,6,302,16,23,0.73 
2015,12,05,14:00,710,302,2,714,16,9,13,2,3,7,302,7,21,0.39 
2015,12,04,16:30,302,250,0,714,6,16,6,9,0,7,302,9,18,0.49 
2015,12,04,16:30,250,302,7,714,16,2,13,2,3,0,302,9,16,0.70 
2015,12,01,21:00,147,302,0,721,16,19,11,4,4,11,302,24,21,1.11 
2015,12,01,21:00,147,302,2,721,6,16,4,11,2,5,302,11,14,0.77 
2015,12,01,21:00,147,302,14,721,16,10,7,8,9,2,302,20,22,1.04 
2015,12,01,18:00,292,302,2,721,5,16,5,10,0,6,302,11,11,0.96 
2015,12,01,18:00,292,302,1,721,16,10,9,6,7,4,302,19,17,0.98 
2015,12,01,18:00,292,302,0,721,14,16,6,9,8,7,302,19,21,0.89 
2015,11,19,22:00,59,302,14,654,16,9,7,8,9,1,302,10,19,0.60 
2015,11,19,22:00,302,59,4,654,7,16,5,10,2,6,302,14,18,0.81 
2015,11,17,21:00,210,302,4,740,13,16,6,9,7,7,302,22,16,1.12 
2015,11,17,20:00,196,302,0,740,11,16,6,9,5,7,302,17,15,1.08 
2015,11,15,23:50,196,302,0,733,16,8,7,8,9,0,302,12,19,0.66 
2015,11,15,21:30,302,642,4,733,16,21,8,7,7,8,302,19,28,0.72 
2015,11,15,20:20,508,302,0,733,4,16,4,11,0,5,302,14,11,1.13 
2015,11,12,22:00,302,214,2,740,16,0,15,0,1,0,302,10,8,1.00 
2015,11,12,18:45,13,302,6,721,12,16,4,11,8,5,302,22,16,1.28 
2015,11,12,18:45,302,13,2,721,16,13,11,4,5,9,302,15,22,0.69 
2015,11,12,18:45,13,302,0,721,16,7,8,7,8,0,302,13,16,0.82 
2015,11,11,19:00,13,302,4,741,28,24,7,8,8,7,302,34,41,0.83 
2015,11,11,19:00,302,13,0,741,16,13,9,6,7,7,302,21,18,1.05 
2015,11,11,19:00,13,302,2,741,16,13,10,5,6,8,302,19,20,0.96 
2015,11,10,22:00,302,258,1,740,11,16,6,9,5,7,302,14,20,0.75 
2015,11,10,21:00,302,250,0,740,16,12,12,3,4,9,302,20,15,1.27 
2015,11,05,20:00,439,302,0,654,10,16,2,13,8,3,302,13,21,0.60 
2015,11,05,20:00,302,439,2,654,14,16,10,5,4,11,302,18,23,0.81 
2015,11,03,21:00,270,302,4,740,16,11,11,4,5,7,302,21,20,1.05 
2015,10,29,20:30,302,383,0,654,16,4,11,4,5,0,302,24,11,1.92 
2015,10,29,20:30,302,383,2,654,9,16,5,10,4,6,302,23,19,1.29 
2015,10,24,20:20,8,302,14,740,16,13,10,5,6,8,302,29,20,1.35 
2015,10,24,19:20,302,215,0,740,13,16,8,7,5,9,302,16,21,0.87 
2015,10,24,17:00,302,59,0,740,16,6,10,5,6,1,302,18,12,1.21 
2015,10,01,21:00,22,302,6,740,16,14,6,9,10,5,302,17,19,0.87 
2015,10,01,20:00,302,258,2,740,10,16,8,7,2,9,302,16,22,0.73 
2015,10,01,17:45,302,196,14,784,12,16,7,8,5,8,302,28,19,1.53 
2015,10,01,17:45,302,196,0,784,9,16,7,8,2,8,302,15,21,0.65 
2015,09,30,18:30,776,302,7,790,14,16,9,6,5,10,302,17,21,0.99 
2015,09,30,18:30,302,776,6,790,16,6,9,6,7,0,302,19,11,1.37 
2015,09,29,22:00,711,302,14,740,16,9,10,5,6,4,302,11,22,0.51 
2015,09,29,20:00,8,302,4,740,16,8,10,5,6,3,302,16,19,0.82 
2015,09,24,20:00,472,302,6,741,16,2,13,2,3,0,302,8,17,0.48 
2015,09,24,20:00,472,302,4,741,16,6,11,4,5,2,302,15,18,0.98 
2015,09,23,18:00,302,890,0,741,19,22,4,11,11,4,302,21,29,0.79 
2015,09,23,18:00,890,302,2,741,16,2,13,2,3,0,302,9,17,0.53 
2015,09,20,22:35,13,945,4,783,16,7,9,6,7,1,945,11,16,0.67 
2015,09,20,22:35,945,13,6,783,17,19,5,10,10,5,945,16,22,0.75 
2015,09,20,18:00,642,945,14,741,16,9,11,4,5,5,945,15,20,0.71 
2015,09,20,18:00,945,642,4,741,25,21,4,11,11,4,945,25,29,0.82 
2015,09,17,21:00,980,314,2,813,16,6,12,3,4,3,314,20,17,1.18 
2015,09,17,21:00,314,980,0,813,4,16,3,12,1,4,314,8,16,0.58 
2015,09,17,21:00,314,980,1,813,16,12,4,11,12,1,314,27,14,1.61 
2015,09,16,21:15,314,22,1,593,10,16,4,11,6,5,314,21,20,1.22 
2015,09,16,21:15,314,22,7,593,13,16,7,8,6,8,314,15,18,0.80 
2015,05,31,11:00,1070,1045,1,910,6,16,5,10,1,6,1070,14,16,0.87 
2015,05,31,11:00,1070,1045,7,910,5,16,5,10,0,6,1070,7,20,0.32 
2015,05,31,11:00,1045,1070,0,910,12,16,9,6,3,10,1070,17,19,0.89 
2015,05,27,18:00,1070,840,0,907,10,16,7,8,3,8,1070,19,17,1.16 
2015,05,27,18:00,840,1070,6,907,16,7,13,2,3,5,1070,10,20,0.62 
2015,05,23,23:55,1062,1070,0,915,13,16,6,9,7,7,1070,24,17,1.24 
2015,05,23,22:10,1070,53,6,915,26,23,9,6,6,9,1070,42,27,1.25 
2015,05,07,20:00,490,856,0,914,16,10,9,6,7,4,856,13,18,0.71 
2015,05,07,20:00,856,490,7,914,19,22,9,6,6,9,856,30,26,1.08 
2015,05,07,20:00,490,856,6,914,7,16,4,11,3,5,856,25,11,1.64 
2015,05,04,20:00,856,292,0,914,13,16,8,7,5,9,856,13,24,0.58 
2015,05,04,20:00,856,292,7,914,15,19,6,9,9,6,856,22,25,0.89 
2015,04,15,21:00,840,314,0,936,16,12,12,3,4,9,314,26,21,1.25 
2015,04,15,21:00,314,840,6,936,5,16,4,11,1,5,314,16,17,0.96 
2015,04,04,13:30,314,22,6,948,3,16,3,12,0,4,314,11,15,0.78 
2015,04,04,12:00,314,674,6,948,16,2,13,2,3,0,314,24,10,1.93 
2015,04,04,10:00,800,314,7,948,14,16,10,5,4,11,314,26,20,1.29 
2015,04,03,22:30,314,1113,7,948,16,2,14,1,2,1,314,13,7,1.26 
2015,04,03,19:00,1051,314,0,948,16,7,9,6,7,1,314,16,18,1.01 
2015,04,03,19:00,1051,314,1,948,16,12,4,11,12,1,314,18,20,1.00 
2015,04,03,19:00,314,1051,6,948,16,14,12,3,4,11,314,31,16,1.69 
2015,04,03,15:30,292,314,0,948,16,5,13,2,3,3,314,13,18,0.68 
2015,04,03,15:30,314,292,14,948,16,12,11,4,5,8,314,18,20,0.89 
2015,04,03,15:30,314,292,7,948,11,16,8,7,3,9,314,13,19,0.75 
2015,04,03,12:00,314,1051,7,948,16,8,12,3,4,5,314,18,18,1.12 
2015,04,03,12:00,1051,314,0,948,10,16,8,7,2,9,314,24,16,1.44 
2015,02,23,20:00,1142,384,14,860,16,14,7,8,9,6,1142,28,21,1.39 
2015,01,11,15:30,53,888,6,968,6,16,3,12,3,4,53,15,17,0.94 
2015,01,11,14:15,712,53,5,968,16,5,12,3,4,2,53,6,17,0.42 
2014,10,21,18:00,53,301,7,1002,7,16,6,9,1,7,53,6,21,0.36 
2014,10,21,18:00,301,53,6,1002,16,9,8,7,8,2,53,16,17,0.94 
2014,10,19,22:10,1173,53,7,1005,4,16,3,12,1,4,53,15,10,1.18 
2014,08,10,20:15,13,1149,0,1040,12,16,10,5,2,11,13,21,18,1.17 
2013,11,29,17:45,302,314,6,1105,3,16,2,13,1,3,302,5,17,0.37 
2013,11,29,16:18,384,302,6,1105,16,11,9,6,7,5,302,9,19,0.61 
2013,11,15,18:00,937,124,11,1098,16,7,10,5,6,2,937,19,13,1.17 
2013,11,14,21:00,1311,214,1,1104,16,8,11,4,5,4,214,17,19,0.85 
2013,11,14,20:00,214,722,6,1104,16,6,12,3,4,3,214,29,10,1.98 
2013,11,02,09:30,1317,210,0,1110,16,14,12,3,4,11,210,24,19,1.19 
2013,11,02,09:30,1317,210,6,1110,16,2,13,2,3,0,210,10,18,0.53 
2013,11,02,09:30,210,1317,7,1110,16,10,10,5,6,5,210,17,17,0.90 
2013,11,01,11:30,210,1339,2,1110,16,2,13,2,3,0,210,13,9,1.08 
2013,11,01,10:30,210,49,6,1110,16,2,13,2,3,0,210,26,6,2.46 
2013,10,31,17:45,1311,210,1,1110,12,16,10,5,2,11,210,19,20,1.01 
2013,10,27,12:00,210,384,0,1112,11,16,8,7,3,9,210,21,18,1.14 
2013,10,26,16:00,1312,210,6,1112,12,16,9,6,3,10,210,19,14,1.14 
2013,10,26,12:00,1317,210,6,1112,21,19,11,4,4,11,210,25,31,0.84 
2013,10,23,23:00,939,937,13,1098,11,16,9,6,2,10,937,20,18,1.11 
2013,10,11,21:00,210,250,11,1115,12,16,8,7,4,9,210,23,20,1.15 
2013,10,11,21:00,210,250,12,1115,11,16,10,5,1,11,210,15,19,0.81 
2013,10,10,13:40,1311,210,7,1115,16,14,5,10,11,4,210,20,22,0.93 
2013,10,10,13:40,210,1311,10,1115,10,16,6,9,4,7,210,12,18,0.70 
2013,10,10,13:40,210,1311,9,1115,16,9,9,6,7,3,210,21,12,1.24 
2013,10,02,22:30,210,158,10,1116,16,12,6,9,10,3,210,21,14,1.22 
2013,10,02,20:00,210,250,11,1116,12,16,7,8,5,8,210,22,19,1.07 
2013,10,02,19:00,210,158,10,1116,16,9,9,6,7,3,210,21,16,1.25 
2013,09,25,20:00,210,287,10,1120,16,14,10,5,6,9,210,15,20,0.73 
2013,09,24,20:00,210,1345,11,1125,23,26,12,3,3,12,210,34,36,0.94 
2013,09,23,21:20,250,210,11,1120,16,7,12,3,4,4,210,17,17,1.07 
2013,09,23,20:15,749,210,12,1120,10,16,5,10,5,6,210,15,16,0.91 
2013,09,19,20:15,841,210,10,1120,11,16,8,7,3,9,210,19,17,1.06 
2013,09,14,20:55,698,210,9,1126,19,17,10,5,5,10,210,23,25,0.98 
2013,09,14,20:55,210,698,10,1126,12,16,8,7,4,9,210,13,18,0.70 
2013,09,14,10:45,250,210,12,1126,17,19,6,9,9,6,210,27,26,1.08 
2013,09,14,09:00,210,398,12,1126,16,3,12,3,4,0,210,28,5,2.66 
2013,09,12,19:00,210,1311,11,1120,16,12,11,4,5,8,210,32,14,1.80 
2013,09,11,18:00,1317,210,11,1120,16,5,13,2,3,3,210,18,19,0.99 
2013,09,10,20:00,210,841,7,1125,10,16,2,13,8,3,210,15,20,0.73 
2013,09,09,22:50,698,210,12,1117,16,2,13,2,3,0,210,8,16,0.56 
2013,09,09,22:00,210,250,9,1127,5,16,5,10,0,6,210,12,19,0.69 
2013,09,09,22:00,250,210,11,1127,16,6,13,2,3,4,210,16,18,1.05 
2013,09,06,22:00,210,1317,10,1117,15,15,5,10,10,5,210,19,25,0.88 
2013,09,06,20:00,1323,210,11,1120,2,16,2,13,0,3,210,11,7,1.17 
2013,09,06,19:00,215,210,11,1120,16,14,12,3,4,11,210,15,22,0.71 
2013,09,05,22:00,210,1106,10,1117,16,7,12,3,4,4,210,15,11,1.10 
2013,09,05,21:00,210,49,11,1120,16,8,11,4,5,4,210,15,13,1.07 
2013,09,05,20:00,215,210,10,1117,16,7,11,4,5,3,210,14,18,0.81 
2013,09,04,19:00,250,210,12,1125,16,7,11,4,5,3,210,11,19,0.62 
2013,09,03,21:00,323,210,11,1125,10,16,8,7,2,9,210,13,16,0.91 
2013,09,03,20:00,210,1320,7,1125,16,6,11,4,5,2,210,22,10,1.73 
2013,09,02,21:00,287,210,11,1117,16,11,11,4,5,7,210,15,19,0.88 
2013,08,29,19:00,210,1280,10,1120,16,5,10,5,6,0,210,8,9,0.84 
2013,08,26,20:00,844,210,10,1120,3,16,2,13,1,3,210,16,7,1.34 
2013,08,26,19:00,210,1360,11,1120,16,3,15,0,1,3,210,23,6,1.97 
2013,08,25,19:00,1312,210,10,1120,11,16,8,7,3,9,210,15,18,0.77 
2013,08,20,20:30,1317,210,9,1130,16,5,11,4,5,1,210,15,18,0.96 
2013,08,20,20:30,210,1317,10,1130,8,16,7,8,1,8,210,12,18,0.72 
2013,08,14,19:00,210,1106,12,1120,16,5,12,3,4,2,210,14,14,0.91 
2013,08,13,20:00,210,1370,12,1130,16,5,12,3,4,2,210,15,10,1.19 
2013,08,13,20:00,1370,210,11,1130,28,31,4,11,11,4,210,33,43,0.81 
2013,08,12,20:00,210,1311,10,1130,16,5,14,1,2,4,210,17,10,1.27 
2013,08,12,20:00,210,1311,11,1130,16,10,12,3,4,7,210,19,19,0.96 
2013,08,11,22:00,210,301,10,1132,16,8,10,5,6,3,210,12,12,0.90 
2013,08,11,21:00,210,1371,10,1132,16,11,9,6,7,5,210,10,15,0.76 
2013,08,11,20:00,210,384,11,1132,14,16,12,3,2,13,210,24,21,1.09 
2013,08,09,00:40,1317,210,10,1134,16,14,4,11,12,3,210,30,23,1.22 
2013,08,09,00:40,1317,210,9,1134,16,13,6,9,10,4,210,20,22,0.99 
2013,08,08,19:50,1370,210,9,1134,13,16,3,12,10,4,210,25,17,1.22 
2013,08,08,19:50,210,1370,11,1134,16,6,14,1,2,5,210,19,9,1.45 
2013,08,08,18:25,1382,210,10,1134,6,16,2,13,4,3,210,23,12,1.48 
2013,06,30,15:00,210,1317,10,1137,11,16,10,5,1,11,210,22,18,1.15 
2013,06,30,15:00,1317,210,9,1137,21,17,8,7,7,8,210,22,28,0.79 
2013,06,29,13:00,301,210,10,1137,11,16,6,9,5,7,210,28,18,1.55 
2013,06,29,13:00,301,210,13,1137,13,16,6,9,7,7,210,21,19,1.07 
2013,06,25,20:00,210,1312,10,1138,16,5,11,4,5,1,210,24,7,1.78 
2013,06,24,18:00,749,210,13,1138,4,16,1,14,3,2,210,16,6,1.36 
2013,06,21,19:00,210,705,10,1138,16,11,12,3,4,8,210,31,12,1.80 
2013,06,20,22:00,287,210,13,1138,13,16,7,8,6,8,210,36,16,1.88 
2013,06,20,21:00,210,1093,10,1138,16,7,10,5,6,2,210,15,13,1.18 
2013,06,20,20:00,1323,210,13,1138,7,16,7,8,0,8,210,15,10,1.21 
2013,06,20,19:00,210,215,12,1138,16,11,8,7,8,4,210,27,16,1.45 
2013,06,16,22:00,698,210,9,1139,19,16,5,10,10,5,210,19,27,0.69 
2013,06,16,21:00,210,49,10,1139,16,8,12,3,4,5,210,23,15,1.35 
2013,06,16,18:00,698,210,12,1139,16,2,13,2,3,0,210,6,17,0.32 
2013,06,12,21:00,1383,210,10,1141,11,16,9,6,2,10,210,22,17,1.22 
2013,06,12,20:00,517,210,10,1141,8,16,5,10,3,6,210,19,13,1.25 
2013,06,12,19:00,250,210,7,1141,8,16,7,8,1,8,210,14,14,1.02 
2013,06,10,21:00,210,49,10,1138,16,12,5,10,11,2,210,21,14,1.35 
2013,06,07,19:00,210,1383,10,1142,4,16,4,11,0,5,210,7,18,0.37 
2013,06,07,19:00,210,1383,9,1142,9,16,6,9,3,7,210,13,19,0.68 
2013,05,30,22:00,287,210,9,1142,13,16,8,7,5,9,210,17,18,0.90 
2013,05,29,22:00,1106,210,9,1138,7,16,4,11,3,5,210,19,12,1.18 
2013,05,29,21:00,210,275,10,1142,16,0,15,0,1,0,210,14,7,1.34 
2013,05,29,20:00,841,210,10,1142,14,16,10,5,4,11,210,22,21,1.19 
2013,05,28,22:30,210,301,10,1142,7,16,4,11,3,5,210,7,20,0.39 
2013,05,28,21:00,210,215,10,1143,5,16,5,10,0,6,210,13,19,0.71 
2013,05,28,20:00,210,275,10,1143,21,17,5,10,10,5,210,26,27,0.99 
2013,05,27,22:00,250,210,13,1138,16,3,13,2,3,1,210,6,18,0.37 
2013,05,27,19:00,250,210,13,1142,16,8,12,3,4,5,210,10,19,0.59 
2013,05,23,22:00,210,841,10,1138,4,16,1,14,3,2,210,11,18,0.60 
2013,05,22,21:00,1370,210,9,1143,16,13,9,6,7,7,210,18,18,0.91 
2013,05,22,21:00,1370,210,13,1143,16,8,13,2,3,6,210,12,22,0.58 
2013,05,22,21:00,210,215,10,1143,16,4,11,4,5,0,210,15,8,1.23 
2013,05,21,21:00,210,384,13,1143,16,14,11,4,5,10,210,22,18,1.02 
2013,05,21,20:00,210,1383,13,1143,16,8,12,3,4,5,210,18,16,1.00 
2013,05,20,20:00,8,210,9,1138,16,12,5,10,11,2,210,26,18,1.56 
2013,05,20,19:00,210,1149,10,1138,16,4,11,4,5,0,210,13,12,1.04 
2013,05,14,20:00,210,1393,10,1143,13,16,7,8,6,8,210,18,17,0.98 
2013,05,13,20:00,210,1391,10,1138,16,4,12,3,4,1,210,26,9,2.06 
2013,04,14,17:00,210,250,13,1151,7,16,6,9,1,7,210,13,19,0.71 
2013,04,14,17:00,210,250,9,1151,6,16,3,12,3,4,210,9,19,0.48 
2013,04,14,11:00,1395,210,12,1151,10,16,6,9,4,7,210,15,17,0.90 
2013,04,14,11:00,1395,210,9,1151,16,5,12,3,4,2,210,7,17,0.49 
2013,04,14,11:00,210,1395,10,1151,21,18,5,10,10,5,210,29,25,1.06 
2013,04,13,17:00,1214,210,10,1151,5,16,3,12,2,4,210,24,10,1.69 
2013,04,13,17:00,1214,210,9,1151,1,16,1,14,0,2,210,14,5,1.40 
2013,04,07,17:15,1317,210,9,1152,16,10,6,9,10,1,210,23,20,1.28 
2013,04,07,17:15,210,1317,10,1152,6,16,6,9,0,7,210,21,16,1.30 
2013,04,07,14:00,210,1370,13,1152,16,4,11,4,5,0,210,18,12,1.28 
2013,04,07,14:00,1370,210,9,1152,11,16,8,7,3,9,210,23,19,1.21 
2013,04,07,14:00,210,1370,12,1152,10,16,5,10,5,6,210,17,16,1.08 
2013,04,07,10:00,210,1383,13,1152,16,12,12,3,4,9,210,21,14,1.18 
2013,04,07,10:00,210,1383,9,1152,6,16,4,11,2,5,210,8,17,0.49 
2013,04,07,10:00,1383,210,10,1152,9,16,4,11,5,5,210,17,11,1.12 
2013,04,06,16:00,210,1370,12,1152,16,8,10,5,6,3,210,13,13,0.87 
2013,04,06,14:45,1410,210,12,1152,13,16,8,7,5,9,210,17,15,0.89 
2013,04,06,13:30,210,314,10,1152,15,15,7,8,8,7,210,16,18,0.85 
2013,04,06,11:00,599,210,9,1152,16,9,6,9,10,0,210,12,20,0.59 
2013,04,03,21:30,1317,210,9,1154,16,9,7,8,9,1,210,12,20,0.73 
2013,04,03,20:30,210,1151,10,1154,16,2,13,2,3,0,210,16,9,1.31 
2013,04,03,19:30,210,218,10,1154,16,12,9,6,7,6,210,16,18,0.83 
2013,03,30,18:30,1370,210,9,1155,16,10,10,5,6,5,210,17,20,0.99 
2013,03,30,13:30,210,250,9,1155,8,16,7,8,1,8,210,9,21,0.44 
2013,03,30,13:30,210,250,13,1155,4,16,3,12,1,4,210,6,19,0.29 
2013,03,30,10:00,698,210,12,1155,14,16,12,3,2,13,210,34,17,1.74 
2013,03,30,10:00,210,698,10,1155,16,7,11,4,5,3,210,13,16,0.85 
2013,03,30,00:15,1353,210,9,1155,10,16,7,8,3,8,210,26,17,1.47 
2013,03,30,00:15,210,1353,10,1155,16,2,13,2,3,0,210,20,8,1.64 
2013,03,29,17:00,215,210,9,1155,22,18,4,11,11,4,210,31,32,1.03 
2013,03,29,17:00,215,210,12,1155,16,6,10,5,6,1,210,16,18,0.89 
2013,03,29,17:00,215,210,10,1155,10,16,4,11,6,5,210,17,19,0.83 
2013,03,29,13:30,210,320,13,1155,16,9,11,4,5,5,210,31,16,1.93 
2013,03,29,13:30,320,210,10,1155,0,16,0,15,0,1,210,17,2,1.89 
2013,03,29,10:00,52,210,13,1155,13,16,6,9,7,7,210,30,15,1.52 
2013,03,29,10:00,210,52,12,1155,12,16,10,5,2,11,210,24,19,1.15 
2013,03,29,10:00,52,210,10,1155,14,16,7,8,7,8,210,20,24,0.80 
2013,03,24,20:00,210,1106,10,1158,16,8,13,2,3,6,210,20,17,1.01 
2013,03,21,21:00,250,210,10,1158,16,14,11,4,5,10,210,23,22,1.13 
2013,03,19,20:00,8,210,10,1158,15,15,10,5,5,10,210,12,20,0.68 
2013,03,19,19:00,215,210,9,1158,13,16,7,8,6,8,210,15,20,0.75 
2013,03,18,21:00,1383,210,9,1158,9,16,4,11,5,5,210,23,17,1.19 
2013,03,14,20:00,210,301,10,1164,7,16,4,11,3,5,210,18,18,1.00 
2013,03,13,21:00,210,1395,10,1164,16,9,13,2,3,7,210,22,11,1.42 
2013,03,13,20:00,210,1001,10,1164,16,2,15,0,1,2,210,16,5,1.46 
2013,03,13,19:00,210,1438,12,1164,16,2,13,2,3,0,210,15,9,1.28 
2013,03,13,18:00,1180,210,10,1158,2,16,1,14,1,2,210,13,9,1.20 
2013,03,12,22:00,214,210,10,1158,5,16,5,10,0,6,210,25,12,1.70 
2013,03,12,20:00,210,1407,10,1158,16,4,12,3,4,1,210,17,8,1.52 
2013,03,07,22:15,1323,210,10,1158,7,16,4,11,3,5,210,17,12,1.18 
