2015,12,06,00:00,805,334,14,715,8,16,5,10,3,6,334,18,13,1.10 
2015,12,05,22:00,291,334,0,715,16,11,9,6,7,5,334,14,20,0.69 
2015,12,05,20:00,334,796,6,715,7,16,3,12,4,4,334,18,18,1.03 
2015,12,02,02:45,796,761,7,722,14,16,10,5,4,11,796,24,22,1.14 
2015,12,01,04:15,796,818,1,722,14,16,10,5,4,11,796,29,24,1.24 
2015,12,01,04:15,796,818,7,722,12,16,8,7,4,9,796,19,21,0.96 
2015,11,17,01:00,291,796,0,744,16,7,8,7,8,0,796,15,17,0.83 
2015,11,16,23:15,286,796,6,744,16,8,12,3,4,5,796,23,18,1.25 
2015,11,16,21:45,682,796,14,744,16,2,13,2,3,0,796,11,17,0.68 
2015,08,19,04:30,1028,759,7,783,16,10,11,4,5,6,759,15,22,0.79 
2015,08,19,04:30,759,1028,1,783,9,16,8,7,1,9,759,12,18,0.65 
2015,06,23,02:00,424,257,0,888,11,16,5,10,6,6,424,23,21,1.04 
2015,06,19,02:00,1023,424,6,888,9,16,6,9,3,7,424,18,13,1.11 
2015,06,18,05:00,424,303,7,888,14,16,7,8,7,8,424,8,24,0.41 
2015,06,18,02:00,424,291,14,888,16,11,8,7,8,4,424,23,14,1.32 
2015,06,11,02:00,334,424,4,888,9,16,3,12,6,4,424,16,14,0.99 
2015,06,10,03:05,291,424,6,883,14,16,12,3,2,13,424,20,21,1.01 
2015,06,10,03:00,424,1035,2,888,7,16,6,9,1,7,424,13,16,0.75 
2015,06,08,04:15,424,291,7,883,16,7,13,2,3,5,424,18,12,1.27 
2015,06,04,05:00,291,424,4,888,16,13,9,6,7,7,424,23,23,0.97 
2015,06,04,04:00,496,424,1,888,5,16,2,13,3,3,424,25,9,1.99 
2015,06,03,05:00,1057,424,14,888,16,11,5,10,11,1,424,14,23,0.64 
2015,06,03,02:00,424,760,0,883,16,2,13,2,3,0,424,18,8,1.51 
2015,06,03,02:00,760,424,7,883,8,16,8,7,0,9,424,18,14,1.18 
2015,06,02,03:00,424,257,6,888,16,13,13,2,3,11,424,15,22,0.77 
2015,05,31,03:00,70,424,2,888,16,6,12,3,4,3,424,12,21,0.52 
2015,05,31,02:00,70,424,7,888,16,9,12,3,4,6,424,13,20,0.69 
2015,05,28,04:15,424,334,6,905,8,16,8,7,0,9,424,18,18,1.07 
2015,05,28,04:15,334,424,14,905,15,21,8,7,7,8,424,32,15,1.52 
2015,05,28,03:00,424,1023,6,888,16,12,11,4,5,8,424,18,15,0.97 
2015,05,27,04:15,424,70,0,883,5,16,5,10,0,6,424,7,18,0.42 
2015,05,27,04:15,70,424,1,883,16,8,11,4,5,4,424,22,18,1.16 
2015,05,26,04:00,759,424,1,905,7,16,4,11,3,5,424,20,14,1.20 
2015,05,26,04:00,424,759,0,905,10,16,9,6,1,10,424,12,19,0.65 
2015,05,26,04:00,759,424,7,905,4,16,4,11,0,5,424,19,4,1.88 
2015,05,25,02:00,424,257,2,883,7,16,4,11,3,5,424,18,16,1.03 
2015,05,25,00:00,496,424,0,888,14,16,11,4,3,12,424,22,21,1.03 
2015,05,22,04:15,303,424,14,883,8,16,4,11,4,5,424,15,15,0.92 
2015,05,22,04:15,424,303,7,883,16,9,8,7,8,2,424,25,15,1.49 
2015,05,22,03:00,1057,424,14,888,16,12,12,3,4,9,424,16,22,0.76 
2015,05,21,04:00,1056,424,0,888,16,9,9,6,7,3,424,15,20,0.76 
2015,05,20,02:00,496,424,14,883,16,12,10,5,6,7,424,26,17,1.44 
2015,05,20,02:00,424,496,0,883,16,14,9,6,7,8,424,19,20,0.94 
2015,05,15,02:00,1035,424,7,883,8,16,7,8,1,8,424,22,11,1.47 
2015,05,13,03:00,424,404,4,888,8,16,5,10,3,6,424,12,21,0.62 
2015,05,12,03:00,1056,424,2,888,4,16,4,11,0,5,424,16,9,1.35 
2015,05,08,03:00,303,424,6,888,16,7,9,6,7,1,424,17,16,1.04 
2015,05,07,03:00,424,1035,7,888,5,16,4,11,1,5,424,9,17,0.57 
2015,05,06,02:00,334,424,1,888,6,16,1,14,5,2,424,21,10,1.51 
2015,04,30,04:30,1056,424,7,883,16,19,6,9,9,6,424,36,21,1.48 
2015,04,30,04:30,424,1056,14,883,16,8,8,7,8,1,424,20,12,1.49 
2014,10,02,03:00,1197,1198,6,1012,16,13,7,8,9,5,1198,22,21,1.10 
2014,09,25,05:30,257,1198,5,1012,16,3,12,3,4,0,1198,17,17,1.17 
2014,09,18,04:00,1027,1198,6,1012,16,6,10,5,6,1,1198,11,18,0.70 
2014,09,11,05:40,1152,1198,7,1012,16,10,7,8,9,2,1198,17,19,0.90 
2014,09,04,03:00,1198,1171,7,1012,10,16,6,9,4,7,1198,13,23,0.67 
2014,08,27,04:15,1198,1210,1,1038,16,9,7,8,9,1,1198,23,12,1.52 
2014,08,27,04:15,1210,1198,6,1038,12,16,8,7,4,9,1198,29,20,1.37 
