2016,08,09,18:10,42,136,7,486,19,16,9,6,6,9,136,29,23,1.17 
2016,08,09,18:10,42,136,0,486,16,13,10,5,6,8,136,9,21,0.50 
2016,08,03,18:00,184,136,7,486,10,16,8,7,2,9,136,26,15,1.49 
2016,08,03,18:00,136,184,2,486,16,7,12,3,4,4,136,20,14,1.20 
2016,08,03,18:00,136,184,0,486,14,16,7,8,7,8,136,15,20,0.84 
2016,08,02,21:15,136,31,0,486,16,14,9,6,7,8,136,26,18,1.28 
2016,08,02,21:15,31,136,4,486,10,16,7,8,3,8,136,25,14,1.58 
2016,08,01,21:10,136,137,7,472,6,16,5,10,1,6,136,11,15,0.70 
2016,08,01,21:10,137,136,5,472,8,16,5,10,3,6,136,19,14,1.15 
2016,08,01,21:10,136,137,0,472,14,16,2,13,12,3,136,19,18,1.05 
2016,07,27,20:00,41,136,7,496,16,14,9,6,7,8,136,16,22,0.76 
2016,07,27,20:00,136,41,2,496,4,16,3,12,1,4,136,8,19,0.58 
2016,07,27,20:00,41,136,0,496,12,16,8,7,4,9,136,22,17,1.14 
2016,07,26,22:00,56,136,4,488,16,5,13,2,3,3,136,9,17,0.51 
2016,07,18,22:45,136,196,7,508,4,16,3,12,1,4,136,6,16,0.44 
2016,07,18,22:45,196,136,4,508,19,17,5,10,10,5,136,31,25,1.18 
2016,07,13,22:15,30,136,4,496,22,20,10,5,5,10,136,38,32,1.28 
2016,07,13,22:15,136,30,14,496,3,16,3,12,0,4,136,8,18,0.46 
2016,07,11,22:10,300,136,7,488,11,16,10,5,1,11,136,24,19,1.20 
2016,07,07,20:15,136,297,1,499,8,16,7,8,1,8,136,12,20,0.65 
2016,07,07,20:15,297,136,4,499,16,12,10,5,6,7,136,19,23,0.84 
2016,07,04,21:15,147,136,1,487,16,4,14,1,2,3,136,15,15,1.06 
2016,07,04,21:15,147,136,0,487,16,7,13,2,3,5,136,12,19,0.63 
2016,07,04,21:15,136,147,2,487,16,7,12,3,4,4,136,25,10,1.77 
2016,06,29,20:30,29,137,4,499,16,5,14,1,2,4,137,6,19,0.34 
2016,06,29,20:30,29,137,0,499,14,16,4,11,10,5,137,22,23,0.94 
2016,06,29,20:30,137,29,2,499,8,16,7,8,1,8,137,20,17,1.20 
2016,06,27,19:00,233,297,2,487,8,16,5,10,3,6,233,10,19,0.54 
2016,06,27,19:00,297,233,14,487,16,10,7,8,9,2,233,9,21,0.47 
2016,06,27,19:00,297,233,7,487,15,19,8,7,7,8,233,24,20,1.25 
2016,06,25,14:45,339,233,7,542,16,13,13,2,3,11,233,20,26,0.78 
2016,06,25,13:30,30,233,14,542,16,6,14,1,2,5,233,12,20,0.61 
2016,06,25,12:30,233,340,1,542,16,14,7,8,9,6,233,16,19,0.84 
2016,06,23,21:15,30,118,6,544,19,17,9,6,6,9,30,28,21,1.10 
2016,06,23,21:15,30,118,2,544,16,5,13,2,3,3,30,13,12,1.01 
2016,06,23,21:15,30,118,1,544,13,16,6,9,7,7,30,20,19,1.16 
2016,06,14,19:00,42,30,1,550,16,10,12,3,4,7,30,14,17,0.84 
2016,06,14,19:00,42,30,6,550,6,16,5,10,1,6,30,21,12,1.43 
2016,06,14,19:00,30,42,0,550,11,16,6,9,5,7,30,9,20,0.51 
2016,06,09,22:00,30,23,0,515,7,16,3,12,4,4,30,16,19,1.00 
2016,06,09,22:00,30,23,2,515,19,16,11,4,4,11,30,20,19,0.95 
2016,06,09,18:00,30,323,1,550,16,12,7,8,9,4,30,17,17,0.97 
2016,06,09,18:00,30,323,14,550,8,16,2,13,6,3,30,9,17,0.58 
2016,06,09,18:00,323,30,2,550,14,16,12,3,2,13,30,22,19,1.07 
2016,06,07,22:30,30,102,14,515,9,16,6,9,3,7,30,17,20,0.85 
2016,06,07,22:30,30,102,2,515,12,16,7,8,5,8,30,10,21,0.52 
2016,06,06,21:15,233,30,2,544,12,16,8,7,4,9,30,24,14,1.33 
2016,06,06,21:15,30,233,1,544,13,16,12,3,1,13,30,21,20,1.04 
2016,06,06,21:15,233,30,0,544,12,16,4,11,8,5,30,26,15,1.36 
2016,06,05,22:15,132,30,1,546,16,6,9,6,7,0,30,8,21,0.39 
2016,06,05,22:15,132,30,0,546,16,5,12,3,4,2,30,8,18,0.43 
2016,06,05,22:15,30,132,2,546,16,10,9,6,7,4,30,15,15,0.89 
2016,06,05,19:15,30,369,1,546,16,11,8,7,8,4,30,16,12,0.97 
2016,06,05,19:15,369,30,0,546,16,6,12,3,4,3,30,10,18,0.58 
2016,06,05,19:15,369,30,14,546,14,16,4,11,10,5,30,21,18,1.05 
2016,06,05,15:30,30,101,14,546,16,13,8,7,8,6,30,17,18,0.88 
2016,06,05,15:30,101,30,2,546,5,16,2,13,3,3,30,19,11,1.37 
2016,06,05,15:30,101,30,0,546,19,17,7,8,8,7,30,19,27,0.73 
2016,06,05,12:00,383,30,14,546,5,16,4,11,1,5,30,19,11,1.37 
2016,06,05,12:00,30,383,2,546,16,11,9,6,7,5,30,16,13,1.07 
2016,06,02,21:00,304,30,2,496,12,16,10,5,2,11,30,27,15,1.45 
2016,06,02,21:00,304,30,14,496,11,16,3,12,8,4,30,14,18,0.81 
2016,06,02,21:00,30,304,1,496,13,16,11,4,2,12,30,17,22,0.83 
2016,05,31,20:15,30,311,1,515,19,16,11,4,4,11,30,21,24,0.96 
2016,05,31,20:15,30,311,0,515,19,15,5,10,10,5,30,31,23,1.42 
2016,05,30,20:15,30,392,14,499,6,16,5,10,1,6,30,16,18,0.99 
2016,05,30,20:15,30,392,0,499,12,16,4,11,8,5,30,14,21,0.75 
2016,05,30,20:15,392,30,6,499,13,16,9,6,4,10,30,17,21,0.79 
2016,05,29,15:40,52,30,2,546,16,14,7,8,9,6,30,22,22,0.93 
2016,05,29,15:40,30,52,0,546,5,16,5,10,0,6,30,16,17,1.04 
2016,05,29,15:40,30,52,1,546,16,4,11,4,5,0,30,23,10,1.72 
2016,05,29,12:15,30,331,14,546,16,9,8,7,8,2,30,13,17,0.74 
2016,05,29,12:15,30,331,0,546,16,14,8,7,8,7,30,18,19,1.07 
2016,05,29,12:15,30,331,1,546,9,16,8,7,1,9,30,21,20,1.00 
2016,05,28,18:30,30,177,0,546,16,8,12,3,4,5,30,23,13,1.39 
2016,05,26,19:15,30,400,14,544,16,10,10,5,6,5,30,19,12,1.25 
2016,05,26,19:15,30,400,6,544,16,9,9,6,7,3,30,25,17,1.44 
2016,05,26,19:15,400,30,2,544,16,9,10,5,6,4,30,22,17,1.37 
2016,05,25,20:15,30,29,7,515,12,16,8,7,4,9,30,14,23,0.65 
2016,05,25,20:15,30,29,0,515,20,22,13,2,2,13,30,27,28,0.91 
2016,05,19,20:00,196,30,1,496,9,16,7,8,2,8,30,21,14,1.25 
2016,05,19,20:00,196,30,0,496,14,16,11,4,3,12,30,28,18,1.43 
2016,05,19,20:00,30,196,14,496,14,16,8,7,6,9,30,20,19,1.05 
2016,05,15,20:00,30,338,2,575,10,16,6,9,4,7,30,17,21,0.95 
2016,05,15,20:00,338,30,14,575,16,8,13,2,3,6,30,9,20,0.50 
2016,05,15,20:00,338,30,0,575,11,16,7,8,4,8,30,20,17,1.05 
2016,05,10,21:15,30,430,6,544,16,13,8,7,8,6,30,28,20,1.34 
2016,05,09,17:00,30,301,1,499,9,16,6,9,3,7,30,11,21,0.57 
2016,05,09,17:00,301,30,7,499,16,9,11,4,5,5,30,15,21,0.75 
2016,05,08,22:00,30,431,1,544,16,3,12,3,4,0,30,21,10,1.89 
2016,05,02,20:55,30,216,0,499,16,9,10,5,6,4,30,15,19,0.86 
2016,05,02,20:55,216,30,7,499,17,19,4,11,11,4,30,29,22,1.20 
2016,04,30,18:50,30,118,0,573,8,16,6,9,2,7,30,12,18,0.77 
2016,04,11,18:00,30,484,6,605,11,16,5,10,6,6,30,18,17,1.12 
2016,04,11,18:00,484,30,14,605,16,13,7,8,9,5,30,20,18,1.07 
2016,04,11,18:00,484,30,0,605,14,16,9,6,5,10,30,17,18,0.86 
2016,03,24,23:00,540,52,14,623,1,16,1,14,0,2,540,8,17,0.43 
2016,03,24,23:00,52,540,1,623,16,4,11,4,5,0,540,5,17,0.36 
2016,03,24,19:00,540,544,0,623,16,9,11,4,5,5,540,20,15,1.32 
2016,03,24,19:00,540,544,7,623,16,11,11,4,5,7,540,24,18,1.32 
2016,03,24,17:00,339,540,6,623,14,16,6,9,8,7,540,25,20,1.28 
2016,03,24,15:30,529,540,14,623,16,3,12,3,4,0,540,5,18,0.29 
2016,03,24,13:00,540,375,1,623,19,17,8,7,7,8,540,31,23,1.21 
2016,02,12,22:30,83,82,1,603,16,14,8,7,8,7,83,19,20,0.96 
2016,02,12,21:30,83,81,0,603,16,10,12,3,4,7,83,19,18,1.04 
2015,11,19,19:30,854,544,7,738,14,16,11,4,3,12,854,24,21,1.03 
2015,11,19,17:00,29,854,1,738,16,7,8,7,8,0,854,9,21,0.52 
2015,09,12,19:55,991,29,14,766,3,16,2,13,1,3,991,7,17,0.42 
2015,04,03,22:30,995,1115,5,948,16,3,12,3,4,0,1115,5,17,0.31 
2015,04,03,15:30,1115,674,1,948,4,16,3,12,1,4,1115,18,17,1.16 
2015,04,03,15:30,1115,674,6,948,9,16,4,11,5,5,1115,21,19,1.25 
2015,04,03,12:00,297,1115,6,948,16,9,12,3,4,6,1115,24,18,1.46 
2015,04,03,12:00,1115,297,7,948,6,16,5,10,1,6,1115,17,17,1.03 
2015,04,02,23:10,1115,96,6,948,16,9,9,6,7,3,1115,24,17,1.36 
2015,04,02,20:30,1131,1115,6,948,13,16,7,8,6,8,1115,24,16,1.29 
2015,04,02,19:00,1051,1115,7,948,16,2,14,1,2,1,1115,17,16,1.11 
2015,04,02,17:00,1139,1115,5,948,13,16,10,5,3,11,1115,18,19,1.02 
2015,04,02,14:00,1115,29,6,948,7,16,2,13,5,3,1115,22,15,1.51 
