1109,256,18,17,1.02
1110,256,20,24,0.83
1506,256,15,21,0.71
1507,256,14,29,0.55
1668,256,15,19,0.77
1669,256,18,21,0.91
1853,256,21,22,0.99
1855,256,4,16,0.28
2665,465,15,21,0.73
2666,465,14,17,0.77
2671,465,18,18,1.04
5105,419,0,3,0.73
5497,619,20,17,1.15
5499,619,15,17,0.86
5528,729,12,18,0.74
5529,729,24,18,1.24
5530,729,21,17,1.11
5541,729,16,9,1.24
5542,729,58,53,1.08
5545,729,12,20,0.70
5546,729,14,17,0.82
5547,729,22,18,1.29
5549,729,16,7,1.50
5821,747,15,18,0.80
5822,747,18,11,1.28
6459,747,24,17,1.18
6460,747,19,15,1.02
6461,747,16,23,0.68
6471,747,20,16,1.05
6472,747,17,14,1.09
6473,747,13,18,0.71
6810,747,12,17,0.78
6811,747,18,22,0.82
6820,747,21,19,1.12
6822,747,14,7,1.28
6954,747,20,19,1.06
6955,747,20,10,1.44
6956,747,16,17,0.94
6982,747,10,14,0.69
6983,747,23,11,1.57
7045,747,17,22,0.78
7046,747,20,20,0.98
7080,747,20,17,1.03
7081,747,21,12,1.30
7082,747,20,27,0.81
7083,747,18,18,1.02
7435,747,20,12,1.42
7436,747,20,21,1.01
7437,747,21,17,1.16
7474,619,30,24,1.18
7475,619,15,18,0.78
7476,619,15,10,1.29
7698,619,17,14,1.00
7699,619,11,24,0.48
9326,355,6,17,0.44
9327,355,18,20,0.87
9328,355,10,16,0.64
9334,355,13,18,0.80
9335,355,17,22,0.81
9342,355,13,13,0.88
9343,355,9,10,0.81
9349,355,21,18,1.05
9350,355,18,12,1.25
9509,355,20,12,1.32
9510,355,26,16,1.36
9609,355,15,21,0.70
9610,355,17,20,0.84
9633,355,22,19,1.09
9634,355,23,7,1.87
9756,355,24,17,1.27
9822,355,7,18,0.43
9823,355,20,21,0.96
9824,355,15,10,1.21
9853,355,23,12,1.71
9862,355,14,21,0.76
9867,355,8,25,0.38
9868,355,30,13,1.77
9918,355,21,13,1.58
9923,355,26,16,1.42
9968,355,14,14,0.98
9969,355,10,23,0.43
9970,355,18,15,1.10
9975,355,32,28,1.17
10005,355,12,17,0.68
10019,355,6,19,0.32
10020,355,19,20,1.01
10021,355,14,18,0.92
10047,355,26,21,1.20
10048,355,27,22,1.15
10074,355,16,16,0.91
10075,355,10,20,0.52
10116,355,15,12,1.05
10117,355,19,21,0.93
10127,355,28,25,1.16
10128,355,16,10,1.13
10153,355,13,14,0.99
10154,355,14,18,0.84
10155,355,10,11,0.88
10340,355,11,18,0.63
10341,355,13,18,0.72
12622,355,7,17,0.42
12632,355,19,5,1.83
12646,355,19,24,0.87
12665,355,18,8,1.55
12707,355,13,18,0.73
12708,355,23,15,1.27
12709,355,21,18,1.01
12744,355,7,17,0.46
12745,355,29,17,1.50
12746,355,26,19,1.28
12785,355,22,14,1.35
12786,355,24,16,1.44
13081,1167,20,15,1.01
14472,1238,22,20,1.09
16372,1240,17,20,0.93
16373,1240,18,18,0.89
16377,1240,17,10,1.38
16378,1240,18,21,0.91
