2016,07,16,21:00,278,241,1,521,16,11,8,7,8,4,278,20,18,1.08 
2016,07,16,21:00,278,241,5,521,16,10,8,7,8,3,278,17,19,0.88 
2016,07,16,14:45,278,281,1,521,16,6,11,4,5,2,278,19,12,1.25 
2016,07,16,14:45,278,281,7,521,16,6,13,2,3,4,278,17,14,1.23 
2016,07,15,14:30,289,278,14,521,7,16,4,11,3,5,278,27,12,1.85 
2016,07,15,14:30,278,289,0,521,16,9,9,6,7,3,278,18,13,1.11 
2016,07,03,17:15,317,278,1,529,19,17,12,3,3,12,278,19,26,0.75 
2016,07,03,17:15,317,278,7,529,16,13,7,8,9,5,278,19,22,0.84 
2016,07,03,17:15,317,278,5,529,14,16,6,9,8,7,278,14,21,0.67 
2016,07,03,17:15,278,317,0,529,1,16,1,14,0,2,278,6,16,0.34 
2016,07,02,20:45,317,278,0,529,14,16,11,4,3,12,278,27,18,1.23 
2016,07,02,20:45,278,317,7,529,16,11,10,5,6,6,278,18,16,1.06 
2016,07,02,14:45,278,318,7,529,16,11,7,8,9,3,278,24,19,1.29 
2016,07,02,14:45,318,278,0,529,14,16,11,4,3,12,278,8,20,0.51 
2016,05,18,22:25,118,432,1,544,16,8,13,2,3,6,432,11,20,0.54 
2016,05,18,22:25,118,432,6,544,16,2,13,2,3,0,432,5,18,0.23 
2016,05,04,22:00,127,432,6,544,4,16,1,14,3,2,432,21,18,1.25 
2016,05,03,21:10,233,432,4,544,19,16,7,8,8,7,432,32,24,1.32 
2016,04,09,14:45,278,432,6,612,16,2,14,1,2,1,432,3,18,0.14 
2016,04,09,14:45,278,432,14,612,16,2,13,2,3,0,432,3,18,0.14 
2016,04,08,11:20,287,432,14,612,16,5,12,3,4,2,432,4,19,0.24 
2016,04,08,11:20,432,287,7,612,2,16,2,13,0,3,432,5,17,0.41 
2016,03,20,17:00,278,432,14,626,16,14,6,9,10,5,432,12,26,0.48 
2016,03,20,17:00,278,432,7,626,16,12,7,8,9,4,432,29,18,1.59 
2016,03,20,17:00,432,278,6,626,9,16,6,9,3,7,432,15,20,0.71 
2016,03,20,12:30,300,432,1,626,15,19,8,7,7,8,432,31,24,1.19 
2016,03,20,12:30,300,432,6,626,10,16,7,8,3,8,432,22,15,1.30 
2016,03,19,19:45,592,432,1,626,12,16,8,7,4,9,432,19,17,1.07 
2016,03,19,15:00,593,432,1,626,12,16,7,8,5,8,432,20,20,1.02 
2016,03,19,13:30,432,288,6,626,16,5,10,5,6,0,432,17,12,1.36 
2016,03,16,23:15,281,432,0,630,16,5,11,4,5,1,432,9,19,0.63 
2016,03,16,23:15,432,281,14,630,3,16,3,12,0,4,432,10,16,0.69 
2016,03,14,22:00,432,287,6,630,13,16,10,5,3,11,432,17,25,0.66 
2016,03,14,22:00,287,432,14,630,11,16,6,9,5,7,432,12,19,0.66 
2016,03,06,23:15,432,517,7,630,5,16,3,12,2,4,432,13,19,0.68 
2016,03,06,23:15,432,517,1,630,4,16,4,11,0,5,432,2,19,0.12 
2016,03,01,23:00,458,432,7,630,16,5,12,3,4,2,432,7,18,0.40 
2016,03,01,23:00,458,432,1,630,13,16,5,10,8,6,432,14,23,0.61 
2016,02,25,00:00,278,432,4,630,16,9,9,6,7,3,432,14,21,0.78 
2016,02,25,00:00,278,432,6,630,16,11,8,7,8,4,432,17,21,0.90 
2016,02,21,23:00,287,432,6,630,13,16,7,8,6,8,432,21,19,1.09 
2016,02,21,23:00,287,432,7,630,16,3,12,3,4,0,432,5,18,0.29 
2016,02,19,00:00,432,288,6,630,4,16,4,11,0,5,432,16,19,0.83 
2016,02,19,00:00,432,288,7,630,13,16,6,9,7,7,432,16,20,0.77 
2015,10,24,18:30,901,287,6,772,16,11,8,7,8,4,287,17,21,0.94 
2015,10,24,11:30,404,287,0,772,16,5,12,3,4,2,287,15,17,0.97 
2015,10,24,11:30,287,404,14,772,7,16,3,12,4,4,287,8,19,0.46 
2015,10,19,23:00,287,901,6,778,16,12,6,9,10,3,287,23,18,1.14 
2015,10,13,23:00,287,928,6,778,16,5,13,2,3,3,287,19,13,1.40 
2015,09,28,23:15,287,873,1,801,9,16,5,10,4,6,287,11,21,0.54 
2015,09,28,18:15,723,287,0,801,16,8,8,7,8,1,287,15,19,0.86 
2015,09,28,18:15,287,723,7,801,9,16,5,10,4,6,287,16,21,0.83 
2015,09,28,18:15,287,723,14,801,16,11,11,4,5,7,287,13,17,0.79 
2015,09,14,19:00,941,958,7,799,16,3,14,1,2,2,958,9,16,0.68 
2015,08,27,16:30,958,121,0,799,16,3,12,3,4,0,958,17,10,1.44 
2015,08,27,16:30,121,958,1,799,8,16,7,8,1,8,958,15,13,1.02 
2015,08,17,21:00,544,287,0,851,14,16,8,7,6,9,287,16,21,0.83 
2015,08,17,21:00,544,287,6,851,17,19,7,8,8,7,287,20,26,0.82 
2015,08,11,21:45,278,944,7,862,12,16,3,12,9,4,278,15,21,0.73 
2015,08,11,21:45,944,278,1,862,16,4,11,4,5,0,278,7,17,0.44 
2014,12,21,19:00,278,287,7,972,6,16,6,9,0,7,278,21,19,1.20 
2014,12,21,19:00,278,287,5,972,11,16,9,6,2,10,278,20,20,1.00 
2014,12,21,19:00,287,278,6,972,20,22,13,2,2,13,278,30,29,1.08 
2014,10,30,18:00,278,869,1,998,16,6,9,6,7,0,278,18,11,1.25 
2014,10,30,16:30,500,278,5,998,16,3,12,3,4,0,278,16,17,1.19 
2014,10,30,13:00,301,278,6,998,16,3,12,3,4,0,278,12,18,0.66 
2014,10,30,11:40,257,278,1,998,16,5,13,2,3,3,278,10,19,0.61 
2014,10,30,11:30,8,278,7,998,16,10,12,3,4,7,278,14,21,0.81 
2014,04,26,23:30,278,1262,5,1074,17,19,11,4,4,11,1262,19,22,0.80 
2014,04,26,21:00,1087,1262,1,1074,5,16,3,12,2,4,1262,16,12,1.08 
2014,04,26,18:00,278,1262,1,1074,9,16,6,9,3,7,1262,22,13,1.31 
