4,45,15,21,0.95
5,45,25,24,1.05
125,45,26,19,1.33
126,45,7,20,0.36
224,45,11,19,0.58
225,45,9,16,0.60
466,45,18,3,1.81
467,45,14,20,0.74
468,45,18,10,1.20
507,45,16,17,0.85
508,45,24,21,1.07
537,45,25,17,1.42
538,45,26,13,1.57
539,45,14,18,0.89
895,279,30,17,1.59
896,279,19,17,1.10
897,279,21,24,0.92
927,279,16,20,0.81
928,279,23,16,1.39
971,279,17,6,1.57
972,279,22,1,2.28
2594,79,28,23,1.12
2595,79,22,21,1.08
2604,79,10,19,0.53
2605,79,10,17,0.66
2633,79,23,20,1.16
2634,79,13,18,0.77
2635,79,13,12,0.92
2657,79,3,15,0.24
2668,79,24,13,1.78
2955,79,15,19,0.86
2956,79,8,17,0.56
2967,79,12,17,0.82
2968,79,13,23,0.57
2969,79,29,24,1.23
2996,79,15,21,0.82
3206,79,3,17,0.15
3207,79,6,17,0.38
3224,79,17,16,1.06
3225,79,6,20,0.30
3282,79,15,20,0.75
3290,79,13,22,0.64
3359,79,16,20,0.79
3360,79,16,17,0.89
3609,79,18,12,1.31
3610,79,29,13,1.75
3751,79,23,8,2.18
3752,79,32,10,2.13
4287,79,33,30,1.08
4288,79,17,8,1.37
4319,79,24,19,1.28
4320,79,21,17,1.16
4382,79,23,8,1.78
4384,79,13,22,0.57
4398,79,8,18,0.43
4399,79,8,18,0.49
4434,79,16,21,0.74
4435,79,25,10,2.00
4452,79,23,17,1.15
4453,79,14,20,0.76
4454,79,19,20,0.86
4469,79,13,24,0.58
4470,79,24,20,1.18
4555,79,14,18,0.77
4556,79,25,20,1.39
4614,79,13,12,1.07
4615,79,17,21,0.88
4807,79,16,19,0.77
4808,79,12,18,0.71
4895,79,11,13,0.83
4896,79,26,25,1.05
4897,79,26,15,1.32
4918,79,25,21,1.12
4919,79,20,15,1.18
4920,79,20,17,1.27
4986,79,13,18,0.74
5007,79,10,21,0.55
5041,79,28,9,2.07
5044,79,25,22,1.15
5074,79,23,20,1.14
5077,79,12,14,0.81
5171,79,17,17,1.05
5172,79,20,21,0.98
5284,716,23,18,1.08
5285,716,21,15,1.26
5290,716,24,20,1.10
5291,716,29,22,1.35
5334,716,6,20,0.33
5335,716,21,16,1.16
5336,716,17,18,1.05
5409,716,18,18,0.96
5410,716,19,13,1.32
5419,716,20,13,1.18
5420,716,19,20,0.97
5676,716,16,19,0.94
5677,716,23,12,1.58
5681,716,22,11,1.43
5682,716,21,14,1.24
5691,716,20,8,1.62
5701,716,23,14,1.43
5980,716,17,19,0.88
5981,716,18,20,0.89
6035,716,22,27,0.81
6036,716,19,14,1.17
6114,716,22,12,1.27
6115,716,17,15,0.98
6354,716,29,19,1.42
6355,716,17,6,1.53
6462,829,8,16,0.53
6463,829,19,16,1.02
6464,829,4,18,0.22
6502,829,17,17,1.07
6505,829,18,19,0.84
6509,829,15,15,1.01
6602,716,16,25,0.75
6603,716,9,17,0.56
6684,791,31,18,1.44
6686,791,16,9,1.25
6687,791,13,13,0.88
6732,791,19,14,1.11
6733,791,25,17,1.36
6761,716,19,16,1.23
6762,716,17,10,1.35
7104,716,16,23,0.75
7105,716,17,17,0.98
7123,716,18,11,1.23
7124,716,27,22,1.17
7140,716,6,19,0.29
7141,716,28,29,1.07
7205,716,16,16,0.96
7208,716,15,13,1.13
7215,716,26,8,2.18
7357,716,19,22,0.93
7395,716,32,25,1.10
7445,716,22,23,1.02
7469,716,5,18,0.29
7470,716,18,20,0.97
7599,716,23,15,1.33
7635,716,5,21,0.23
7640,716,13,20,0.67
7681,716,32,30,1.06
7703,716,21,21,1.16
7704,716,5,22,0.29
7883,716,14,15,0.86
7885,716,14,19,0.83
7915,934,13,10,1.17
7916,934,14,20,0.67
7917,934,24,8,1.89
7930,716,15,16,1.01
7937,716,8,16,0.59
7938,716,14,16,0.88
7999,716,9,17,0.59
8068,716,15,21,0.70
8069,716,10,19,0.57
8072,716,8,16,0.54
8081,716,15,18,0.90
8082,716,20,18,1.01
8083,716,11,15,0.74
8088,716,25,14,1.68
8089,716,31,20,1.45
8127,716,18,17,0.95
8128,716,19,11,1.52
8308,716,18,6,1.57
8309,716,20,16,1.15
8317,716,20,11,1.55
8460,716,25,18,1.28
8463,716,15,16,1.15
8487,716,21,9,1.72
8490,716,26,12,1.71
8569,716,9,23,0.38
8570,716,13,22,0.62
8712,716,17,19,0.96
8770,716,22,21,1.00
8824,716,11,20,0.62
8825,716,4,18,0.22
8873,716,23,20,1.13
8874,716,18,21,0.89
8918,716,20,14,1.34
9031,716,10,18,0.62
9032,716,20,15,1.13
9122,716,6,18,0.38
9174,716,18,16,0.98
9231,716,17,25,0.78
9275,716,5,16,0.35
9276,716,17,22,0.77
9467,716,16,21,0.85
9468,716,31,17,1.62
9595,716,12,20,0.75
9596,716,16,15,1.04
9597,716,16,23,0.75
9664,716,6,17,0.47
9665,716,11,16,0.66
9695,716,20,17,1.09
9696,716,7,16,0.50
9699,716,14,9,1.16
9753,716,11,23,0.55
9754,716,20,22,0.95
9881,716,13,18,0.72
9882,716,24,21,1.07
10003,716,21,19,1.06
10004,716,5,20,0.34
10158,716,18,19,0.99
10159,716,24,18,1.24
10160,716,24,16,1.35
10161,716,19,21,0.91
10182,716,7,17,0.40
10183,716,16,19,0.85
10314,716,13,22,0.63
10315,716,13,18,0.75
10316,716,20,17,1.02
10349,716,21,12,1.33
10350,716,15,13,1.00
11732,1109,11,17,0.65
11733,1109,26,31,0.81
11734,1109,24,14,1.42
11888,1109,27,20,1.26
11889,1109,20,16,1.23
12018,1109,19,19,1.02
