2016,04,24,15:00,59,477,7,573,16,3,12,3,4,0,477,5,16,0.44 
2016,04,24,15:00,59,477,14,573,16,3,12,3,4,0,477,10,19,0.53 
2016,04,23,18:50,458,477,4,573,16,13,9,6,7,7,477,10,23,0.52 
2016,04,23,17:35,479,477,7,573,11,16,3,12,8,4,477,13,16,0.76 
2016,04,21,18:15,177,484,0,579,16,4,11,4,5,0,484,7,17,0.50 
2016,04,21,18:15,484,177,4,579,11,16,4,11,7,5,484,12,21,0.62 
2016,04,20,18:15,484,59,6,590,10,16,7,8,3,8,484,12,22,0.60 
2016,04,20,18:15,59,484,7,590,16,11,8,7,8,4,484,13,19,0.67 
2016,04,19,21:45,484,373,4,590,19,17,5,10,10,5,484,28,29,0.97 
2016,04,19,21:45,484,373,7,590,10,16,6,9,4,7,484,16,19,0.87 
2016,04,19,21:45,484,373,14,590,16,10,9,6,7,4,484,17,19,0.99 
2016,04,18,21:00,177,484,4,605,16,13,10,5,6,8,484,16,23,0.71 
2016,04,18,21:00,484,177,6,605,7,16,5,10,2,6,484,17,17,1.11 
2016,04,14,21:00,302,484,0,579,16,12,4,11,12,1,484,21,21,0.95 
2016,04,14,21:00,302,484,14,579,16,3,13,2,3,1,484,8,18,0.46 
2016,04,11,18:00,30,484,6,605,11,16,5,10,6,6,484,13,18,0.78 
2016,04,11,18:00,484,30,14,605,16,13,7,8,9,5,484,23,18,1.13 
2016,04,11,18:00,484,30,0,605,14,16,9,6,5,10,484,20,18,0.98 
2016,03,31,18:15,49,484,14,605,15,19,4,11,11,4,484,19,25,0.84 
2016,03,31,18:15,484,49,6,605,16,4,11,4,5,0,484,18,8,1.44 
2016,03,31,18:15,49,484,0,605,19,17,8,7,7,8,484,23,27,0.92 
2016,03,26,21:30,392,484,4,579,13,16,8,7,5,9,484,19,19,1.03 
2016,03,26,21:30,392,484,7,579,12,16,6,9,6,7,484,14,19,0.70 
2016,03,25,21:15,484,364,0,579,16,7,9,6,7,1,484,25,14,1.43 
2016,03,25,21:15,364,484,14,579,10,16,2,13,8,3,484,11,14,0.75 
2016,03,25,21:15,364,484,2,579,19,17,10,5,5,10,484,22,28,0.82 
2016,03,25,20:15,187,484,0,579,10,16,5,10,5,6,484,15,21,0.77 
2016,03,24,22:00,287,484,14,605,10,16,8,7,2,9,484,15,14,0.95 
2016,03,24,22:00,287,484,0,605,13,16,10,5,3,11,484,13,21,0.70 
2016,03,17,21:15,253,484,1,629,16,2,14,1,2,1,484,9,17,0.50 
2016,03,17,21:15,253,484,7,629,16,6,13,2,3,4,484,15,18,0.82 
2016,03,08,22:15,52,484,7,590,16,11,8,7,8,4,484,16,21,0.81 
2016,03,08,22:15,484,52,4,590,14,16,5,10,9,6,484,10,20,0.57 
2016,03,01,22:00,484,49,2,605,14,16,7,8,7,8,484,13,24,0.58 
2016,03,01,22:00,49,484,7,605,17,19,7,8,8,7,484,25,24,0.96 
2016,03,01,22:00,49,484,4,605,16,7,10,5,6,2,484,10,20,0.55 
2016,02,27,21:40,49,484,14,640,16,13,5,10,11,3,484,24,20,1.20 
2016,02,27,20:10,53,484,0,640,16,9,9,6,7,3,484,11,19,0.61 
2016,02,27,18:15,584,484,0,640,19,17,5,10,10,5,484,18,27,0.73 
2016,02,25,21:30,484,584,14,638,16,3,13,2,3,1,484,17,6,1.58 
2016,02,25,21:30,584,484,0,638,8,16,5,10,3,6,484,18,15,1.17 
2016,02,21,22:45,484,184,14,648,19,17,4,11,11,4,484,20,24,0.82 
2016,02,21,19:30,320,484,0,648,16,12,7,8,9,4,484,11,23,0.52 
2016,02,21,19:30,320,484,4,648,16,4,11,4,5,0,484,8,15,0.65 
2016,02,21,16:00,671,484,7,648,5,16,4,11,1,5,484,12,11,0.98 
2016,02,21,16:00,671,484,2,648,16,14,10,5,6,9,484,16,23,0.77 
2016,02,21,16:00,671,484,0,648,13,16,5,10,8,6,484,25,18,1.27 
2016,02,19,23:00,677,484,7,648,6,16,5,10,1,6,484,23,12,1.64 
2016,02,19,23:00,677,484,0,648,4,16,1,14,3,2,484,18,15,1.16 
2016,02,19,23:00,484,677,4,648,12,16,5,10,7,6,484,18,21,0.97 
2016,02,19,15:15,360,484,7,648,16,12,8,7,8,5,484,19,17,1.01 
2016,02,19,15:15,360,484,2,648,16,10,6,9,10,1,484,24,18,1.31 
2016,02,19,12:35,677,484,4,648,2,16,1,14,1,2,484,13,9,1.08 
2016,02,14,20:00,484,517,7,590,14,16,11,4,3,12,484,16,20,0.87 
2015,12,20,20:45,484,723,7,686,16,5,11,4,5,1,484,20,9,1.51 
2015,12,20,20:45,484,723,0,686,16,14,8,7,8,7,484,13,23,0.59 
2015,12,20,20:45,723,484,14,686,16,13,8,7,8,6,484,25,21,1.19 
2015,12,20,18:00,724,484,7,686,9,16,6,9,3,7,484,9,12,0.79 
2015,12,20,18:00,484,724,0,686,16,14,3,12,13,2,484,21,20,0.95 
2015,12,20,13:00,726,484,0,686,11,16,5,10,6,6,484,19,13,1.14 
2015,12,20,13:00,726,484,7,686,14,16,3,12,11,4,484,20,15,1.12 
2015,12,19,18:20,723,484,0,686,16,6,9,6,7,0,484,13,17,0.73 
2015,12,19,16:00,451,484,0,686,4,16,1,14,3,2,484,19,11,1.51 
2015,11,30,20:00,517,484,4,727,14,16,6,9,8,7,484,18,20,0.83 
2015,11,30,20:00,484,517,0,727,16,13,12,3,4,10,484,27,21,1.14 
2015,11,30,20:00,517,484,7,727,16,13,8,7,8,6,484,14,22,0.72 
2015,11,27,22:00,484,137,7,730,13,16,4,11,9,5,484,26,21,1.23 
2015,11,27,22:00,484,137,0,730,9,16,4,11,5,5,484,16,19,0.85 
2015,11,27,19:45,484,537,1,730,16,7,11,4,5,3,484,13,12,1.04 
2015,11,27,19:45,484,537,7,730,16,14,4,11,12,3,484,20,20,0.91 
2015,11,25,22:00,484,838,0,730,19,17,5,10,10,5,484,19,27,0.73 
2015,11,25,20:45,484,29,2,730,3,16,3,12,0,4,484,14,15,1.06 
2015,11,25,18:15,484,838,0,730,16,13,7,8,9,5,484,22,20,1.11 
2015,10,31,14:00,719,484,0,767,16,11,8,7,8,4,484,19,20,0.91 
2015,10,31,14:00,484,719,7,767,10,16,6,9,4,7,484,16,17,0.89 
2015,10,30,17:15,893,484,14,767,3,16,3,12,0,4,484,18,13,1.29 
2015,10,30,17:15,893,484,7,767,8,16,3,12,5,4,484,19,14,1.12 
2015,10,21,18:30,484,868,4,727,14,16,10,5,4,11,484,17,21,0.78 
2015,10,21,18:30,484,868,1,727,16,13,5,10,11,3,484,14,21,0.75 
2015,10,21,18:30,868,484,2,727,16,12,9,6,7,6,484,15,18,0.80 
2015,10,13,18:00,484,270,4,721,4,16,3,12,1,4,484,7,18,0.40 
2015,10,13,18:00,270,484,7,721,19,15,11,4,4,11,484,25,26,0.96 
2015,10,09,22:45,484,841,14,788,16,2,14,1,2,1,484,12,7,1.12 
2015,10,09,22:45,484,841,2,788,13,16,11,4,2,12,484,17,22,0.81 
2015,10,09,22:45,484,841,7,788,16,12,9,6,7,6,484,26,17,1.41 
2015,10,09,17:00,484,137,1,788,16,3,12,3,4,0,484,16,7,1.46 
2015,10,09,17:00,137,484,14,788,9,16,4,11,5,5,484,19,10,1.33 
2015,10,09,17:00,484,137,2,788,8,16,6,9,2,7,484,16,18,0.91 
2015,10,08,21:30,331,484,0,788,12,16,5,10,7,6,484,16,17,0.88 
2015,10,08,19:30,484,892,7,788,16,3,12,3,4,0,484,19,9,1.54 
2015,10,08,18:15,314,484,14,788,16,10,10,5,6,5,484,16,20,0.75 
2015,10,06,19:30,320,484,6,790,9,16,6,9,3,7,484,20,15,1.25 
2015,10,06,19:30,320,484,2,790,8,16,7,8,1,8,484,11,14,0.77 
2015,10,04,17:00,13,484,6,790,16,5,13,2,3,3,484,14,18,0.92 
2015,10,04,17:00,484,13,1,790,10,16,6,9,4,7,484,15,20,0.78 
2015,10,04,17:00,484,13,2,790,16,13,7,8,9,5,484,27,18,1.43 
2015,09,24,20:45,484,841,2,805,10,16,10,5,0,11,484,17,18,0.93 
2015,09,24,20:45,484,841,7,805,12,16,7,8,5,8,484,12,22,0.57 
2015,09,24,20:45,484,841,0,805,16,4,11,4,5,0,484,14,11,1.04 
2015,09,24,17:00,137,484,14,805,13,16,7,8,6,8,484,11,18,0.63 
2015,09,24,17:00,137,484,7,805,14,16,6,9,8,7,484,17,21,0.78 
2015,09,23,20:00,484,379,7,805,16,5,11,4,5,1,484,17,8,1.37 
2015,09,23,20:00,379,484,14,805,1,16,1,14,0,2,484,19,5,1.78 
2015,09,13,12:00,484,719,6,766,12,16,9,6,3,10,484,17,19,0.89 
2015,09,13,12:00,719,484,0,766,14,16,5,10,9,6,484,18,19,0.97 
2015,09,13,12:00,484,719,7,766,14,16,12,3,2,13,484,15,19,0.77 
2015,09,06,16:40,29,484,7,766,19,21,10,5,5,10,484,28,22,1.18 
2015,09,06,15:15,980,484,2,766,10,16,5,10,5,6,484,17,19,0.99 
2015,09,06,12:00,484,196,6,766,14,16,11,4,3,12,484,17,18,0.94 
2015,09,06,12:00,484,196,7,766,16,12,8,7,8,5,484,18,16,0.95 
2015,09,06,12:00,196,484,14,766,16,10,11,4,5,6,484,15,22,0.70 
2015,09,05,19:00,484,840,7,766,16,14,12,3,4,11,484,23,19,1.29 
2015,08,18,20:30,484,287,4,849,15,21,10,5,5,10,484,18,29,0.67 
2015,08,18,20:30,287,484,0,849,16,4,11,4,5,0,484,6,18,0.33 
2015,08,17,22:30,1026,484,7,849,6,16,2,13,4,3,484,12,10,0.95 
2015,08,17,22:30,1026,484,0,849,5,16,2,13,3,3,484,19,7,1.60 
2015,08,17,20:15,484,287,0,849,16,11,12,3,4,8,484,14,16,0.83 
2015,08,17,20:15,484,287,14,849,7,16,6,9,1,7,484,11,18,0.65 
2015,08,17,20:15,287,484,7,849,5,16,5,10,0,6,484,15,8,1.27 
2015,08,11,18:00,214,484,7,854,16,4,14,1,2,3,484,9,20,0.40 
2015,08,11,18:00,214,484,1,854,16,6,11,4,5,2,484,7,20,0.37 
2015,07,31,20:00,137,1044,0,870,16,14,8,7,8,7,1044,19,24,0.77 
2015,07,31,18:00,400,1044,0,870,11,16,7,8,4,8,1044,18,14,1.08 
2015,07,31,16:00,1043,1044,1,870,16,11,8,7,8,4,1044,19,17,1.02 
2015,05,30,11:00,13,1072,0,910,16,11,8,7,8,4,1072,16,22,0.80 
2015,05,30,11:00,13,1072,14,910,16,9,7,8,9,1,1072,14,21,0.69 
2015,05,30,11:00,1072,13,7,910,16,7,9,6,7,1,1072,14,8,1.09 
2015,05,24,23:30,1072,23,7,915,16,1,14,1,2,0,1072,15,5,1.45 
2015,05,24,22:35,980,1072,14,915,19,21,11,4,4,11,1072,33,34,1.00 
2013,07,14,13:30,840,1072,13,1135,16,11,6,9,10,2,1072,22,20,1.06 
2013,07,14,13:30,1072,840,11,1135,7,16,4,11,3,5,1072,19,16,1.12 
2013,07,14,10:30,1385,1072,11,1135,13,16,7,8,6,8,1072,20,17,1.09 
2013,07,14,10:30,1072,1385,9,1135,16,4,11,4,5,0,1072,10,9,0.95 
2013,07,13,15:30,1072,1390,11,1135,16,3,12,3,4,0,1072,21,11,1.66 
2013,07,13,14:30,838,1072,13,1135,7,16,4,11,3,5,1072,20,14,1.20 
2013,07,13,11:45,1383,1072,9,1135,16,10,8,7,8,3,1072,10,18,0.62 
