271,13,14,22,0.75
272,13,19,14,1.14
273,13,9,18,0.53
1319,13,9,17,0.54
1320,13,11,17,0.62
1402,13,23,27,0.85
1403,13,15,22,0.71
1423,13,12,19,0.63
1424,13,10,7,1.06
1425,13,11,22,0.58
1452,13,21,18,1.05
1467,13,25,19,1.48
1745,13,4,18,0.22
1746,13,16,20,0.81
1761,13,14,14,0.92
1762,13,23,14,1.38
1784,13,9,9,0.95
1785,13,11,18,0.66
1788,13,12,20,0.53
1789,13,16,20,0.86
1808,13,13,12,0.94
1811,13,13,28,0.54
1999,13,22,14,1.30
2009,13,19,18,0.94
2021,13,8,17,0.53
2030,13,12,16,0.73
2068,13,24,12,1.48
2651,13,13,20,0.64
2652,13,24,23,1.01
2653,13,15,14,0.96
2690,13,11,21,0.60
2693,13,8,17,0.44
2855,13,12,20,0.64
2856,13,16,24,0.74
3250,13,8,16,0.53
3251,13,15,17,0.92
3303,13,23,11,1.57
3311,13,18,21,0.80
3337,13,19,20,1.03
3338,13,21,20,0.95
3340,13,17,20,0.82
3492,13,5,17,0.31
3495,13,14,18,0.76
3537,13,11,21,0.55
3539,13,16,12,1.25
3546,13,13,14,0.84
3553,13,17,23,0.72
3582,13,15,21,0.84
3583,13,14,22,0.70
3584,13,13,21,0.63
3625,13,13,9,1.04
3626,13,16,19,0.82
3706,13,18,13,1.12
3707,13,13,14,0.86
3763,13,20,21,0.98
3764,13,20,21,0.96
3779,13,13,18,0.73
3780,13,16,23,0.71
3781,13,8,21,0.48
3874,13,12,21,0.64
3877,13,5,19,0.25
3980,13,38,43,0.93
3995,13,22,26,0.87
4301,13,13,26,0.47
4307,13,16,26,0.67
4329,13,11,22,0.53
4336,13,26,14,1.70
4358,13,15,17,0.87
4359,13,17,14,1.17
4391,13,11,22,0.55
4397,13,16,25,0.75
4408,13,16,22,0.71
4409,13,9,20,0.38
4424,13,19,9,1.42
4425,13,19,12,1.24
4521,13,9,20,0.44
4522,13,16,17,0.89
4523,13,14,20,0.79
4595,13,10,19,0.61
4596,13,20,28,0.74
4604,13,20,14,1.16
4605,13,23,14,1.38
4626,13,12,18,0.66
4630,13,15,24,0.63
4635,13,16,12,1.07
4636,13,22,14,1.33
4637,13,15,20,0.81
4654,13,12,24,0.58
4655,13,20,14,1.33
4656,13,27,29,1.01
4768,13,15,15,1.16
4772,13,13,20,0.69
4798,13,13,9,1.12
4799,13,19,14,1.31
4927,13,13,10,1.11
4928,13,20,8,1.72
4963,13,12,11,0.95
4964,13,20,11,1.49
4984,13,18,25,0.83
5007,13,15,22,0.79
5274,13,17,19,0.86
5275,13,21,33,0.72
5276,13,17,15,1.01
5294,13,19,24,0.83
5295,13,16,21,0.83
5308,13,14,21,0.63
5309,13,12,18,0.79
5347,13,9,20,0.46
5348,13,11,19,0.58
5349,13,14,10,1.17
5350,13,17,15,1.03
5351,13,21,20,1.03
5358,13,17,21,0.79
5359,13,11,16,0.74
5377,13,13,22,0.59
5378,13,21,11,1.47
5406,13,22,15,1.28
5407,13,24,15,1.45
5408,13,16,20,0.83
5508,13,11,19,0.62
5509,13,13,21,0.74
5512,13,18,19,0.92
5513,13,18,19,0.98
5646,13,17,16,1.00
5647,13,17,13,1.17
5648,13,17,12,1.29
5649,13,21,17,1.08
5659,13,9,17,0.59
5660,13,23,29,0.81
5668,13,16,23,0.73
5669,13,21,20,1.10
5674,13,15,19,0.79
5675,13,25,13,1.55
5732,13,16,22,0.82
5733,13,8,20,0.42
5771,13,13,31,0.50
5772,13,26,29,0.89
5773,13,11,17,0.63
5786,13,16,16,1.07
5787,13,17,24,0.71
5788,13,13,21,0.67
5805,13,18,10,1.36
5806,13,21,28,0.74
6083,13,14,17,0.82
6084,13,20,16,1.23
6104,13,13,15,0.78
6105,13,17,18,0.98
6106,13,15,21,0.86
6134,13,10,21,0.49
6135,13,17,23,0.74
6171,13,15,13,0.93
6172,13,14,21,0.68
6173,13,18,22,0.88
6289,13,14,13,0.99
6290,13,14,12,0.98
6291,13,10,20,0.51
6307,13,18,16,1.00
6308,13,13,12,0.94
6309,13,5,17,0.28
6332,13,20,19,1.00
6340,13,12,15,0.82
6399,13,17,8,1.37
6400,13,14,20,0.77
6401,13,17,10,1.23
6436,13,15,22,0.69
6437,13,16,13,1.15
6459,13,16,22,0.74
6460,13,14,17,0.82
6461,13,24,23,0.97
6662,13,19,11,1.34
6663,13,21,15,1.16
6664,13,13,19,0.77
7076,13,20,17,1.09
7077,13,15,19,0.81
7078,13,10,16,0.64
7121,13,11,19,0.61
7122,13,22,21,1.01
7221,13,24,26,0.92
7222,13,26,20,1.18
7223,13,12,21,0.61
7379,13,11,21,0.57
7380,13,25,21,1.33
7381,13,11,15,0.76
7432,13,29,38,0.75
7433,13,20,20,0.97
7434,13,25,21,1.19
7792,13,8,21,0.40
7810,13,15,19,0.79
7919,13,8,23,0.39
7920,13,12,23,0.58
7921,13,16,12,1.08
7979,13,22,26,0.82
7980,13,7,18,0.43
8086,13,15,15,0.92
8087,13,22,20,1.00
8111,13,19,21,0.91
8112,13,22,20,1.13
8235,13,13,22,0.63
8236,13,10,17,0.75
8248,13,10,20,0.51
8249,13,9,20,0.42
8250,13,13,21,0.65
8295,13,14,15,0.93
8296,13,18,10,1.34
8297,13,30,37,0.87
8362,13,25,26,1.06
8363,13,21,10,1.63
8510,13,7,17,0.52
8511,13,23,20,1.10
8541,13,13,24,0.58
8542,13,24,22,1.04
8577,13,21,21,1.00
8578,13,17,10,1.44
8588,13,21,12,1.52
8589,13,19,18,1.08
8590,13,22,24,0.89
8725,13,12,23,0.59
8726,13,19,16,1.07
8780,13,9,15,0.62
8781,13,13,24,0.58
8895,13,16,22,0.76
8896,13,21,13,1.19
8970,13,22,21,1.15
8971,13,12,22,0.63
8981,13,19,19,1.02
8982,13,21,7,1.80
9063,13,9,12,0.74
9064,13,19,22,0.86
9067,13,20,20,0.97
9068,13,18,18,0.95
9237,13,11,22,0.62
9238,13,19,21,0.88
9453,13,14,13,1.04
9454,13,15,21,0.71
9476,13,14,14,0.92
9477,13,15,17,0.85
9732,13,3,18,0.24
9733,13,15,20,0.78
9734,13,33,28,1.21
10008,13,15,20,0.80
10009,13,14,21,0.73
10026,13,21,16,1.26
10027,13,5,17,0.38
10035,13,30,19,1.32
10036,13,22,21,0.99
10045,13,11,12,0.87
10046,13,16,22,0.80
10059,13,13,16,0.80
10060,13,19,22,0.88
10067,13,21,22,0.99
10068,13,22,20,1.05
10098,13,41,26,1.49
10100,13,21,22,0.94
10135,13,6,19,0.26
10251,13,8,21,0.40
10252,13,13,21,0.77
10290,13,6,8,0.76
10291,13,16,20,0.77
10292,13,18,23,0.83
10359,13,12,9,1.02
10360,13,20,22,0.97
10576,13,17,25,0.72
10577,13,26,21,1.12
10584,13,13,8,1.17
10587,13,20,25,0.84
10595,13,14,25,0.56
10653,13,6,15,0.46
10654,13,11,21,0.52
10667,13,14,18,0.74
10668,13,21,16,1.19
10669,13,6,16,0.45
10697,13,12,22,0.53
10700,13,16,9,1.26
10704,13,11,20,0.65
10717,13,11,24,0.51
10718,13,16,10,1.40
10719,13,13,23,0.58
10724,13,7,17,0.40
10738,13,7,17,0.56
10741,13,12,19,0.70
10746,13,16,17,0.88
10751,13,10,20,0.54
10804,13,16,18,1.03
10805,13,9,16,0.63
10810,13,17,25,0.67
10811,13,16,7,1.43
10824,13,22,36,0.69
10825,13,13,19,0.72
10826,13,19,17,0.97
10836,13,10,18,0.59
10837,13,16,21,0.78
10922,13,8,19,0.40
10923,13,8,18,0.44
10929,13,6,16,0.34
10935,13,15,18,0.89
10938,13,16,17,0.88
10939,13,13,22,0.60
10944,13,15,13,1.05
10946,13,16,23,0.63
11042,13,12,22,0.61
11048,13,16,10,1.23
11059,13,16,25,0.71
11074,13,8,16,0.51
11078,13,29,19,1.49
11079,13,20,9,1.51
11084,13,9,17,0.57
11098,13,7,17,0.37
11104,13,6,18,0.38
11115,13,26,18,1.35
11116,13,22,21,1.11
11124,13,14,6,1.28
11133,13,18,20,0.93
11134,13,11,21,0.56
11145,13,17,24,0.74
11146,13,5,21,0.23
11149,13,24,19,1.15
11151,13,16,18,0.81
11152,13,19,19,0.96
11216,13,7,18,0.40
11225,13,14,20,0.72
11234,13,7,22,0.38
11259,13,20,22,0.91
11260,13,18,28,0.63
11281,13,17,16,0.98
11282,13,16,16,0.93
11363,13,15,14,0.92
11364,13,13,12,0.96
11365,13,17,10,1.35
11368,13,20,17,0.99
11369,13,23,14,1.41
11370,13,9,19,0.54
11392,13,8,19,0.44
11406,13,22,15,1.30
11407,13,22,14,1.30
11413,13,7,16,0.49
11414,13,25,22,1.26
11415,13,18,18,0.99
11445,13,14,18,0.86
11458,13,22,16,1.26
11459,13,18,22,0.95
11460,13,7,23,0.39
11478,13,18,19,0.98
11500,13,16,15,1.07
11501,13,17,19,0.90
11542,13,19,23,0.86
11575,13,14,18,0.81
11580,13,12,22,0.57
11587,13,15,17,0.94
11650,13,19,11,1.29
11651,13,14,19,0.78
11652,13,20,20,0.96
11714,13,13,21,0.65
11715,13,9,17,0.61
11745,13,14,17,0.84
11748,13,13,18,0.74
11755,13,7,17,0.34
11862,13,4,20,0.20
11982,13,6,20,0.28
11984,13,14,10,1.11
11988,13,16,27,0.74
12080,13,17,26,0.66
12089,13,20,19,0.96
12101,13,6,19,0.34
12102,13,10,15,0.70
12180,13,6,16,0.31
12181,13,16,18,0.90
12182,13,21,19,1.11
12189,13,7,19,0.33
12190,13,11,8,1.01
12197,13,26,21,1.07
12203,13,14,12,1.09
12303,13,19,22,0.84
12304,13,15,15,0.92
12305,13,14,21,0.69
12351,13,19,19,0.93
12352,13,18,6,1.50
12353,13,12,7,1.20
12354,13,8,18,0.61
12364,13,13,15,0.91
12365,13,8,20,0.40
12366,13,14,21,0.67
12378,13,19,16,1.17
12379,13,21,15,1.31
12410,13,21,16,1.15
12411,13,17,14,1.09
12432,13,13,14,0.87
12433,13,20,15,1.15
12457,13,10,16,0.69
12461,13,13,12,1.02
12498,13,17,14,1.05
12501,13,8,5,1.00
12509,13,18,9,1.35
12513,13,15,15,0.92
12576,13,5,17,0.28
12577,13,12,17,0.77
12578,13,7,21,0.35
12583,13,14,21,0.67
12584,13,12,22,0.63
12585,13,11,16,0.77
12586,13,18,12,1.13
12592,13,14,14,0.94
12593,13,25,29,0.85
12594,13,14,19,0.71
12611,13,11,19,0.59
12615,13,12,14,0.86
12621,13,20,24,0.85
12624,13,15,19,0.81
12634,13,19,20,0.92
12651,13,10,20,0.63
12690,13,12,22,0.60
12691,13,9,20,0.55
12703,13,17,16,1.02
12704,13,22,20,1.06
12730,13,21,29,0.74
12731,13,29,33,0.86
12732,13,19,9,1.54
12774,13,20,9,1.74
12775,13,18,8,1.59
12946,13,11,24,0.54
12947,13,24,29,0.83
12952,13,5,17,0.34
12953,13,13,21,0.60
12954,13,19,22,1.03
12955,13,8,19,0.48
12956,13,10,11,0.89
13043,13,7,18,0.39
13046,13,5,17,0.28
13137,13,15,9,1.21
13139,13,14,24,0.65
13140,13,17,18,0.86
13259,1174,14,22,0.65
13260,1174,9,17,0.55
13261,1174,16,22,0.96
13262,1174,14,20,0.75
13263,1174,15,22,0.74
13340,1174,16,12,1.24
13341,1174,15,8,1.41
13342,1174,22,23,1.04
13358,1174,17,6,1.55
13463,1174,15,22,0.66
13464,1174,27,37,0.76
13465,1174,19,13,1.28
13466,1174,9,21,0.50
13467,1174,17,9,1.33
13554,1174,12,19,0.65
13555,1174,14,24,0.67
13603,1174,15,17,0.85
13604,1174,17,12,1.16
13605,1174,14,10,1.08
13744,1174,11,13,0.80
13748,1174,13,10,1.11
13817,1174,3,20,0.16
13818,1174,27,16,1.34
13819,1174,3,19,0.20
13962,1174,12,13,0.84
13963,1174,19,23,0.86
14158,1174,23,23,1.04
14160,1174,24,20,1.15
14161,1174,20,22,0.89
14163,1174,17,21,0.84
14168,1174,9,20,0.47
14224,1174,3,20,0.16
14263,1174,16,20,0.76
14280,1174,19,26,0.75
14282,1174,12,17,0.72
14290,1174,11,23,0.49
14291,1174,21,20,1.31
14301,1174,16,17,0.88
14302,1174,12,12,0.93
14303,1174,12,22,0.64
14321,1174,23,21,1.19
14364,1174,24,20,1.20
14365,1174,19,15,1.18
14366,1174,19,35,0.59
14376,1174,17,11,1.21
14377,1174,13,18,0.71
14457,1174,13,22,0.61
14458,1174,26,33,0.78
14466,1174,10,21,0.44
14468,1174,14,13,0.97
14474,1174,12,19,0.70
14475,1174,6,17,0.39
14546,1174,10,17,0.64
14548,1174,8,19,0.53
14569,1174,14,18,0.87
14743,1174,12,13,0.90
14744,1174,19,28,0.72
14745,1174,24,13,1.66
14774,1174,15,15,0.87
14775,1174,22,12,1.44
14967,1174,15,13,1.09
14968,1174,21,24,1.02
14969,1174,20,22,1.00
14975,1174,8,17,0.55
14976,1174,14,24,0.62
14983,1174,15,21,0.86
14984,1174,15,21,0.77
14985,1174,15,17,0.89
15330,1300,19,17,1.09
15331,1300,12,20,0.59
15332,1300,22,17,1.20
15334,1300,19,21,0.83
15335,1300,23,26,0.89
15342,1300,19,13,1.12
15343,1300,10,20,0.65
15363,1305,14,20,0.72
15372,1305,13,19,0.77
15375,1305,16,24,0.72
15376,1305,21,18,1.00
15378,1305,16,12,1.15
15379,1305,14,18,0.79
15383,1305,17,23,0.74
15384,1305,10,22,0.56
15386,1305,10,20,0.51
15395,1305,14,26,0.60
15403,1305,12,22,0.64
15432,1305,17,20,0.86
15448,1305,13,23,0.63
15583,1305,9,20,0.48
15861,1348,20,22,0.88
15864,1348,12,15,0.91
15868,1348,10,20,0.62
15875,1348,21,20,1.01
15882,1348,10,19,0.52
15887,1348,17,24,0.77
15898,1348,17,23,0.74
15899,1348,28,22,1.25
15912,1348,12,18,0.70
15915,1348,9,19,0.49
15936,1348,26,12,1.94
15946,1348,16,20,0.90
15948,1348,17,19,0.87
16052,1348,9,19,0.47
16279,137,23,21,1.06
16353,1348,12,17,0.73
16390,1348,16,21,0.81
16396,1348,9,17,0.70
16397,1348,20,21,0.96
16425,1348,20,22,0.91
16433,1348,19,19,0.92
16442,1348,9,17,0.46
16476,1348,19,19,0.93
16557,1348,15,20,0.81
16560,1348,11,17,0.86
16562,1348,22,15,1.51
16646,1348,9,18,0.54
16648,1348,12,17,0.91
16657,1348,27,14,1.62
16925,1348,13,17,0.81
16929,1348,14,21,0.66
16931,1348,26,22,1.25
16932,1348,3,18,0.14
16933,1348,11,19,0.60
16977,1348,23,16,1.30
17013,1348,12,21,0.60
17041,1348,14,24,0.60
17044,1348,24,18,1.21
17058,1348,13,20,0.62
17083,1348,21,19,1.07
17086,1348,26,19,1.27
17094,1348,23,17,1.23
17097,1348,19,18,1.00
17113,1348,12,23,0.58
17157,1348,17,20,0.82
17201,1348,15,19,0.79
