2016,07,21,16:00,100,260,2,498,16,12,7,8,9,4,260,12,22,0.57 
2016,07,21,16:00,100,260,4,498,14,16,5,10,9,6,260,15,24,0.74 
2016,06,04,18:30,389,49,4,546,9,16,7,8,2,8,389,12,20,0.70 
2016,05,28,18:00,389,49,7,546,7,16,6,9,1,7,389,12,16,0.76 
2016,05,23,21:15,419,420,6,551,14,16,11,4,3,12,419,26,22,1.19 
2016,05,23,21:15,419,420,1,551,3,16,1,14,2,2,419,4,17,0.26 
2016,05,23,21:15,420,419,0,551,10,16,5,10,5,6,419,25,19,1.25 
2016,03,17,21:15,253,484,1,629,16,2,14,1,2,1,484,13,18,0.70 
2016,03,17,21:15,253,484,7,629,16,6,13,2,3,4,484,8,19,0.49 
2016,03,08,22:15,52,484,7,590,16,11,8,7,8,4,484,10,19,0.62 
2016,03,08,22:15,484,52,4,590,14,16,5,10,9,6,484,10,22,0.55 
2016,03,01,22:00,484,49,2,605,14,16,7,8,7,8,484,21,21,0.91 
2016,03,01,22:00,49,484,7,605,17,19,7,8,8,7,484,34,19,1.43 
2016,03,01,22:00,49,484,4,605,16,7,10,5,6,2,484,18,21,0.90 
2016,02,27,21:40,49,484,14,640,16,13,5,10,11,3,484,19,23,0.78 
2016,02,27,20:10,53,484,0,640,16,9,9,6,7,3,484,17,18,0.87 
2016,02,27,18:15,584,484,0,640,19,17,5,10,10,5,484,23,24,0.89 
2016,02,25,21:30,484,584,14,638,16,3,13,2,3,1,484,21,7,1.71 
2016,02,25,21:30,584,484,0,638,8,16,5,10,3,6,484,13,14,0.87 
2016,02,21,22:45,484,184,14,648,19,17,4,11,11,4,484,16,26,0.65 
2016,02,21,19:30,320,484,0,648,16,12,7,8,9,4,484,19,19,0.93 
2016,02,21,19:30,320,484,4,648,16,4,11,4,5,0,484,7,14,0.54 
2016,02,21,16:00,671,484,7,648,5,16,4,11,1,5,484,19,7,1.55 
2016,02,21,16:00,671,484,2,648,16,14,10,5,6,9,484,17,21,0.80 
2016,02,21,16:00,671,484,0,648,13,16,5,10,8,6,484,25,17,1.28 
2016,02,19,23:00,677,484,7,648,6,16,5,10,1,6,484,16,15,1.05 
2016,02,19,23:00,677,484,0,648,4,16,1,14,3,2,484,16,7,1.34 
2016,02,19,23:00,484,677,4,648,12,16,5,10,7,6,484,21,16,1.18 
2016,02,19,15:15,360,484,7,648,16,12,8,7,8,5,484,13,21,0.63 
2016,02,19,15:15,360,484,2,648,16,10,6,9,10,1,484,9,20,0.50 
2016,02,19,12:35,677,484,4,648,2,16,1,14,1,2,484,8,9,0.88 
2016,02,14,20:00,484,517,7,590,14,16,11,4,3,12,484,19,20,0.90 
2015,06,13,19:00,1063,1060,0,895,5,16,5,10,0,6,1063,9,15,0.70 
2015,06,13,19:00,1063,1060,6,895,5,16,5,10,0,6,1063,10,19,0.53 
