2016,07,16,21:00,278,241,1,521,16,11,8,7,8,4,278,16,21,0.85 
2016,07,16,21:00,278,241,5,521,16,10,8,7,8,3,278,21,15,1.27 
2016,07,16,14:45,278,281,1,521,16,6,11,4,5,2,278,23,9,1.65 
2016,07,16,14:45,278,281,7,521,16,6,13,2,3,4,278,28,11,1.73 
2016,07,15,14:30,289,278,14,521,7,16,4,11,3,5,278,20,16,1.20 
2016,07,15,14:30,278,289,0,521,16,9,9,6,7,3,278,33,12,2.08 
2016,07,03,17:15,317,278,1,529,19,17,12,3,3,12,278,21,28,0.80 
2016,07,03,17:15,317,278,7,529,16,13,7,8,9,5,278,19,28,0.68 
2016,07,03,17:15,317,278,5,529,14,16,6,9,8,7,278,28,20,1.36 
2016,07,03,17:15,278,317,0,529,1,16,1,14,0,2,278,10,17,0.53 
2016,07,02,20:45,317,278,0,529,14,16,11,4,3,12,278,23,22,1.13 
2016,07,02,20:45,278,317,7,529,16,11,10,5,6,6,278,20,17,1.07 
2016,07,02,14:45,278,318,7,529,16,11,7,8,9,3,278,23,13,1.35 
2016,07,02,14:45,318,278,0,529,14,16,11,4,3,12,278,28,18,1.47 
2016,06,13,21:30,26,278,1,549,16,14,12,3,4,11,278,26,20,1.29 
2016,06,13,21:30,278,26,7,549,14,16,6,9,8,7,278,30,24,1.33 
2016,05,29,16:40,278,278,0,559,5,16,5,10,0,6,278,13,19,0.71 
2016,05,29,16:40,278,278,14,559,3,16,3,12,0,4,278,14,18,0.81 
2016,05,29,16:40,278,278,4,559,16,7,10,5,6,2,278,11,19,0.62 
2016,05,28,21:15,278,317,7,559,19,16,4,11,11,4,278,31,23,1.24 
2016,05,28,21:15,317,278,1,559,5,16,5,10,0,6,278,15,16,1.01 
2016,05,28,21:15,278,317,14,559,14,16,6,9,8,7,278,25,20,1.14 
2016,05,20,21:40,400,278,2,544,16,3,14,1,2,2,278,9,17,0.57 
2016,05,20,21:40,278,400,7,544,19,16,7,8,8,7,278,31,25,1.25 
2016,05,20,21:40,278,400,14,544,16,19,6,9,9,6,278,33,26,1.21 
2016,05,11,23:00,443,278,7,544,1,16,1,14,0,2,278,18,8,1.56 
2016,05,05,19:15,400,278,7,544,16,8,9,6,7,2,278,20,16,1.14 
2016,04,10,12:00,281,278,6,612,16,9,9,6,7,3,278,12,21,0.60 
2016,04,10,12:00,281,278,7,612,16,10,7,8,9,2,278,13,18,0.76 
2016,04,09,22:10,278,287,7,612,16,12,10,5,6,7,278,22,19,1.25 
2016,04,09,22:10,287,278,6,612,9,16,5,10,4,6,278,22,17,1.23 
2016,04,09,14:45,278,432,6,612,16,2,14,1,2,1,278,18,9,1.53 
2016,04,09,14:45,278,432,14,612,16,2,13,2,3,0,278,21,7,1.86 
2016,04,08,21:30,281,278,6,612,16,5,12,3,4,2,278,13,17,0.81 
2016,04,08,21:30,281,278,7,612,16,12,10,5,6,7,278,21,19,1.05 
2016,04,08,21:30,281,278,14,612,15,19,11,4,4,11,278,25,24,0.99 
2016,04,08,14:30,278,288,7,612,16,7,10,5,6,2,278,23,14,1.48 
2016,04,08,14:30,288,278,6,612,6,16,5,10,1,6,278,15,16,0.90 
2016,03,20,17:00,278,432,14,626,16,14,6,9,10,5,278,32,22,1.26 
2016,03,20,17:00,278,432,7,626,16,12,7,8,9,4,278,24,18,1.19 
2016,03,20,17:00,432,278,6,626,9,16,6,9,3,7,278,26,14,1.46 
2016,03,19,22:00,592,278,6,626,4,16,4,11,0,5,278,23,11,1.76 
2016,03,19,22:00,592,278,7,626,11,16,6,9,5,7,278,31,20,1.49 
2016,03,18,23:45,595,278,6,626,8,16,6,9,2,7,278,26,13,1.71 
2016,03,18,17:40,300,278,6,626,19,22,9,6,6,9,278,39,25,1.42 
2016,03,18,16:15,434,278,14,626,3,16,3,12,0,4,278,21,11,1.85 
2016,03,10,23:00,517,278,14,630,16,14,7,8,9,6,278,26,22,1.19 
2016,03,10,23:00,278,517,7,630,17,19,8,7,7,8,278,23,27,0.83 
2016,03,09,22:45,262,278,4,498,16,6,10,5,6,1,278,19,20,1.06 
2016,03,09,19:15,635,278,2,498,9,16,6,9,3,7,278,30,14,1.71 
2016,03,07,23:45,287,278,7,630,16,12,12,3,4,9,278,19,22,0.87 
2016,03,07,23:45,287,278,14,630,12,16,8,7,4,9,278,30,17,1.59 
2016,03,02,21:00,278,287,2,630,4,16,4,11,0,5,278,12,18,0.67 
2016,03,02,21:00,287,278,6,630,16,14,8,7,8,7,278,18,21,0.88 
2016,02,25,00:00,278,432,4,630,16,9,9,6,7,3,278,21,16,1.16 
2016,02,25,00:00,278,432,6,630,16,11,8,7,8,4,278,23,20,1.20 
2016,02,24,20:00,278,281,6,630,8,16,5,10,3,6,278,13,23,0.61 
2016,02,24,20:00,278,281,2,630,15,19,11,4,4,11,278,33,24,1.49 
2016,02,19,21:00,278,288,7,630,16,9,8,7,8,2,278,23,15,1.28 
2016,02,19,21:00,278,288,6,630,16,13,7,8,9,5,278,28,18,1.46 
2016,02,18,23:32,458,278,14,630,16,3,12,3,4,0,278,14,18,0.84 
2016,02,18,23:32,278,458,7,630,10,16,8,7,2,9,278,13,23,0.60 
2016,01,20,23:15,278,544,6,668,16,4,11,4,5,0,278,26,9,2.00 
2016,01,20,19:30,278,544,7,668,16,9,7,8,9,1,278,29,12,1.81 
2016,01,20,19:30,544,278,1,668,16,11,11,4,5,7,278,23,22,1.08 
2016,01,20,19:30,544,278,6,668,9,16,6,9,3,7,278,20,16,1.15 
2016,01,19,18:30,278,690,14,668,16,8,8,7,8,1,278,23,12,1.52 
2016,01,19,18:30,278,690,7,668,16,8,9,6,7,2,278,27,14,1.74 
2016,01,19,18:30,690,278,6,668,16,12,12,3,4,9,278,26,18,1.30 
2015,12,17,18:15,137,278,7,697,16,11,10,5,6,6,278,23,20,1.12 
2015,12,17,18:15,137,278,14,697,16,10,9,6,7,4,278,25,19,1.29 
2015,12,16,21:00,278,628,2,697,16,10,12,3,4,7,278,21,19,1.25 
2015,12,16,21:00,628,278,7,697,11,16,4,11,7,5,278,21,16,1.20 
2015,12,16,20:00,278,544,7,683,13,16,6,9,7,7,278,17,24,0.79 
2015,12,15,23:00,137,278,14,683,16,4,11,4,5,0,278,9,17,0.59 
2015,12,15,18:00,756,278,14,697,14,16,9,6,5,10,278,21,19,1.00 
2015,12,15,18:00,278,756,6,697,16,12,7,8,9,4,278,23,19,1.22 
2015,11,21,19:30,278,743,1,736,7,16,5,10,2,6,278,14,21,0.66 
2015,11,21,19:30,278,743,14,736,14,16,8,7,6,9,278,17,23,0.76 
2015,11,21,14:10,278,248,6,736,16,3,12,3,4,0,278,19,9,1.48 
2015,11,21,12:30,278,300,6,736,16,8,8,7,8,1,278,21,12,1.45 
2015,11,21,11:15,288,278,6,736,4,16,3,12,1,4,278,29,6,2.28 
2015,11,15,17:15,472,278,6,751,16,11,11,4,5,7,278,21,22,1.04 
2015,11,15,17:15,472,278,7,751,16,6,11,4,5,2,278,15,19,0.94 
2015,10,25,17:40,278,404,0,772,16,12,11,4,5,8,278,19,23,0.88 
2015,10,25,17:40,278,404,2,772,26,28,7,8,8,7,278,43,41,1.11 
2015,10,25,17:40,278,404,6,772,19,16,5,10,10,5,278,17,27,0.66 
2015,10,24,20:30,278,404,0,772,25,22,9,6,6,9,278,36,35,1.06 
2015,10,24,20:30,404,278,6,772,15,19,7,8,8,7,278,20,23,0.81 
2015,10,24,20:30,278,404,2,772,12,16,6,9,6,7,278,16,19,0.93 
2015,10,24,15:45,278,901,0,772,16,7,8,7,8,0,278,21,14,1.31 
2015,10,24,15:45,278,901,6,772,16,3,12,3,4,0,278,22,10,1.75 
2015,10,15,23:00,850,278,6,778,9,16,4,11,5,5,278,19,19,1.16 
2015,10,13,22:00,592,278,0,778,8,16,5,10,3,6,278,22,15,1.24 
2015,09,30,21:00,958,939,4,799,12,16,5,10,7,6,958,18,21,0.89 
2015,09,30,21:00,958,939,7,799,21,25,9,6,6,9,958,32,36,0.88 
2015,09,30,21:00,939,958,1,799,14,16,3,12,11,4,958,20,23,0.94 
2015,09,16,18:00,957,958,1,799,3,16,2,13,1,3,958,20,9,1.43 
2015,09,15,21:00,360,278,1,813,16,12,7,8,9,4,278,24,23,1.03 
2015,09,15,21:00,278,360,7,813,12,16,6,9,6,7,278,14,22,0.70 
2015,09,14,18:00,103,958,1,799,3,16,2,13,1,3,958,22,10,1.72 
2015,09,08,21:00,278,314,6,813,8,16,6,9,2,7,278,19,20,1.09 
2015,09,08,21:00,314,278,14,813,16,14,5,10,11,4,278,25,18,1.20 
2015,09,01,22:00,278,137,14,813,16,14,6,9,10,5,278,15,20,0.84 
2015,09,01,20:15,1016,278,7,813,14,16,8,7,6,9,278,30,21,1.39 
2015,09,01,18:00,302,278,14,833,16,2,13,2,3,0,278,8,17,0.48 
2015,09,01,18:00,278,302,4,833,5,16,4,11,1,5,278,14,18,0.84 
2015,08,29,23:45,899,278,6,833,6,16,3,12,3,4,278,28,14,1.73 
2015,08,29,20:45,278,1021,14,833,16,5,11,4,5,1,278,16,7,1.37 
2015,08,11,21:45,278,944,7,862,12,16,3,12,9,4,278,21,16,1.12 
2015,08,11,21:45,944,278,1,862,16,4,11,4,5,0,278,9,19,0.53 
2015,05,25,19:00,1050,1079,7,841,16,6,11,4,5,2,1079,8,18,0.48 
2015,05,14,18:00,1079,458,7,909,7,16,6,9,1,7,1079,16,19,0.90 
2015,05,14,18:00,458,1079,1,909,16,9,10,5,6,4,1079,18,20,0.88 
2015,05,13,21:00,1079,1062,7,909,12,16,7,8,5,8,1079,20,22,0.91 
2015,05,13,21:00,1062,1079,1,909,16,6,10,5,6,1,1079,10,17,0.59 
2015,05,06,19:00,1079,292,14,918,5,16,4,11,1,5,1079,15,18,0.85 
2015,05,06,19:00,292,1079,1,918,13,16,9,6,4,10,1079,20,19,0.98 
2015,05,06,19:00,1079,292,0,918,8,16,8,7,0,9,1079,8,20,0.51 
2015,04,29,18:00,292,287,0,932,16,2,13,2,3,0,287,4,18,0.19 
2015,04,29,18:00,287,292,7,932,12,16,10,5,2,11,287,19,20,0.95 
2015,04,28,21:15,383,287,6,932,13,16,6,9,7,7,287,27,23,1.19 
2015,04,28,21:15,383,287,1,932,14,16,10,5,4,11,287,25,20,1.14 
2015,04,28,21:15,383,287,7,932,16,12,8,7,8,5,287,15,20,0.76 
2015,04,25,19:30,383,287,0,654,16,2,13,2,3,0,287,10,18,0.59 
2015,04,25,19:30,287,383,7,654,12,16,6,9,6,7,287,21,21,1.00 
2015,04,25,19:30,383,287,1,654,12,16,10,5,2,11,287,19,21,0.92 
2015,04,25,18:15,287,800,7,654,16,10,7,8,9,2,287,25,16,1.41 
2015,04,22,18:00,287,59,0,937,8,16,7,8,1,8,287,9,19,0.65 
2015,04,22,18:00,59,287,1,937,16,9,8,7,8,2,287,10,23,0.47 
2015,04,22,18:00,287,59,6,937,11,16,5,10,6,6,287,18,17,1.03 
2015,04,20,21:00,287,292,0,937,16,14,12,3,4,11,287,26,24,1.12 
2015,04,20,21:00,292,287,7,937,16,14,13,2,3,12,287,19,20,0.86 
2015,04,20,21:00,292,287,1,937,8,16,7,8,1,8,287,12,16,0.83 
2014,12,21,19:00,278,287,7,972,6,16,6,9,0,7,287,26,10,1.85 
2014,12,21,19:00,278,287,5,972,11,16,9,6,2,10,287,11,20,0.64 
2014,12,21,19:00,287,278,6,972,20,22,13,2,2,13,287,32,27,1.27 
2014,12,18,21:37,8,287,14,965,16,3,13,2,3,1,287,17,18,1.03 
2014,12,18,21:30,287,8,6,965,12,16,9,6,3,10,287,23,21,1.12 
2014,11,24,18:30,500,287,5,984,16,3,13,2,3,1,287,6,17,0.44 
2014,11,24,17:55,500,287,1,984,16,9,8,7,8,2,287,13,19,0.72 
2014,11,15,15:30,214,287,1,992,16,7,9,6,7,1,287,10,19,0.54 
2014,11,15,15:30,214,287,7,992,16,1,14,1,2,0,287,8,17,0.46 
2014,10,30,17:00,795,287,1,998,12,16,8,7,4,9,287,23,19,1.15 
2014,10,30,15:00,210,287,6,998,16,9,13,2,3,7,287,18,23,0.92 
2014,10,30,13:25,287,143,7,998,16,8,12,3,4,5,287,18,15,1.08 
2014,10,30,12:00,776,287,6,998,8,16,6,9,2,7,287,15,12,1.05 
2014,10,30,10:00,215,287,6,998,16,5,11,4,5,1,287,8,19,0.40 
2014,10,12,21:20,937,958,6,993,16,3,12,3,4,0,958,7,17,0.45 
2014,10,12,20:20,938,958,1,993,14,16,6,9,8,7,958,26,19,1.26 
2014,09,23,22:10,945,287,1,1023,16,8,10,5,6,3,287,11,21,0.53 
2014,09,23,22:10,287,945,6,1023,10,16,3,12,7,4,287,18,19,0.95 
2014,09,23,19:00,1207,287,1,1023,9,16,3,12,6,4,287,13,17,0.77 
2014,07,27,15:30,1052,287,6,1050,16,9,12,3,4,6,287,18,14,1.17 
2014,07,27,15:30,1052,287,1,1050,16,12,10,5,6,7,287,15,21,0.71 
2014,07,26,20:30,844,287,1,1050,13,16,7,8,6,8,287,16,22,0.84 
2014,07,26,20:30,287,844,6,1050,21,18,10,5,5,10,287,34,23,1.46 
2014,07,26,13:00,287,776,5,1050,9,16,9,6,0,10,287,12,20,0.68 
2014,07,26,13:00,287,776,1,1050,16,14,7,8,9,6,287,21,23,0.93 
2014,07,26,13:00,776,287,6,1050,16,7,12,3,4,4,287,9,21,0.45 
2014,07,19,22:45,287,59,5,1052,14,16,9,6,5,10,287,20,22,0.97 
2014,07,19,22:45,287,59,6,1052,11,16,10,5,1,11,287,17,19,0.89 
2014,07,19,22:45,59,287,1,1052,12,16,8,7,4,9,287,12,21,0.67 
2014,07,19,18:20,287,301,2,1052,9,16,8,7,1,9,287,19,17,1.05 
2014,07,19,18:20,301,287,1,1052,8,16,4,11,4,5,287,16,19,0.97 
2014,07,19,18:20,287,301,6,1052,20,22,11,4,4,11,287,28,29,0.98 
2014,07,19,11:15,509,287,5,1052,20,22,10,5,5,10,287,33,24,1.14 
2014,07,19,11:15,509,287,1,1052,14,16,8,7,6,9,287,15,25,0.59 
2014,07,19,11:15,509,287,6,1052,16,6,10,5,6,1,287,16,18,0.84 
2014,07,18,18:45,287,944,6,1052,16,9,13,2,3,7,287,15,12,1.00 
2014,07,18,17:30,287,1051,5,1052,16,2,13,2,3,0,287,20,3,2.00 
2014,05,30,19:00,287,314,6,1065,7,16,6,9,1,7,287,10,19,0.53 
2014,04,15,22:00,1069,287,2,1077,14,16,6,9,8,7,287,26,16,1.36 
2014,04,15,21:00,287,1244,6,1077,9,16,2,13,7,3,287,12,21,0.60 
2014,04,15,18:00,1244,287,1,1075,16,12,7,8,9,4,287,12,23,0.52 
2014,04,15,18:00,1244,287,6,1075,16,8,11,4,5,4,287,18,17,1.03 
2014,04,13,20:00,250,287,6,1077,16,7,11,4,5,3,287,6,21,0.29 
2014,04,13,19:00,210,287,6,1077,16,5,11,4,5,1,287,9,18,0.50 
2014,04,12,20:00,8,287,1,1077,16,3,12,3,4,0,287,10,18,0.54 
2014,04,12,19:00,49,287,1,1077,16,10,7,8,9,2,287,14,21,0.76 
2014,04,10,19:20,287,215,6,1077,10,16,6,9,4,7,287,7,20,0.41 
2014,04,08,21:00,59,287,6,1077,15,15,3,12,12,3,287,17,20,0.86 
2014,04,08,20:15,287,132,5,1075,11,16,6,9,5,7,287,18,20,1.00 
2014,04,08,19:00,214,287,1,1077,12,16,10,5,2,11,287,12,19,0.66 
2014,04,06,19:00,1280,287,6,1077,16,7,9,6,7,1,287,9,19,0.52 
2014,04,01,21:10,1264,287,0,1075,13,16,7,8,6,8,287,28,19,1.39 
2014,04,01,20:00,1274,287,2,1077,16,7,14,1,2,6,287,8,17,0.50 
2014,03,31,22:00,711,287,1,1077,16,3,12,3,4,0,287,9,17,0.54 
2014,03,25,20:30,287,284,2,1075,16,3,12,3,4,0,287,22,8,1.84 
2014,03,23,22:55,210,287,5,1080,16,12,11,4,5,8,287,17,20,0.78 
2014,03,23,19:45,287,22,5,1080,5,16,1,14,4,2,287,9,17,0.57 
2014,03,23,19:45,22,287,1,1080,6,16,2,13,4,3,287,11,15,0.81 
2014,03,23,19:45,22,287,0,1080,16,2,13,2,3,0,287,6,17,0.32 
2014,03,12,22:00,284,287,6,1077,12,16,5,10,7,6,287,19,16,1.02 
2014,03,12,21:00,287,1273,6,1077,15,15,6,9,9,6,287,10,20,0.57 
2014,03,09,20:00,250,287,6,1083,16,5,10,5,6,0,287,11,17,0.79 
2014,03,09,20:00,287,250,5,1083,10,16,4,11,6,5,287,18,23,0.80 
2014,03,08,23:45,287,215,1,1080,16,13,4,11,12,2,287,20,18,0.98 
2014,03,08,22:30,287,1106,6,1080,16,13,6,9,10,4,287,19,18,1.02 
2014,03,08,18:15,250,287,5,1080,16,9,15,0,1,9,287,19,19,0.95 
2014,03,07,21:40,1244,287,5,1083,16,9,7,8,9,1,287,15,20,0.87 
2014,03,07,21:40,1244,287,6,1083,21,19,7,8,8,7,287,24,25,0.89 
2014,03,05,22:20,1264,287,6,1083,11,16,5,10,6,6,287,17,18,0.88 
2014,03,05,21:00,1274,287,6,1083,15,15,8,7,7,8,287,22,19,1.16 
2014,03,05,20:00,250,287,5,1083,16,7,13,2,3,5,287,12,20,0.69 
2014,03,04,20:00,1244,287,1,1075,9,16,8,7,1,9,287,15,13,1.03 
2014,03,02,22:00,301,287,5,1077,16,9,12,3,4,6,287,14,21,0.71 
2014,01,26,22:00,1297,1298,5,570,16,6,12,3,4,3,1297,18,12,1.29 
2014,01,26,22:00,1297,1298,6,570,16,9,8,7,8,2,1297,12,16,0.76 
2013,12,11,22:45,1317,287,1,1103,16,7,11,4,5,3,287,16,17,0.95 
2013,12,11,20:30,1311,287,6,1103,16,13,12,3,4,10,287,18,17,0.98 
2013,12,11,19:15,1317,287,6,1103,14,16,9,6,5,10,287,36,17,1.84 
2013,12,10,20:30,844,287,6,1104,10,16,4,11,6,5,287,18,17,1.04 
2013,12,10,19:00,1323,287,5,1104,14,16,8,7,6,9,287,18,19,0.88 
2013,12,08,20:00,275,287,6,1104,16,8,11,4,5,4,287,11,19,0.61 
2013,12,05,21:00,1106,287,6,1104,9,16,6,9,3,7,287,18,19,0.94 
2013,12,05,20:00,287,215,6,1104,16,9,7,8,9,1,287,20,14,1.17 
2013,12,02,22:00,287,1069,6,1104,16,10,12,3,4,7,287,16,14,1.00 
2013,12,02,21:00,132,287,5,1104,16,9,11,4,5,5,287,11,19,0.66 
2013,11,22,21:00,1322,287,1,1104,16,12,11,4,5,8,287,18,22,0.90 
2013,11,21,22:30,287,1244,1,1104,16,9,7,8,9,1,287,21,14,1.25 
2013,11,21,21:30,722,287,6,1104,14,16,8,7,6,9,287,13,20,0.71 
2013,11,21,20:30,1311,287,7,1104,16,3,12,3,4,0,287,12,17,0.74 
2013,11,14,22:00,33,958,9,1098,14,16,10,5,4,11,958,27,22,1.24 
2013,10,28,23:00,958,937,9,1098,2,16,1,14,1,2,958,7,18,0.39 
2013,10,02,21:15,939,958,11,1098,15,15,10,5,5,10,958,16,18,0.98 
