2016,07,03,20:45,313,314,7,528,16,13,6,9,10,4,314,17,19,0.85 
2016,07,03,20:45,313,314,0,528,16,9,9,6,7,3,314,17,20,1.06 
2016,07,03,20:45,313,314,14,528,13,16,8,7,5,9,314,28,18,1.30 
2016,07,03,15:30,314,315,7,528,16,11,9,6,7,5,314,15,16,0.88 
2016,07,03,15:30,315,314,0,528,7,16,6,9,1,7,314,11,15,0.71 
2016,07,03,15:30,314,315,14,528,13,16,4,11,9,5,314,15,24,0.63 
2016,06,04,18:00,382,390,0,546,16,9,8,7,8,2,390,11,19,0.61 
2016,04,30,17:45,314,297,6,573,13,16,7,8,6,8,314,16,25,0.71 
2016,03,24,15:30,320,565,14,623,16,4,11,4,5,0,565,7,17,0.47 
2016,03,24,13:00,231,565,1,623,16,2,13,2,3,0,565,6,17,0.36 
2016,02,21,13:00,673,315,0,651,16,6,9,6,7,0,315,13,19,0.71 
2016,02,21,13:00,315,673,7,651,6,16,3,12,3,4,315,19,17,1.12 
2015,11,08,20:30,259,370,1,759,22,25,4,11,11,4,370,30,32,0.93 
2015,11,08,20:30,370,259,0,759,16,14,8,7,8,7,370,19,19,1.00 
2015,11,08,15:00,370,633,0,759,16,8,13,2,3,6,370,22,12,1.46 
2015,11,08,15:00,370,633,6,759,16,12,9,6,7,6,370,18,16,1.11 
2015,09,28,22:00,908,964,0,803,8,16,5,10,3,6,964,20,14,1.28 
2015,09,21,23:00,316,964,0,803,16,12,11,4,5,8,964,12,23,0.59 
2015,09,14,23:00,964,963,1,803,16,13,12,3,4,10,964,20,21,0.96 
2015,09,07,22:00,599,964,1,803,10,16,9,6,1,10,964,30,17,1.60 
2015,08,31,21:15,964,315,4,803,11,16,9,6,2,10,964,13,23,0.59 
2015,08,25,23:15,964,701,7,803,16,11,10,5,6,6,964,22,20,1.04 
2015,08,17,23:15,997,964,1,803,16,7,10,5,6,2,964,15,15,1.03 
2015,08,11,19:00,370,490,7,861,12,16,8,7,4,9,370,10,23,0.53 
2015,08,10,20:00,724,370,1,861,16,6,10,5,6,1,370,12,14,0.86 
2015,08,10,20:00,370,724,7,861,11,16,4,11,7,5,370,12,22,0.54 
2015,08,08,23:15,370,458,7,867,14,16,4,11,10,5,370,20,18,0.96 
2015,08,08,23:15,370,458,1,867,4,16,3,12,1,4,370,13,15,0.95 
2015,08,08,20:00,370,287,1,867,16,14,8,7,8,7,370,28,19,1.39 
2015,08,08,20:00,370,287,6,867,10,16,3,12,7,4,370,16,17,0.93 
2015,08,08,20:00,370,287,7,867,16,13,6,9,10,4,370,17,20,0.80 
2015,08,07,23:00,517,370,7,867,11,16,5,10,6,6,370,27,16,1.43 
2015,08,07,23:00,370,517,6,867,11,16,8,7,3,9,370,15,22,0.72 
2015,08,07,23:00,517,370,1,867,8,16,3,12,5,4,370,12,11,1.03 
2013,04,06,16:00,1410,314,9,1152,13,16,6,9,7,7,314,14,17,0.84 
2013,04,06,14:45,599,314,13,1152,16,6,10,5,6,1,314,15,19,0.92 
2013,04,06,13:30,210,314,10,1152,15,15,7,8,8,7,314,20,21,0.94 
2013,04,06,12:15,1370,314,9,1152,16,9,7,8,9,1,314,9,16,0.62 
2013,03,30,00:15,690,314,11,1155,16,1,14,1,2,0,314,4,17,0.23 
2013,03,30,00:15,690,314,13,1155,16,10,9,6,7,4,314,13,20,0.72 
2013,03,29,17:00,218,314,9,1155,16,14,4,11,12,3,314,21,22,0.92 
2013,03,29,17:00,314,218,13,1155,16,8,12,3,4,5,314,18,14,1.09 
2013,03,29,17:00,218,314,10,1155,16,10,8,7,8,3,314,18,18,0.92 
2013,03,29,13:30,1383,314,10,1155,16,14,9,6,7,8,314,22,25,0.94 
2013,03,29,13:30,1383,314,9,1155,16,6,9,6,7,0,314,10,17,0.67 
2013,03,29,10:00,1353,314,11,1155,16,4,11,4,5,0,314,6,17,0.37 
2013,03,29,10:00,314,1353,9,1155,15,19,9,6,6,9,314,16,22,0.77 
