2016,06,13,20:45,297,358,4,499,16,9,8,7,8,2,358,15,18,0.82 
2016,06,13,20:45,297,358,0,499,16,12,7,8,9,4,358,13,21,0.70 
2016,06,08,21:00,118,358,6,544,16,1,14,1,2,0,358,6,15,0.42 
2016,06,08,21:00,358,118,7,544,9,16,5,10,4,6,358,14,20,0.68 
2016,06,08,21:00,358,118,0,544,19,17,7,8,8,7,358,16,27,0.69 
2016,05,19,22:20,430,29,0,498,11,16,9,6,2,10,430,17,22,0.78 
2016,05,19,22:20,430,29,14,498,6,16,3,12,3,4,430,14,17,0.98 
2016,05,19,20:45,431,430,6,544,16,12,11,4,5,8,430,18,24,0.72 
2015,12,19,21:00,398,730,7,685,28,26,5,10,10,5,730,27,40,0.66 
2015,12,19,20:00,379,730,7,685,16,19,9,6,6,9,730,19,25,0.75 
2015,11,28,16:30,730,472,14,560,16,13,10,5,6,8,730,25,16,1.31 
2015,11,28,16:30,730,472,6,560,16,13,8,7,8,6,730,16,19,0.88 
2015,11,28,11:45,714,730,1,560,10,16,4,11,6,5,730,24,14,1.39 
2015,11,28,10:00,472,730,7,560,6,16,2,13,4,3,730,18,11,1.28 
2015,10,12,22:00,13,888,7,741,19,16,6,9,9,6,888,23,26,0.89 
2015,10,12,22:00,13,888,6,741,16,4,13,2,3,2,888,10,17,0.57 
2015,09,19,22:00,331,888,1,741,16,13,6,9,10,4,888,15,19,0.81 
2015,09,19,22:00,888,331,0,741,10,16,2,13,8,3,888,16,21,0.80 
2015,09,09,20:00,888,945,0,741,15,19,10,5,5,10,888,15,27,0.57 
2015,09,09,20:00,945,888,14,741,16,7,9,6,7,1,888,12,19,0.63 
2015,08,25,22:15,888,314,6,741,14,16,8,7,6,9,888,15,22,0.75 
2015,08,25,22:15,314,888,14,741,19,17,8,7,7,8,888,16,22,0.72 
2015,08,19,18:00,888,380,7,741,9,16,3,12,6,4,888,6,22,0.30 
2015,08,19,18:00,888,380,0,741,14,16,9,6,5,10,888,14,21,0.67 
2015,06,04,19:00,1067,1055,6,903,16,4,13,2,3,2,1067,22,12,1.68 
2015,06,04,19:00,1055,1067,7,903,12,16,8,7,4,9,1067,17,21,0.79 
2015,06,03,21:00,1067,1068,0,887,16,7,11,4,5,3,1067,13,14,0.87 
2015,06,03,21:00,1068,1067,7,887,6,16,3,12,3,4,1067,23,13,1.44 
2015,05,24,22:35,23,1067,7,915,16,10,11,4,5,6,1067,17,18,1.02 
2015,05,23,22:30,1067,1071,7,915,10,16,6,9,4,7,1067,16,22,0.82 
2015,05,19,22:15,1067,292,1,914,17,19,3,12,12,3,1067,26,24,1.00 
2015,05,19,22:15,292,1067,0,914,16,6,10,5,6,1,1067,18,17,1.05 
2015,05,19,22:15,292,1067,7,914,10,16,9,6,1,10,1067,13,19,0.66 
2015,05,18,20:30,1067,159,6,903,16,1,14,1,2,0,1067,15,8,1.27 
2015,05,18,20:30,159,1067,7,903,14,16,11,4,3,12,1067,14,23,0.64 
2015,05,17,19:00,1067,1068,0,887,16,12,9,6,7,6,1067,15,17,0.89 
2015,05,17,19:00,1068,1067,6,887,6,16,6,9,0,7,1067,12,14,0.88 
2015,05,13,21:00,1067,490,4,914,16,9,8,7,8,2,1067,19,18,1.05 
2015,05,13,21:00,1067,490,0,914,11,16,9,6,2,10,1067,15,21,0.82 
2015,05,13,21:00,490,1067,6,914,8,16,6,9,2,7,1067,16,16,0.97 
2015,05,11,20:45,275,1067,7,914,7,16,6,9,1,7,1067,17,17,0.96 
2015,05,11,20:45,1067,275,6,914,16,6,12,3,4,3,1067,12,12,0.88 
2015,05,11,20:45,1067,275,0,914,13,16,10,5,3,11,1067,23,19,1.16 
2015,05,08,20:15,1067,433,0,903,11,16,10,5,1,11,1067,17,23,0.73 
2015,05,08,19:15,1067,398,6,903,16,13,9,6,7,7,1067,15,21,0.76 
2015,04,27,19:00,1067,1054,6,903,12,16,9,6,3,10,1067,18,21,0.91 
2015,04,26,17:35,1067,159,7,560,12,16,5,10,7,6,1067,9,25,0.36 
2015,04,26,17:35,1067,159,14,560,21,18,9,6,6,9,1067,24,24,0.96 
2015,04,26,17:35,159,1067,6,560,16,14,12,3,4,11,1067,9,23,0.50 
2015,04,20,18:00,1067,1100,14,560,8,16,3,12,5,4,1067,11,18,0.64 
2015,04,20,18:00,1067,1100,6,560,16,5,12,3,4,2,1067,14,6,1.33 
2015,04,20,18:00,1067,1100,0,560,10,16,7,8,3,8,1067,17,22,0.83 
2015,04,19,21:45,1080,1067,6,560,9,16,8,7,1,9,1067,13,16,0.77 
2015,04,19,21:45,1080,1067,0,560,10,16,6,9,4,7,1067,30,14,1.70 
2015,04,15,22:00,1067,159,7,903,11,16,6,9,5,7,1067,16,24,0.76 
2015,04,15,21:15,1067,656,6,903,16,8,9,6,7,2,1067,18,17,1.13 
2015,04,15,20:00,1055,1067,6,903,9,16,9,6,0,10,1067,18,17,0.96 
2015,03,07,18:00,888,945,0,931,28,25,8,7,7,8,888,31,36,0.81 
2015,03,07,18:00,945,888,7,931,16,12,8,7,8,5,888,14,21,0.73 
2015,03,07,18:00,945,888,6,931,23,25,11,4,4,11,888,31,31,0.95 
2014,12,13,18:25,888,1150,6,974,12,16,9,6,3,10,888,17,22,0.85 
2014,12,13,18:25,888,1150,0,974,14,16,8,7,6,9,888,17,19,0.81 
2014,10,19,00:50,13,888,6,1005,16,12,11,4,5,8,888,16,22,0.74 
2014,10,15,21:15,87,953,0,993,16,4,12,3,4,1,953,9,18,0.49 
2014,09,25,20:00,953,74,6,993,16,13,7,8,9,5,953,17,22,0.81 
2014,09,11,19:00,953,957,5,993,7,16,7,8,0,8,953,11,13,0.86 
2014,09,04,21:00,953,943,0,993,13,16,7,8,6,8,953,20,20,1.03 
2014,05,25,18:00,888,159,5,1066,13,16,6,9,7,7,888,21,19,1.01 
2014,05,25,18:00,159,888,6,1066,16,4,11,4,5,0,888,10,17,0.63 
2014,05,25,15:00,888,1248,5,1066,16,6,14,1,2,5,888,21,11,1.44 
2014,05,25,15:00,888,1248,0,1066,19,17,9,6,6,9,888,11,22,0.59 
2014,05,25,15:00,888,1248,6,1066,15,19,10,5,5,10,888,22,24,0.99 
2014,05,25,10:00,888,1245,6,1066,16,6,13,2,3,4,888,17,9,1.23 
2014,05,25,09:00,888,1252,6,1066,16,9,11,4,5,5,888,16,15,0.93 
2013,12,05,21:15,953,935,6,1098,2,16,2,13,0,3,953,7,16,0.51 
2013,12,05,21:15,935,953,5,1098,16,6,12,3,4,3,953,16,16,1.04 
2013,10,17,23:00,953,941,11,1098,12,16,9,6,3,10,953,11,20,0.60 
2013,10,11,19:00,953,103,11,1098,16,7,13,2,3,5,953,19,13,1.20 
