2016,07,12,14:30,265,298,0,517,16,13,6,9,10,4,298,16,23,0.71 
2016,07,12,14:30,265,298,14,517,11,16,3,12,8,4,298,17,18,0.86 
2016,07,12,14:30,265,298,1,517,16,12,5,10,11,2,298,16,24,0.68 
2016,07,12,12:30,266,298,7,517,16,13,12,3,4,10,298,15,19,0.79 
2016,07,12,11:00,298,299,0,517,16,5,11,4,5,1,298,13,12,0.95 
2016,04,16,13:00,491,106,6,607,16,13,11,4,5,9,491,22,19,1.12 
2016,04,16,13:00,491,106,7,607,16,6,9,6,7,0,491,19,10,1.40 
2016,03,13,06:25,35,491,4,633,16,4,12,3,4,1,491,6,19,0.32 
2016,03,13,06:25,491,35,1,633,13,16,7,8,6,8,491,17,22,0.83 
2016,03,12,14:00,625,491,6,633,8,16,7,8,1,8,491,19,14,1.29 
2016,02,23,14:00,643,491,0,641,16,12,12,3,4,9,491,22,21,0.96 
2016,02,21,17:00,491,368,6,641,16,12,13,2,3,10,491,15,20,0.72 
2016,02,21,12:00,491,149,7,641,7,16,3,12,4,4,491,15,17,0.91 
2015,12,16,13:00,483,751,1,691,13,16,9,6,4,10,751,26,17,1.23 
2015,12,16,13:00,751,483,7,691,16,7,10,5,6,2,751,19,12,1.26 
2015,12,16,13:00,751,483,0,691,11,16,9,6,2,10,751,20,21,0.97 
2015,12,15,14:00,751,697,7,702,3,16,3,12,0,4,751,5,17,0.34 
2015,12,15,14:00,697,751,6,702,16,1,14,1,2,0,751,4,17,0.20 
2015,12,15,14:00,697,751,0,702,9,16,8,7,1,9,751,20,12,1.23 
2015,12,15,14:00,697,751,2,702,16,2,14,1,2,1,751,17,17,1.06 
2015,12,13,12:00,34,751,6,706,19,15,7,8,8,7,751,27,26,0.99 
2015,12,13,12:00,751,34,7,706,11,16,4,11,7,5,751,17,20,0.87 
2015,12,12,14:00,751,256,0,691,16,14,4,11,12,3,751,28,21,1.33 
2015,12,11,15:00,751,65,6,691,11,16,8,7,3,9,751,18,20,0.96 
2015,12,11,13:00,752,751,0,691,2,16,2,13,0,3,751,14,12,0.99 
2015,11,08,10:00,878,879,1,761,6,16,3,12,3,4,879,23,14,1.49 
2015,11,08,10:00,878,879,0,761,7,16,6,9,1,7,879,15,15,1.01 
2015,11,08,10:00,879,878,6,761,4,16,3,12,1,4,879,9,18,0.49 
2015,11,08,10:00,879,878,7,761,11,16,6,9,5,7,879,12,20,0.60 
2015,11,05,10:00,879,256,7,761,16,11,7,8,9,3,879,19,19,0.98 
2015,11,05,10:00,879,256,6,761,16,14,10,5,6,9,879,24,17,1.23 
2015,11,04,13:00,879,878,2,761,16,14,10,5,6,9,879,13,21,0.65 
2015,11,04,13:00,879,878,7,761,9,16,8,7,1,9,879,23,20,1.28 
2015,11,04,13:00,879,878,6,761,16,9,10,5,6,4,879,30,16,1.64 
2015,11,03,13:30,879,256,6,642,16,3,12,3,4,0,879,28,5,2.44 
2015,09,25,21:30,751,642,4,766,12,16,10,5,2,11,751,16,22,0.76 
2015,09,25,21:30,642,751,7,766,16,14,6,9,10,5,751,21,23,0.85 
2015,09,25,12:37,711,751,1,766,16,7,11,4,5,3,751,13,18,0.78 
2015,09,25,12:30,711,751,6,766,16,8,10,5,6,3,751,17,16,1.03 
2015,09,12,19:00,752,751,0,642,5,16,4,11,1,5,751,17,13,1.10 
2015,09,12,15:40,751,105,1,642,16,9,8,7,8,2,751,21,15,1.21 
2015,09,06,15:00,751,994,6,766,11,16,8,7,3,9,751,22,18,1.19 
2015,09,06,15:00,994,751,14,766,16,10,9,6,7,4,751,10,21,0.52 
2015,09,06,12:20,751,34,0,766,16,5,12,3,4,2,751,27,9,2.07 
2015,09,06,12:20,751,34,6,766,16,11,8,7,8,4,751,21,15,1.12 
2015,09,06,09:00,751,256,1,766,16,8,12,3,4,5,751,23,11,1.48 
2015,09,06,09:00,256,751,0,766,16,12,9,6,7,6,751,20,17,1.06 
2015,09,06,09:00,256,751,14,766,12,16,8,7,4,9,751,22,17,1.10 
2015,09,03,12:00,293,298,1,835,13,16,8,7,5,9,298,27,20,1.37 
2015,09,03,12:00,293,298,0,835,11,16,7,8,4,8,298,21,18,1.12 
2015,09,02,12:00,138,298,7,835,0,16,0,15,0,1,298,17,7,1.93 
2015,09,02,12:00,298,138,6,835,16,5,13,2,3,3,298,14,11,1.11 
2015,08,30,13:00,298,265,6,835,16,1,14,1,2,0,298,25,9,2.12 
2015,08,29,13:00,346,298,0,835,7,16,3,12,4,4,298,20,17,1.22 
2015,08,29,12:00,298,333,7,835,16,12,5,10,11,2,298,20,21,1.01 
2015,07,19,05:00,648,751,1,873,16,14,6,9,10,5,751,25,20,1.18 
2015,07,18,08:50,751,429,6,873,8,16,7,8,1,8,751,17,17,0.97 
2015,07,18,07:35,751,648,7,873,16,9,10,5,6,4,751,28,11,1.86 
2015,06,06,13:00,751,1008,6,900,16,10,9,6,7,4,751,20,16,1.11 
2015,06,05,15:00,648,751,6,900,11,16,9,6,2,10,751,26,17,1.42 
2015,04,19,18:30,751,34,7,940,16,3,13,2,3,1,751,22,8,1.87 
2015,04,19,18:30,34,751,1,940,11,16,7,8,4,8,751,18,16,1.06 
2015,04,19,17:15,751,226,6,940,16,4,12,3,4,1,751,24,9,1.94 
2015,04,18,16:53,751,878,7,940,19,16,9,6,6,9,751,22,27,0.76 
2013,11,23,04:00,1332,210,6,1106,11,16,7,8,4,8,1332,21,19,1.17 
