2015,10,09,19:15,939,937,6,673,6,16,4,11,2,5,939,7,16,0.54 
2015,04,03,22:20,674,400,6,948,16,11,11,4,5,7,400,13,20,0.74 
2015,04,03,15:30,400,995,0,948,8,16,8,7,0,9,400,12,16,0.79 
2015,04,03,15:30,995,400,6,948,16,14,5,10,11,4,400,18,20,0.89 
2015,04,03,12:00,8,400,5,948,16,2,14,1,2,1,400,1,17,0.09 
2015,04,03,12:00,400,8,6,948,11,16,4,11,7,5,400,13,22,0.66 
2015,04,02,23:15,1123,400,0,948,16,19,12,3,3,12,400,14,23,0.65 
2015,04,02,20:30,995,400,7,948,16,6,10,5,6,1,400,7,18,0.47 
2015,04,02,19:00,400,1123,5,948,16,2,14,1,2,1,400,10,4,1.29 
2015,04,02,14:00,1111,400,1,948,16,5,13,2,3,3,400,15,16,0.98 
2015,04,02,14:00,1111,400,6,948,16,5,13,2,3,3,400,4,20,0.20 
2014,08,02,09:40,793,1052,6,1047,10,16,7,8,3,8,793,7,19,0.51 
2014,08,02,09:40,1052,793,5,1047,16,9,11,4,5,5,793,10,19,0.53 
2014,08,01,18:20,793,360,6,1047,16,2,13,2,3,0,793,13,8,1.22 
2014,08,01,17:25,674,793,0,1047,16,2,13,2,3,0,793,15,17,0.97 
2014,08,01,16:00,793,360,5,1047,16,11,14,1,2,10,793,10,19,0.57 
2014,06,15,21:20,215,793,0,1061,16,11,12,3,4,8,793,12,23,0.56 
2014,06,15,21:20,698,793,0,1061,19,17,11,4,4,11,793,19,29,0.71 
2013,08,08,18:25,1382,210,10,1134,6,16,2,13,4,3,1382,7,19,0.40 
2013,05,14,20:00,1317,1401,11,1143,16,6,13,2,3,4,1401,4,17,0.34 
2013,05,14,19:00,1323,1401,11,1143,9,16,8,7,1,9,1401,22,14,1.30 
2013,04,14,19:15,1409,1401,13,1150,9,16,8,7,1,9,1401,21,14,1.36 
2013,04,14,19:15,1409,1401,10,1150,15,19,10,5,5,10,1401,18,25,0.73 
2013,03,30,12:30,706,1401,11,1155,16,4,11,4,5,0,1401,9,17,0.56 
2013,03,30,10:00,384,1401,11,1155,9,16,4,11,5,5,1401,22,14,1.28 
2013,03,29,17:00,1418,1401,11,1155,16,14,7,8,9,6,1401,15,23,0.72 
2013,03,29,17:00,1418,1401,13,1155,28,26,4,11,11,4,1401,25,36,0.71 
2013,03,29,17:00,1401,1418,10,1155,16,14,7,8,9,6,1401,19,21,0.91 
2013,03,29,13:30,1401,384,13,1155,12,16,9,6,3,10,1401,12,22,0.62 
2013,03,29,13:30,384,1401,10,1155,16,13,10,5,6,8,1401,19,19,0.97 
2013,03,29,10:00,1370,1401,12,1155,16,9,8,7,8,2,1401,10,21,0.56 
2013,03,29,10:00,1401,1370,11,1155,7,16,4,11,3,5,1401,11,16,0.70 
