2013,06,30,15:00,210,1317,10,1137,11,16,10,5,1,11,210,17,19,0.84 
2013,06,30,15:00,1317,210,9,1137,21,17,8,7,7,8,210,29,23,1.08 
2013,06,29,13:00,301,210,10,1137,11,16,6,9,5,7,210,16,16,0.96 
2013,06,29,13:00,301,210,13,1137,13,16,6,9,7,7,210,17,19,0.83 
2013,06,25,20:00,210,1312,10,1138,16,5,11,4,5,1,210,13,10,1.11 
2013,06,24,18:00,749,210,13,1138,4,16,1,14,3,2,210,17,8,1.42 
2013,06,21,19:00,210,705,10,1138,16,11,12,3,4,8,210,9,19,0.56 
2013,06,20,22:00,287,210,13,1138,13,16,7,8,6,8,210,15,21,0.76 
2013,06,20,21:00,210,1093,10,1138,16,7,10,5,6,2,210,13,11,0.97 
2013,06,20,20:00,1323,210,13,1138,7,16,7,8,0,8,210,23,12,1.53 
2013,06,20,19:00,210,215,12,1138,16,11,8,7,8,4,210,10,18,0.60 
2013,06,16,22:00,698,210,9,1139,19,16,5,10,10,5,210,18,25,0.70 
2013,06,16,21:00,210,49,10,1139,16,8,12,3,4,5,210,17,13,1.06 
2013,06,16,18:00,698,210,12,1139,16,2,13,2,3,0,210,5,18,0.23 
2013,06,12,21:00,1383,210,10,1141,11,16,9,6,2,10,210,23,15,1.29 
2013,06,12,20:00,517,210,10,1141,8,16,5,10,3,6,210,21,15,1.18 
2013,06,12,19:00,250,210,7,1141,8,16,7,8,1,8,210,21,14,1.36 
2013,06,10,21:00,210,49,10,1138,16,12,5,10,11,2,210,20,18,0.97 
2013,06,07,19:00,210,1383,10,1142,4,16,4,11,0,5,210,13,17,0.75 
2013,06,07,19:00,210,1383,9,1142,9,16,6,9,3,7,210,10,18,0.59 
2013,05,30,22:00,287,210,9,1142,13,16,8,7,5,9,210,24,15,1.23 
2013,05,29,22:00,1106,210,9,1138,7,16,4,11,3,5,210,22,13,1.41 
2013,05,29,21:00,210,275,10,1142,16,0,15,0,1,0,210,15,4,1.54 
2013,05,29,20:00,841,210,10,1142,14,16,10,5,4,11,210,17,23,0.74 
2013,05,28,22:30,210,301,10,1142,7,16,4,11,3,5,210,13,18,0.75 
2013,05,28,21:00,210,215,10,1143,5,16,5,10,0,6,210,5,20,0.24 
2013,05,28,20:00,210,275,10,1143,21,17,5,10,10,5,210,26,28,0.86 
2013,05,27,22:00,250,210,13,1138,16,3,13,2,3,1,210,6,17,0.38 
2013,05,27,19:00,250,210,13,1142,16,8,12,3,4,5,210,13,16,0.89 
2013,05,23,22:00,210,841,10,1138,4,16,1,14,3,2,210,8,17,0.46 
2013,05,22,21:00,1370,210,9,1143,16,13,9,6,7,7,210,16,20,0.77 
2013,05,22,21:00,1370,210,13,1143,16,8,13,2,3,6,210,14,20,0.79 
2013,05,22,21:00,210,215,10,1143,16,4,11,4,5,0,210,11,8,0.95 
2013,05,21,21:00,210,384,13,1143,16,14,11,4,5,10,210,17,19,0.79 
2013,05,21,20:00,210,1383,13,1143,16,8,12,3,4,5,210,15,13,1.04 
2013,05,20,20:00,8,210,9,1138,16,12,5,10,11,2,210,13,22,0.65 
2013,05,20,19:00,210,1149,10,1138,16,4,11,4,5,0,210,23,9,1.58 
2013,05,14,20:00,210,1393,10,1143,13,16,7,8,6,8,210,21,18,1.15 
2013,05,13,20:00,210,1391,10,1138,16,4,12,3,4,1,210,12,9,1.07 
2013,04,14,17:00,210,250,13,1151,7,16,6,9,1,7,210,10,20,0.51 
2013,04,14,17:00,210,250,9,1151,6,16,3,12,3,4,210,12,19,0.78 
2013,04,14,11:00,1395,210,12,1151,10,16,6,9,4,7,210,31,13,1.78 
2013,04,14,11:00,1395,210,9,1151,16,5,12,3,4,2,210,13,18,0.74 
2013,04,14,11:00,210,1395,10,1151,21,18,5,10,10,5,210,34,29,1.19 
2013,04,13,17:00,1214,210,10,1151,5,16,3,12,2,4,210,14,12,0.96 
2013,04,13,17:00,1214,210,9,1151,1,16,1,14,0,2,210,14,6,1.42 
2013,04,07,17:15,1317,210,9,1152,16,10,6,9,10,1,210,11,20,0.55 
2013,04,07,17:15,210,1317,10,1152,6,16,6,9,0,7,210,12,17,0.72 
2013,04,07,14:00,210,1370,13,1152,16,4,11,4,5,0,210,13,9,1.08 
2013,04,07,14:00,1370,210,9,1152,11,16,8,7,3,9,210,19,19,0.96 
2013,04,07,14:00,210,1370,12,1152,10,16,5,10,5,6,210,20,19,1.02 
2013,04,07,10:00,210,1383,13,1152,16,12,12,3,4,9,210,18,17,1.00 
2013,04,07,10:00,210,1383,9,1152,6,16,4,11,2,5,210,18,13,1.19 
2013,04,07,10:00,1383,210,10,1152,9,16,4,11,5,5,210,24,13,1.43 
2013,04,06,16:00,210,1370,12,1152,16,8,10,5,6,3,210,21,14,1.26 
2013,04,06,14:45,1410,210,12,1152,13,16,8,7,5,9,210,16,19,0.88 
2013,04,06,13:30,210,314,10,1152,15,15,7,8,8,7,210,28,21,1.33 
2013,04,06,11:00,599,210,9,1152,16,9,6,9,10,0,210,12,16,0.72 
2013,04,03,21:30,1317,210,9,1154,16,9,7,8,9,1,210,11,19,0.61 
2013,04,03,20:30,210,1151,10,1154,16,2,13,2,3,0,210,12,7,1.28 
2013,04,03,19:30,210,218,10,1154,16,12,9,6,7,6,210,16,19,0.90 
2013,03,30,18:30,1370,210,9,1155,16,10,10,5,6,5,210,15,18,0.93 
2013,03,30,13:30,210,250,9,1155,8,16,7,8,1,8,210,5,21,0.28 
2013,03,30,13:30,210,250,13,1155,4,16,3,12,1,4,210,8,17,0.51 
2013,03,30,10:00,698,210,12,1155,14,16,12,3,2,13,210,19,19,1.01 
2013,03,30,10:00,210,698,10,1155,16,7,11,4,5,3,210,19,13,1.20 
2013,03,30,00:15,1353,210,9,1155,10,16,7,8,3,8,210,18,12,1.22 
2013,03,30,00:15,210,1353,10,1155,16,2,13,2,3,0,210,20,7,1.68 
2013,03,29,17:00,215,210,9,1155,22,18,4,11,11,4,210,26,26,0.99 
2013,03,29,17:00,215,210,12,1155,16,6,10,5,6,1,210,8,20,0.38 
2013,03,29,17:00,215,210,10,1155,10,16,4,11,6,5,210,17,18,0.93 
2013,03,29,13:30,210,320,13,1155,16,9,11,4,5,5,210,10,12,0.78 
2013,03,29,13:30,320,210,10,1155,0,16,0,15,0,1,210,9,9,0.97 
2013,03,29,10:00,52,210,13,1155,13,16,6,9,7,7,210,15,19,0.77 
2013,03,29,10:00,210,52,12,1155,12,16,10,5,2,11,210,21,22,0.99 
2013,03,29,10:00,52,210,10,1155,14,16,7,8,7,8,210,17,21,0.80 
2013,03,24,20:00,210,1106,10,1158,16,8,13,2,3,6,210,19,14,1.17 
2013,03,21,21:00,250,210,10,1158,16,14,11,4,5,10,210,26,22,1.15 
2013,03,19,20:00,8,210,10,1158,15,15,10,5,5,10,210,14,24,0.65 
2013,03,19,19:00,215,210,9,1158,13,16,7,8,6,8,210,16,22,0.74 
2013,03,18,21:00,1383,210,9,1158,9,16,4,11,5,5,210,13,16,0.82 
2013,03,14,20:00,210,301,10,1164,7,16,4,11,3,5,210,12,21,0.61 
2013,03,13,21:00,210,1395,10,1164,16,9,13,2,3,7,210,12,18,0.72 
2013,03,13,20:00,210,1001,10,1164,16,2,15,0,1,2,210,11,9,1.02 
2013,03,13,19:00,210,1438,12,1164,16,2,13,2,3,0,210,13,7,1.18 
2013,03,13,18:00,1180,210,10,1158,2,16,1,14,1,2,210,15,10,1.22 
2013,03,12,22:00,214,210,10,1158,5,16,5,10,0,6,210,18,9,1.51 
2013,03,12,20:00,210,1407,10,1158,16,4,12,3,4,1,210,19,10,1.52 
2013,03,07,22:15,1323,210,10,1158,7,16,4,11,3,5,210,17,18,1.02 
