15,56,6,19,0.37
21,56,32,17,1.69
52,56,15,20,0.78
58,56,18,20,0.89
141,56,19,17,1.02
143,56,27,23,1.22
1296,56,31,24,1.25
1297,56,33,34,1.01
1298,56,18,18,0.99
1441,56,27,19,1.32
1461,56,15,22,0.74
1686,56,18,9,1.38
1687,56,26,18,1.38
1698,56,26,18,1.50
1699,56,18,6,1.54
1709,56,20,15,1.11
1710,56,23,11,1.62
1711,56,23,20,1.11
1735,56,23,14,1.38
1736,56,21,9,1.59
1754,56,14,16,0.97
1998,56,20,13,1.29
2003,56,15,20,0.87
2018,56,7,17,0.41
2031,56,21,15,1.42
2045,56,25,15,1.44
2220,56,9,17,0.51
2221,56,19,19,0.95
2244,56,19,12,1.31
2245,56,30,6,2.55
2266,56,18,10,1.28
2270,56,24,22,1.12
2279,56,19,18,1.04
2280,56,25,11,1.50
2283,56,17,19,0.81
2286,56,23,17,1.30
2543,56,22,15,1.14
2544,56,20,17,1.03
2554,56,23,11,1.53
2555,56,24,13,1.34
2751,56,21,17,1.17
2752,56,22,8,1.93
2755,56,28,19,1.23
2756,56,25,14,1.40
2784,56,24,26,1.00
2785,56,17,21,0.86
2786,56,30,15,1.67
2787,56,30,21,1.41
2789,56,20,16,1.11
2800,56,18,17,1.00
2801,56,25,13,1.49
2802,56,15,18,0.82
2854,56,21,11,1.49
2862,56,19,20,0.99
3023,56,16,18,0.92
3024,56,23,11,1.58
3025,56,26,20,1.32
3062,56,6,19,0.39
3063,56,15,18,0.85
3064,56,16,18,0.88
3221,56,11,17,0.64
3223,56,20,19,1.06
3305,56,24,18,1.29
3313,56,26,17,1.29
3534,56,29,9,2.38
3538,56,20,27,0.75
3723,56,11,20,0.59
3745,56,11,16,0.63
3782,56,45,33,1.46
3783,56,20,13,1.30
3784,56,21,20,1.27
3808,56,24,15,1.34
3809,56,14,11,1.12
3811,56,22,16,1.30
3943,56,14,17,0.80
3944,56,26,15,1.45
3945,56,13,19,0.68
3968,56,14,15,0.91
3983,56,7,14,0.49
4410,56,23,23,0.90
4411,56,11,20,0.61
4412,56,11,16,0.67
4430,56,13,6,1.31
4431,56,24,18,1.14
4510,56,30,16,1.75
4512,56,23,23,0.97
4548,56,11,21,0.56
4549,56,19,15,1.30
4567,56,22,16,1.10
4570,56,16,6,1.39
4600,56,18,19,0.90
4601,56,24,19,1.35
4602,56,24,24,1.01
4626,56,18,13,1.13
4630,56,26,16,1.37
4642,56,15,18,0.84
4643,56,26,27,0.96
4644,56,19,20,0.88
4649,56,31,19,1.50
4650,56,19,6,1.61
4651,56,12,18,0.72
4713,56,18,13,1.23
4716,56,30,19,1.41
4784,56,28,20,1.38
4788,56,13,19,0.75
4984,56,18,20,0.85
5005,56,23,21,1.07
5100,56,16,20,0.79
5103,56,19,21,0.95
5201,56,13,21,0.58
5203,56,9,19,0.49
5221,56,21,16,1.11
5236,56,15,15,1.04
5243,56,16,12,1.28
5278,56,30,24,1.21
5314,56,12,19,0.75
5317,56,17,18,0.96
5415,56,32,13,1.97
5416,56,21,23,0.93
5459,56,17,17,0.92
5460,56,28,9,2.02
5461,56,23,22,1.07
5477,56,27,16,1.45
5478,56,16,9,1.44
5486,56,18,23,0.83
5487,56,22,22,0.93
5488,56,16,21,0.76
5501,56,24,12,1.55
5502,56,19,18,0.96
5503,56,28,22,1.26
5522,728,16,21,0.75
5523,728,25,13,1.64
5723,728,12,19,0.72
5724,728,22,24,0.99
5725,728,22,18,1.07
5728,728,18,20,0.87
5729,728,9,21,0.42
5756,744,13,20,0.86
5757,744,26,26,1.04
5758,744,31,30,0.98
6129,744,24,18,1.21
6130,744,17,15,1.21
6131,744,20,13,1.31
6451,744,22,16,1.32
6452,744,22,15,1.28
6608,744,27,16,1.43
6609,744,14,17,0.82
6610,57,21,16,1.16
6655,744,7,20,0.42
6656,744,24,19,1.14
7163,744,14,15,0.94
7174,744,28,18,1.28
7297,744,10,18,0.60
7298,744,18,19,0.99
7378,744,18,10,1.29
7416,744,12,9,1.18
7417,744,13,21,0.69
7423,744,19,21,0.85
7430,744,29,17,1.72
7508,744,24,19,1.27
7509,744,15,18,0.82
7529,744,25,23,1.16
7530,744,19,20,0.93
7531,744,29,20,1.52
7539,912,12,21,0.52
7540,912,5,18,0.34
7546,744,19,20,0.97
7547,744,16,18,0.99
7548,744,23,17,1.14
7574,744,13,20,0.72
7575,744,12,20,0.64
7756,744,7,16,0.43
7757,744,19,23,0.84
7778,744,8,19,0.48
7805,744,22,18,1.18
7846,744,13,16,0.87
7847,744,12,21,0.56
7848,744,16,20,0.79
7853,744,13,20,0.67
7900,744,23,26,0.97
7939,744,15,18,0.82
7977,744,20,9,1.58
7986,744,15,18,0.78
8009,744,28,16,1.39
8016,744,27,21,1.32
8029,744,24,16,1.31
8045,744,12,18,0.76
8046,744,21,19,0.97
8217,744,14,9,1.22
8218,744,29,7,2.49
8245,744,21,18,1.01
8285,744,11,16,0.69
8289,744,23,16,1.29
8303,744,23,22,0.99
8304,744,11,20,0.58
8328,744,20,19,1.18
8331,744,10,16,0.75
8342,744,23,17,1.31
8348,744,22,17,1.20
8410,973,27,19,1.32
8411,973,28,24,1.17
8412,973,29,21,1.22
8424,973,21,12,1.51
8426,973,22,22,1.04
8468,744,25,20,1.15
8469,744,9,12,0.76
8478,744,24,19,1.16
8479,744,24,16,1.28
8503,744,30,27,1.13
8516,744,16,17,1.01
8523,744,27,15,1.45
8579,744,12,11,0.92
8580,744,30,20,1.45
8670,973,24,23,1.11
8671,973,11,16,0.76
8672,973,28,17,1.42
8721,744,17,17,0.99
8723,744,10,18,0.54
8728,744,20,19,1.11
8776,744,9,17,0.50
8785,744,24,18,1.31
8850,973,22,17,1.22
8853,973,16,12,1.14
8907,744,26,12,1.66
8908,744,20,19,0.98
8909,744,8,23,0.34
8912,744,24,13,1.63
8913,744,20,17,1.13
9080,56,19,18,1.05
9084,56,10,17,0.68
9087,56,20,16,1.12
9151,973,20,18,1.05
9186,56,24,12,1.41
9187,56,24,16,1.20
9207,56,17,19,0.87
9249,56,25,28,0.87
9500,23,19,18,1.01
9516,23,24,11,1.79
9517,23,27,19,1.33
9518,23,21,20,0.96
9542,23,15,17,0.87
9543,23,17,15,1.12
9544,23,8,18,0.46
9568,23,18,10,1.26
9569,23,16,18,0.85
9708,23,18,28,0.68
9709,23,18,24,0.82
9710,23,20,13,1.33
9714,23,18,17,1.07
9720,23,18,12,1.35
9732,23,12,11,0.89
9733,23,22,12,1.29
9734,23,31,29,0.99
9738,23,17,16,0.94
9766,23,24,14,1.39
9767,23,24,7,2.00
9768,23,19,19,0.99
9809,23,32,11,1.99
9810,23,13,12,0.99
9826,23,10,18,0.61
9827,23,14,10,1.05
10033,23,10,22,0.54
10034,23,11,19,0.57
10045,23,14,20,0.82
10046,23,21,20,1.07
10094,23,18,20,0.93
10095,23,16,18,0.89
10107,23,23,18,1.09
10108,23,23,16,1.19
10133,23,14,17,0.85
10249,23,26,13,1.74
10250,23,18,8,1.44
10258,23,28,25,1.09
10259,23,34,19,1.65
10272,23,28,22,1.31
10273,23,32,36,0.83
10274,23,20,19,0.97
10282,23,18,11,1.28
10283,23,20,18,1.13
10284,23,22,11,1.59
10301,23,7,3,2.06
10302,23,14,16,0.83
10303,23,17,13,1.15
10326,23,29,15,1.56
10327,23,13,19,0.76
10328,23,23,10,1.91
10578,23,21,15,1.23
10593,23,21,11,1.41
10596,23,27,18,1.50
10634,23,17,16,1.05
10635,23,16,18,0.92
10636,23,13,20,0.76
10639,23,21,7,1.99
10640,23,16,21,0.72
10641,23,28,30,0.99
10647,23,10,17,0.65
10747,23,29,11,1.73
10748,23,20,16,1.13
10804,23,17,13,1.09
10805,23,15,9,1.42
10824,23,21,32,0.68
10825,23,22,18,1.12
10826,23,19,19,1.02
10844,23,27,17,1.46
10845,23,28,19,1.37
10977,23,25,18,1.23
10978,23,20,13,1.19
11035,23,21,21,1.04
11036,23,17,21,0.91
11044,23,33,12,2.15
11045,23,26,11,1.84
11057,23,22,18,1.14
11058,23,15,10,1.12
11266,23,25,21,1.12
11267,23,20,22,1.04
11481,23,28,21,1.50
11482,23,30,27,1.02
11564,23,7,16,0.43
11567,23,26,13,1.62
11594,23,16,18,0.97
11700,23,36,18,1.57
11701,23,31,17,1.68
12475,57,18,17,1.00
12482,57,32,19,1.69
12492,57,25,25,0.96
12514,57,30,36,0.83
12519,57,6,16,0.42
13110,57,3,1,2.53
13219,87,5,16,0.45
13220,87,2,3,0.79
13229,87,12,18,0.69
13230,87,8,13,0.65
13231,87,29,16,1.44
13240,87,19,25,0.94
13241,87,19,19,0.94
13358,87,9,16,0.68
13407,87,16,14,1.10
13408,87,18,8,1.47
13409,87,18,18,0.99
13571,87,15,16,0.88
13572,87,26,20,1.24
13577,87,36,27,1.33
13578,87,10,16,0.66
13579,87,22,16,1.21
13803,87,26,19,1.44
13804,87,22,22,0.95
13847,87,19,20,1.01
13848,87,16,19,0.79
13858,87,23,19,1.14
13859,87,12,21,0.61
13864,87,24,5,2.00
13872,973,11,18,0.59
13902,973,21,16,1.21
13933,87,9,17,0.59
13948,87,24,23,1.04
13949,87,13,10,1.08
13952,87,7,18,0.43
13953,87,14,18,0.81
13954,87,22,26,0.91
13957,87,13,18,0.85
13961,87,18,20,0.87
13964,87,15,27,0.66
13970,87,15,22,0.70
13978,973,27,22,1.30
14106,87,7,19,0.40
14112,87,35,38,0.92
14155,87,25,14,1.57
14156,87,15,8,1.25
14157,87,23,18,1.12
14172,87,23,19,1.11
14178,87,29,18,1.42
14246,87,18,16,1.09
14247,87,11,17,0.65
14262,87,24,18,1.27
14275,87,10,19,0.52
14277,87,18,6,1.67
14279,87,17,11,1.25
14293,87,27,7,2.33
14294,87,22,13,1.29
14295,87,20,12,1.53
14296,87,21,22,0.94
14297,87,24,26,0.93
14307,87,13,18,0.70
14314,87,20,7,1.88
14324,87,11,21,0.59
14325,87,11,18,0.78
14334,87,33,30,1.01
14339,87,21,15,1.52
14372,87,17,21,0.84
14381,87,28,19,1.47
14535,744,8,16,0.51
14543,744,10,7,1.01
14544,744,29,30,1.03
14581,744,23,19,1.11
14585,744,13,20,0.71
14586,744,25,17,1.32
14600,744,15,17,0.79
14601,744,14,11,1.02
14608,744,16,12,1.26
14609,744,20,11,1.40
14615,744,26,16,1.33
14616,744,10,16,0.64
14620,744,19,15,1.05
14621,744,13,20,0.64
14622,744,17,7,1.56
14631,744,22,12,1.34
14632,744,26,20,1.34
14634,744,21,9,1.66
14637,744,24,18,1.25
14650,744,13,21,0.66
14657,744,19,10,1.36
14665,744,12,16,0.86
14697,744,22,14,1.20
14715,744,22,9,1.50
14741,744,14,6,1.45
14742,744,18,8,1.39
14760,744,21,8,1.94
14761,744,16,7,1.31
14842,744,18,17,1.14
14843,744,13,22,0.69
14854,744,14,21,0.71
14856,744,16,20,0.75
14876,744,25,13,1.71
14884,744,15,21,0.89
15001,744,15,19,0.79
15002,744,19,14,1.27
15003,744,11,22,0.52
15017,744,19,11,1.30
15019,744,18,16,1.09
15021,744,11,11,0.86
15052,744,21,21,0.97
15053,744,12,17,0.82
15054,744,25,14,1.42
15055,744,20,13,1.20
15056,744,11,19,0.60
15065,744,7,17,0.44
15066,744,9,21,0.49
15070,744,18,19,0.88
15071,744,23,19,1.12
15072,744,10,18,0.62
15076,744,16,17,0.91
15077,744,17,22,0.79
15085,744,14,17,0.77
15087,744,12,20,0.64
15125,1282,27,20,1.29
15126,1282,19,22,0.85
15127,744,9,20,0.44
15131,744,9,14,0.67
15132,744,20,20,0.93
15133,744,19,16,1.00
15142,744,20,19,0.98
15143,744,16,20,0.83
15144,744,27,23,1.19
15157,744,11,18,0.66
15162,744,20,24,0.86
15177,744,23,19,1.34
15181,744,19,18,1.12
15190,744,14,19,0.74
15191,744,10,22,0.49
15192,744,17,11,1.20
15193,744,29,19,1.57
15194,744,24,18,1.31
15198,744,31,23,1.27
15199,744,19,17,1.21
15203,744,10,8,1.03
15260,744,29,22,1.50
15261,744,27,21,1.29
15275,744,17,10,1.36
15276,744,23,15,1.44
15319,744,22,16,1.19
15327,744,22,19,1.08
15352,744,17,18,0.95
15366,744,8,17,0.46
15386,744,16,14,1.09
15389,744,14,9,1.18
15398,744,28,6,2.29
15400,744,21,6,1.73
15405,744,14,16,0.88
15406,744,23,17,1.24
15407,744,23,17,1.21
15408,744,11,14,0.83
15409,744,14,22,0.63
15410,744,18,8,1.63
15411,744,16,15,1.05
15412,744,18,17,1.13
15413,744,17,15,1.02
15420,744,26,12,1.70
15421,744,15,28,0.61
15422,744,9,19,0.59
15423,744,17,12,1.25
15450,744,18,22,0.78
15451,744,19,23,0.87
15467,744,13,12,0.95
15468,744,28,18,1.26
15476,744,19,11,1.39
15509,744,20,17,1.08
15513,744,11,15,0.77
15516,744,24,11,1.59
15522,744,17,15,1.08
15524,744,26,20,1.36
15525,744,24,20,1.08
15552,744,19,8,1.61
15559,744,22,20,1.02
15578,744,13,10,0.99
15650,744,13,16,0.82
15653,744,15,15,0.92
15655,744,27,26,0.95
15735,744,23,22,1.05
15736,744,20,22,0.98
15737,744,19,25,0.80
15738,744,10,20,0.65
15739,744,16,20,0.86
15743,744,16,20,0.81
15744,744,9,17,0.63
15745,744,26,20,1.23
15753,744,13,15,0.86
15754,744,14,8,1.39
15755,744,19,22,0.84
15792,1342,24,17,1.14
15793,1342,22,16,1.13
15794,1342,14,14,0.99
15841,1342,11,18,0.65
15842,1342,21,24,0.88
15849,1342,17,14,1.09
15853,1342,25,20,1.05
15855,1342,22,20,1.12
15885,1342,18,6,1.69
15886,1342,22,21,1.06
15916,973,28,21,1.53
15917,973,13,20,0.71
15970,1342,13,19,0.71
15971,1342,9,14,0.72
15972,1342,12,17,0.76
15978,1342,21,20,0.96
15979,1342,12,18,0.70
15980,1342,29,11,1.98
15986,1342,10,17,0.61
15987,1342,14,22,0.65
15989,1342,18,11,1.31
16023,1342,17,17,0.92
16024,1342,17,19,0.94
16028,1342,27,7,2.37
16033,1342,23,11,1.82
16132,1342,16,21,0.78
16133,1342,10,19,0.57
16139,1342,21,21,0.91
16140,1342,25,24,1.06
16145,1342,22,24,1.03
16146,1342,25,6,2.28
16147,1342,23,21,1.21
16163,1342,15,20,0.75
16166,1342,8,9,0.91
16167,1342,20,7,2.04
16193,1342,23,10,1.56
16194,1342,25,20,1.30
16195,1342,9,16,0.61
16199,1342,29,26,1.05
16200,1342,13,11,1.08
16208,1342,22,8,1.84
16210,1342,19,25,0.80
16211,973,25,21,1.08
16227,973,15,14,1.07
16242,1342,24,22,1.06
16243,1342,11,21,0.55
16244,1342,16,16,0.92
16265,1342,15,16,0.91
16266,1342,19,17,1.01
16271,1342,20,6,1.92
16272,1342,17,19,0.89
16273,1342,22,21,0.98
16277,1342,23,15,1.50
16278,1342,29,18,1.37
16311,1342,15,8,1.32
16312,1342,29,22,1.12
16313,1342,32,24,1.32
16327,973,28,8,2.33
16357,1342,23,12,1.59
16359,1342,24,6,2.16
16365,1342,18,14,1.23
16366,1342,26,12,1.77
16383,1342,21,11,1.34
16386,1342,11,10,0.98
16449,1342,20,14,1.37
16458,1342,24,9,1.80
16461,1342,28,18,1.34
16466,1342,16,19,0.90
16474,1342,13,18,0.78
16478,1342,25,16,1.26
16479,1342,24,18,1.36
16480,1342,21,14,1.29
16495,1342,24,20,1.18
16501,1342,16,20,0.79
16532,1342,8,18,0.40
16533,1342,25,19,1.52
16538,1342,19,20,0.99
16542,1342,23,13,1.47
16569,1342,14,18,0.88
16570,1342,16,19,0.89
16576,1342,23,14,1.34
16578,1342,21,13,1.42
16579,1342,21,10,1.57
16588,1342,16,14,1.14
16593,1342,24,11,1.65
16608,1342,26,19,1.20
16609,1342,34,19,1.75
16610,1342,33,17,1.73
16618,1342,15,14,0.96
16619,1342,16,11,1.26
16632,1342,20,20,0.95
16634,1342,17,20,0.82
16645,1342,34,23,1.60
16646,1342,24,9,1.80
16647,1342,23,20,1.16
16658,1342,15,7,1.27
16659,1342,18,3,1.68
16665,1342,20,22,0.87
16667,1342,20,10,1.68
16668,1342,29,13,1.59
16670,1342,23,20,1.08
16680,1342,16,7,1.50
16739,1342,18,11,1.27
16740,1342,27,13,1.65
16765,1342,26,22,1.13
16766,1342,20,15,1.41
16803,1342,23,22,1.05
16804,1342,14,17,0.92
16805,1342,24,17,1.21
16806,1342,16,13,1.11
16809,1342,21,11,1.72
16894,1342,15,23,0.71
16895,1342,23,13,1.56
16899,1342,16,20,0.90
16900,1342,24,21,0.98
16905,1342,13,12,0.97
16906,1342,17,23,0.67
16907,1342,24,17,1.22
17001,1342,21,7,1.92
17005,1342,23,17,1.17
17007,1342,25,19,1.20
17049,1342,13,20,0.65
17095,1342,31,27,1.12
17104,1342,12,21,0.62
17111,1342,22,11,1.42
17119,1342,25,14,1.45
17152,1342,21,29,0.75
17186,1342,16,18,0.87
17194,1342,20,8,1.70
17227,1342,24,18,1.20
17228,1342,36,27,1.24
17238,1342,24,21,1.15
17239,1342,19,19,1.00
17252,1342,14,15,0.86
17253,1342,14,15,0.91
17262,1342,16,13,1.17
17263,1342,13,19,0.69
17264,1342,24,9,1.65
17270,1130,10,17,0.75
17283,1342,20,20,1.00
17284,1342,15,17,0.93
17292,1342,25,19,1.36
17293,1342,13,18,0.69
17294,1342,10,2,1.31
17297,1342,17,15,0.97
17298,1342,11,16,0.67
17303,1342,29,20,1.22
17304,1342,7,10,0.76
17328,1342,24,22,1.06
17332,1342,23,12,1.46
17337,1342,15,10,1.18
17339,1342,18,12,1.11
17344,1342,16,16,0.90
17346,1342,21,10,1.45
17348,1342,20,17,1.09
17356,1342,12,16,0.81
17361,1342,15,8,1.32
17364,1342,21,8,1.69
17366,1342,14,15,0.93
17407,1342,5,17,0.28
17408,1342,15,18,0.84
17428,1342,29,13,1.88
17429,1342,15,9,1.13
17492,1342,17,14,1.07
17493,1342,24,8,1.66
