2016,08,15,19:00,22,23,4,471,16,6,13,2,3,4,23,11,17,0.66 
2016,08,15,19:00,22,23,2,471,10,16,9,6,1,10,23,22,13,1.41 
2016,08,15,19:00,22,23,0,471,16,11,5,10,11,1,23,16,15,0.99 
2016,07,31,18:30,23,196,7,498,16,7,12,3,4,4,23,14,12,1.00 
2016,07,31,18:30,196,23,14,498,12,16,7,8,5,8,23,20,21,0.99 
2016,07,27,22:30,23,42,0,503,16,11,11,4,5,7,23,14,15,0.90 
2016,07,27,22:30,42,23,7,503,4,16,4,11,0,5,23,11,12,0.79 
2016,07,27,19:20,225,23,14,487,16,14,8,7,8,7,23,22,21,0.97 
2016,07,27,19:20,23,225,7,487,16,4,12,3,4,1,23,21,9,1.67 
2016,07,27,19:20,225,23,0,487,16,5,13,2,3,3,23,8,16,0.54 
2016,07,27,15:10,42,23,14,487,16,8,12,3,4,5,23,17,20,0.92 
2016,07,27,15:10,23,42,1,487,1,16,1,14,0,2,23,6,14,0.44 
2016,07,27,15:10,23,42,7,487,16,4,12,3,4,1,23,18,9,1.37 
2016,07,26,21:00,23,9,2,471,16,10,7,8,9,2,23,15,17,0.85 
2016,07,26,21:00,23,9,7,471,16,12,6,9,10,3,23,19,17,0.99 
2016,07,26,21:00,23,9,0,471,6,16,3,12,3,4,23,11,19,0.63 
2016,07,26,18:10,30,23,4,503,5,16,4,11,1,5,23,18,11,1.33 
2016,07,25,19:15,23,102,7,471,16,4,13,2,3,2,23,11,6,1.15 
2016,07,25,19:15,23,102,0,471,16,14,4,11,12,3,23,20,22,0.91 
2016,07,21,21:00,195,23,4,498,16,8,9,6,7,2,23,10,20,0.51 
2016,07,21,21:00,195,23,7,498,14,16,8,7,6,9,23,15,19,0.79 
2016,07,21,18:30,102,23,0,498,16,14,9,6,7,8,23,21,21,0.98 
2016,07,21,18:30,23,102,7,498,16,14,9,6,7,8,23,22,18,0.98 
2016,07,14,20:10,23,29,1,515,7,16,4,11,3,5,23,12,15,0.77 
2016,07,14,20:10,29,23,0,515,16,14,7,8,9,6,23,17,19,0.87 
2016,07,14,18:00,23,101,14,515,12,16,8,7,4,9,23,21,21,0.95 
2016,07,14,18:00,101,23,1,515,7,16,4,11,3,5,23,20,13,1.23 
2016,07,12,20:00,23,297,1,499,9,16,5,10,4,6,23,24,18,1.40 
2016,07,12,20:00,297,23,2,499,16,3,13,2,3,1,23,21,17,1.31 
2016,07,04,18:45,23,52,0,487,16,5,11,4,5,1,23,19,9,1.42 
2016,07,04,18:45,23,52,4,487,16,5,11,4,5,1,23,23,13,1.67 
2016,06,30,16:00,30,23,0,487,6,16,5,10,1,6,23,26,11,1.76 
2016,06,30,16:00,23,30,14,487,16,11,9,6,7,5,23,26,15,1.51 
2016,06,29,21:00,102,23,4,537,12,16,8,7,4,9,23,20,22,0.98 
2016,06,29,21:00,23,102,2,537,16,7,9,6,7,1,23,16,16,0.96 
2016,06,29,18:00,23,29,0,498,16,12,11,4,5,8,23,25,16,1.39 
2016,06,29,18:00,29,23,5,498,16,12,8,7,8,5,23,23,22,1.11 
2016,06,29,16:00,23,297,0,536,10,16,8,7,2,9,23,16,20,0.77 
2016,06,28,14:30,23,132,14,536,6,16,5,10,1,6,23,13,16,0.85 
2016,06,28,14:30,23,132,0,536,16,12,9,6,7,6,23,21,21,1.04 
2016,06,28,14:30,132,23,7,536,16,11,6,9,10,2,23,16,22,0.71 
2016,06,27,19:00,23,52,7,536,16,2,14,1,2,1,23,14,8,1.23 
2016,06,27,19:00,52,23,1,536,16,11,6,9,10,2,23,15,19,0.81 
2016,06,27,19:00,52,23,0,536,10,16,8,7,2,9,23,18,16,1.03 
2016,06,23,21:15,49,23,7,515,5,16,5,10,0,6,23,25,12,1.73 
2016,06,23,21:15,49,23,2,515,13,16,8,7,5,9,23,23,19,1.06 
2016,06,14,20:20,23,311,7,515,16,10,7,8,9,2,23,24,12,1.46 
2016,06,14,20:20,311,23,0,515,3,16,3,12,0,4,23,17,9,1.45 
2016,06,14,18:15,23,301,7,498,16,10,8,7,8,3,23,23,16,1.32 
2016,06,14,18:15,301,23,4,498,11,16,6,9,5,7,23,22,18,1.23 
2016,06,13,20:30,23,177,7,498,14,16,5,10,9,6,23,18,18,0.92 
2016,06,13,20:30,177,23,0,498,11,16,4,11,7,5,23,15,15,0.93 
2016,06,13,18:15,23,297,7,498,14,16,9,6,5,10,23,13,20,0.65 
2016,06,13,18:15,297,23,1,498,16,9,10,5,6,4,23,12,22,0.55 
2016,06,12,13:00,102,23,14,553,16,10,10,5,6,5,23,10,19,0.59 
2016,06,12,13:00,102,23,0,553,14,16,8,7,6,9,23,25,22,1.13 
2016,06,12,13:00,102,23,2,553,16,3,12,3,4,0,23,14,16,0.99 
2016,06,09,22:00,30,23,0,515,7,16,3,12,4,4,23,11,16,0.65 
2016,06,09,22:00,30,23,2,515,19,16,11,4,4,11,23,27,19,1.23 
2016,06,05,15:30,380,29,7,546,10,16,6,9,4,7,380,18,19,0.93 
2016,06,05,15:30,380,29,14,546,12,16,4,11,8,5,380,18,22,0.84 
2016,06,05,12:00,49,380,1,546,14,16,10,5,4,11,380,18,24,0.78 
2016,06,05,12:00,49,380,7,546,14,16,10,5,4,11,380,24,20,1.10 
2016,06,02,17:10,380,132,2,536,7,16,7,8,0,8,380,12,16,0.73 
2016,06,02,17:10,380,132,0,536,12,16,8,7,4,9,380,21,18,1.21 
2016,06,02,17:10,380,132,7,536,16,5,11,4,5,1,380,18,12,1.18 
2016,06,01,22:00,102,380,4,515,7,16,7,8,0,8,380,29,15,1.77 
2016,06,01,22:00,380,102,14,515,16,9,9,6,7,3,380,28,14,1.76 
2016,06,01,17:00,49,380,14,536,3,16,2,13,1,3,380,11,7,1.09 
2016,06,01,17:00,380,49,7,536,16,12,7,8,9,4,380,27,17,1.33 
2016,05,29,15:10,380,158,2,561,16,14,11,4,5,10,380,28,20,1.42 
2016,05,29,15:10,380,158,7,561,16,9,7,8,9,1,380,22,12,1.32 
2016,05,28,17:15,380,403,7,561,16,2,13,2,3,0,380,18,8,1.55 
2016,05,28,17:15,380,403,0,561,16,6,11,4,5,2,380,27,11,1.78 
2016,05,26,18:00,297,380,0,515,16,11,10,5,6,6,380,25,21,1.15 
2016,05,26,18:00,380,297,4,515,16,14,9,6,7,8,380,25,21,1.10 
2016,05,22,09:00,380,215,14,567,12,16,10,5,2,11,380,17,21,0.75 
2016,05,22,09:00,215,380,4,567,16,9,12,3,4,6,380,16,21,0.83 
2016,05,21,20:15,380,8,1,567,12,16,7,8,5,8,380,16,18,0.81 
2016,05,21,20:15,380,8,0,567,11,16,10,5,1,11,380,28,17,1.51 
2016,05,20,21:00,380,9,7,567,16,5,11,4,5,1,380,24,10,1.80 
2016,05,20,21:00,380,9,2,567,16,1,14,1,2,0,380,17,6,1.67 
2016,05,19,16:30,215,380,2,567,17,19,9,6,6,9,380,29,22,1.17 
2016,05,19,16:30,380,215,0,567,16,9,7,8,9,1,380,19,14,1.18 
2016,05,19,16:30,215,380,4,567,16,11,9,6,7,5,380,17,25,0.65 
2016,05,14,18:00,439,9,14,573,6,16,5,10,1,6,439,15,18,0.96 
2016,05,14,16:00,59,439,0,573,16,10,7,8,9,2,439,17,19,0.92 
2016,05,11,20:00,439,302,14,579,13,16,5,10,8,6,439,13,23,0.66 
2016,05,11,20:00,302,439,0,579,16,5,10,5,6,0,439,13,18,0.77 
2016,05,10,18:10,152,439,7,579,4,16,4,11,0,5,439,14,11,0.98 
2016,05,10,18:10,152,439,0,579,6,16,6,9,0,7,439,18,12,1.21 
2016,05,08,21:00,302,439,0,536,4,16,3,12,1,4,439,18,7,1.60 
2016,05,08,21:00,439,302,4,536,14,16,10,5,4,11,439,17,21,0.83 
2016,05,08,21:00,302,439,7,536,8,16,7,8,1,8,439,17,13,1.09 
2016,04,27,20:45,439,13,7,536,16,2,13,2,3,0,439,18,9,1.60 
2016,04,27,20:45,439,13,4,536,16,4,14,1,2,3,439,18,14,1.20 
2016,04,26,21:00,59,439,14,579,16,14,8,7,8,7,439,21,20,0.99 
2016,04,26,21:00,439,59,4,579,9,16,3,12,6,4,439,12,18,0.70 
2016,04,26,18:00,439,9,7,579,16,11,5,10,11,1,439,20,15,1.17 
2016,04,26,18:00,9,439,0,579,12,16,12,3,0,13,439,21,19,1.01 
2016,04,24,18:45,439,9,7,573,16,11,6,9,10,2,439,27,17,1.35 
2016,04,24,18:45,439,9,4,573,16,12,11,4,5,8,439,17,18,0.90 
2016,04,24,15:00,384,439,14,573,12,16,5,10,7,6,439,22,20,1.20 
2016,04,24,15:00,439,384,1,573,16,6,11,4,5,2,439,14,14,0.91 
2016,04,19,18:00,439,302,4,605,8,16,4,11,4,5,439,9,14,0.73 
2016,04,19,18:00,302,439,7,605,16,14,8,7,8,7,439,26,18,1.28 
2016,04,13,14:00,439,250,7,608,8,16,2,13,6,3,439,16,19,0.92 
2016,04,12,17:00,439,253,0,608,9,16,5,10,4,6,439,9,18,0.55 
2016,04,06,20:30,439,59,1,590,6,16,5,10,1,6,439,13,17,0.81 
2016,04,06,20:30,59,439,0,590,16,5,10,5,6,0,439,14,19,0.75 
2016,03,29,18:50,439,49,2,605,16,1,14,1,2,0,439,16,5,1.70 
2016,03,29,18:50,439,49,14,605,14,16,10,5,4,11,439,34,18,1.68 
2016,03,29,18:50,49,439,7,605,8,16,5,10,3,6,439,17,15,1.09 
2016,03,28,21:00,507,439,14,579,8,16,5,10,3,6,439,11,17,0.74 
2016,03,28,21:00,507,439,0,579,16,19,5,10,10,5,439,36,25,1.39 
2016,03,28,18:00,439,384,14,579,16,7,13,2,3,5,439,20,13,1.31 
2016,03,28,18:00,439,384,2,579,6,16,6,9,0,7,439,14,17,0.85 
2016,03,28,18:00,384,439,1,579,9,16,8,7,1,9,439,22,18,1.22 
2016,03,24,21:00,439,177,1,579,19,22,9,6,6,9,439,20,33,0.64 
2016,03,24,21:00,439,177,14,579,16,8,10,5,6,3,439,24,16,1.32 
2016,03,24,21:00,177,439,0,579,16,11,12,3,4,8,439,18,21,0.85 
2016,03,23,19:00,439,365,2,579,16,14,7,8,9,6,439,31,18,1.50 
2016,03,21,22:15,439,287,14,605,19,17,5,10,10,5,439,24,26,0.86 
2016,03,21,22:15,287,439,7,605,5,16,4,11,1,5,439,21,11,1.50 
2016,03,17,21:30,439,507,2,536,16,12,8,7,8,5,439,31,16,1.71 
2016,03,17,21:30,439,507,0,536,14,16,9,6,5,10,439,20,22,0.87 
2016,03,17,21:30,507,439,14,536,17,19,6,9,9,6,439,24,26,0.86 
2016,03,16,22:00,364,439,2,593,16,8,9,6,7,2,439,17,19,0.93 
2016,03,14,22:00,439,13,7,625,16,8,8,7,8,1,439,19,13,1.25 
2016,03,14,22:00,439,13,2,625,19,17,7,8,8,7,439,39,25,1.48 
2016,03,14,20:00,379,439,0,593,16,11,10,5,6,6,439,19,21,1.03 
2016,03,13,15:40,22,439,14,625,3,16,3,12,0,4,439,14,12,1.01 
2016,03,13,15:40,22,439,7,625,13,16,7,8,6,8,439,27,21,1.44 
2016,03,13,13:00,196,439,7,625,14,16,9,6,5,10,439,14,22,0.67 
2016,03,13,13:00,196,439,1,625,12,16,6,9,6,7,439,16,17,0.84 
2016,03,02,20:00,439,13,14,638,3,16,3,12,0,4,439,7,16,0.56 
2016,03,02,20:00,13,439,2,638,16,1,14,1,2,0,439,4,17,0.20 
2016,02,26,22:45,537,303,4,639,2,16,2,13,0,3,537,9,17,0.50 
2016,02,26,19:00,214,537,14,639,16,1,14,1,2,0,537,9,17,0.51 
2016,02,24,23:30,439,472,14,638,16,6,10,5,6,1,439,22,11,1.53 
2016,02,24,23:30,472,439,7,638,16,9,8,7,8,2,439,8,21,0.42 
2016,02,24,21:35,196,439,14,638,14,16,11,4,3,12,439,19,20,0.88 
2016,02,24,21:35,439,196,7,638,16,7,13,2,3,5,439,19,13,1.22 
2016,02,24,19:00,152,439,14,605,8,16,4,11,4,5,439,20,19,1.11 
2016,02,24,19:00,152,439,7,605,13,16,4,11,9,5,439,32,17,1.54 
2016,02,23,23:45,453,439,0,638,12,16,5,10,7,6,439,15,18,0.84 
2016,02,23,23:45,439,453,7,638,19,15,3,12,12,3,439,31,22,1.32 
2016,02,13,12:00,439,472,4,654,7,16,7,8,0,8,439,10,20,0.52 
2016,02,13,12:00,472,439,7,654,16,14,8,7,8,7,439,17,17,0.92 
2016,02,12,13:00,642,439,14,654,18,21,4,11,11,4,439,32,24,1.19 
2016,02,12,13:00,439,642,2,654,6,16,3,12,3,4,439,8,19,0.44 
2016,02,12,13:00,439,642,0,654,16,10,12,3,4,7,439,23,13,1.30 
2016,02,11,14:45,439,13,14,654,10,16,9,6,1,10,439,13,18,0.74 
2016,02,11,14:45,439,13,2,654,11,16,6,9,5,7,439,9,21,0.48 
2016,02,11,14:45,13,439,4,654,14,16,7,8,7,8,439,23,22,0.99 
2016,01,19,17:00,439,22,14,669,9,16,5,10,4,6,439,20,21,1.12 
2016,01,19,17:00,439,22,0,669,5,16,5,10,0,6,439,14,17,0.82 
2016,01,07,21:45,439,312,14,681,3,16,1,14,2,2,439,15,17,0.87 
2016,01,07,21:45,439,312,2,681,13,16,10,5,3,11,439,21,21,0.97 
2015,12,18,19:00,22,439,4,695,6,16,5,10,1,6,439,13,13,0.91 
2015,12,18,19:00,439,22,2,695,16,12,8,7,8,5,439,18,17,0.98 
2015,12,18,19:00,22,439,7,695,16,9,8,7,8,2,439,24,20,1.41 
2015,12,17,21:00,642,439,0,695,6,16,6,9,0,7,439,20,13,1.41 
2015,12,17,21:00,642,439,14,695,3,16,3,12,0,4,439,23,10,1.86 
2015,12,16,21:00,214,439,1,695,13,16,11,4,2,12,439,16,22,0.76 
2015,12,16,21:00,439,214,0,695,16,1,14,1,2,0,439,28,7,2.78 
2015,12,15,22:25,439,755,7,701,16,2,13,2,3,0,439,22,7,1.81 
2015,12,15,18:30,439,755,0,701,16,7,10,5,6,2,439,32,9,2.16 
2015,12,15,18:30,439,755,4,701,19,21,5,10,10,5,439,29,29,0.93 
2015,12,15,18:30,439,755,7,701,16,3,12,3,4,0,439,14,11,1.08 
2015,12,14,17:30,439,639,0,701,16,5,11,4,5,1,439,22,12,1.53 
2015,12,14,17:30,439,639,7,701,16,2,13,2,3,0,439,13,9,1.14 
2015,12,10,21:00,439,647,14,654,16,8,8,7,8,1,439,24,13,1.48 
2015,12,10,21:00,647,439,7,654,5,16,5,10,0,6,439,24,13,1.57 
2015,12,03,20:00,439,214,7,654,15,21,5,10,10,5,439,31,29,1.07 
2015,12,03,20:00,214,439,0,654,21,19,11,4,4,11,439,30,24,1.16 
2015,12,02,21:15,439,743,4,657,16,14,8,7,8,7,439,28,22,1.33 
2015,12,02,21:15,743,439,0,657,16,14,8,7,8,7,439,21,24,0.84 
2015,12,02,21:15,439,743,7,657,16,12,8,7,8,5,439,25,17,1.25 
2015,12,01,23:30,439,819,0,723,16,1,14,1,2,0,439,18,6,1.72 
2015,12,01,21:15,654,439,2,657,5,16,4,11,1,5,439,21,13,1.42 
2015,12,01,21:15,654,439,7,657,15,19,8,7,7,8,439,25,21,1.18 
2015,12,01,18:30,439,820,4,723,16,8,10,5,6,3,439,22,18,1.21 
2015,12,01,18:30,820,439,7,723,12,16,7,8,5,8,439,22,21,1.13 
2015,12,01,18:30,820,439,14,723,16,10,10,5,6,5,439,15,19,0.79 
2015,11,30,20:30,490,439,7,652,16,13,5,10,11,3,439,22,25,0.97 
2015,11,30,20:30,439,490,14,652,14,16,8,7,6,9,439,26,19,1.20 
2015,11,30,20:30,439,490,0,652,16,11,11,4,5,7,439,19,21,0.92 
2015,11,30,17:30,819,439,14,723,6,16,2,13,4,3,439,15,12,1.15 
2015,11,30,17:30,439,819,0,723,16,7,10,5,6,2,439,14,13,0.94 
2015,11,29,19:00,52,439,7,652,19,17,10,5,5,10,439,24,25,0.97 
2015,11,29,19:00,52,439,2,652,16,8,11,4,5,4,439,17,21,0.79 
2015,11,28,16:00,490,439,7,652,9,16,6,9,3,7,439,22,13,1.36 
2015,11,28,16:00,439,490,14,652,16,3,12,3,4,0,439,16,7,1.46 
2015,11,24,18:30,841,755,4,732,11,16,7,8,4,8,841,10,9,1.05 
2015,11,18,02:00,759,439,2,744,11,16,7,8,4,8,439,17,15,1.00 
2015,11,17,23:00,702,439,14,744,16,10,7,8,9,2,439,19,20,0.91 
2015,11,17,19:00,439,303,7,744,13,16,7,8,6,8,439,30,22,1.24 
2015,11,09,18:05,258,439,7,696,16,11,10,5,6,6,439,23,23,1.00 
2015,11,09,18:05,439,258,14,696,12,16,6,9,6,7,439,19,20,0.99 
2015,11,05,20:00,439,302,0,654,10,16,2,13,8,3,439,25,19,1.38 
2015,11,05,20:00,302,439,2,654,14,16,10,5,4,11,439,17,23,0.78 
2015,11,05,18:00,642,439,4,741,16,2,13,2,3,0,439,9,17,0.50 
2015,11,05,18:00,642,439,2,741,16,11,8,7,8,4,439,18,20,0.90 
2015,11,04,18:00,147,439,0,654,16,8,10,5,6,3,439,17,20,0.95 
2015,11,04,18:00,147,439,7,654,6,16,3,12,3,4,439,27,14,1.74 
2015,10,27,21:00,59,439,4,654,12,16,7,8,5,8,439,30,19,1.47 
2015,10,27,21:00,59,439,7,654,16,9,9,6,7,3,439,21,17,1.17 
2015,10,23,21:00,13,439,2,593,16,11,10,5,6,6,439,21,20,1.01 
2015,10,23,21:00,13,439,0,593,14,16,11,4,3,12,439,18,19,0.90 
2015,10,23,21:00,13,439,7,593,16,6,12,3,4,3,439,18,19,0.95 
2015,10,20,20:00,383,439,2,654,18,21,11,4,4,11,439,39,22,1.50 
2015,10,20,20:00,383,439,14,654,16,7,12,3,4,4,439,20,18,1.16 
2015,10,19,19:00,314,439,7,593,17,21,8,7,7,8,439,31,27,1.07 
2015,10,19,19:00,439,314,14,593,16,8,12,3,4,5,439,23,12,1.45 
2015,10,18,22:20,13,439,14,741,16,10,10,5,6,5,439,12,20,0.62 
2015,10,18,22:20,439,13,4,741,11,16,5,10,6,6,439,20,20,1.02 
2015,10,18,18:00,439,472,7,741,6,16,5,10,1,6,439,18,17,1.00 
2015,10,18,18:00,439,472,0,741,16,13,8,7,8,6,439,23,23,1.11 
2015,10,15,22:45,292,439,2,783,12,16,4,11,8,5,439,25,23,1.06 
2015,10,15,22:45,439,292,7,783,10,16,6,9,4,7,439,23,20,1.20 
2015,10,15,21:00,439,13,2,783,16,13,11,4,5,9,439,24,18,1.16 
2015,10,15,21:00,13,439,14,783,5,16,3,12,2,4,439,26,9,1.89 
2015,10,15,18:00,214,439,4,783,9,16,9,6,0,10,439,24,14,1.37 
2015,10,15,18:00,439,214,14,783,16,10,9,6,7,4,439,23,16,1.28 
2015,10,14,22:45,439,472,1,783,9,16,4,11,5,5,439,16,18,0.95 
2015,10,14,22:45,472,439,7,783,11,16,7,8,4,8,439,18,21,0.82 
2015,10,14,18:10,439,13,0,696,5,16,5,10,0,6,439,10,18,0.54 
2015,10,14,18:10,13,439,2,696,16,5,11,4,5,1,439,11,19,0.65 
2015,10,14,18:10,13,439,4,696,21,25,10,5,5,10,439,43,30,1.42 
2015,10,13,20:00,196,439,7,783,5,16,5,10,0,6,439,20,12,1.37 
2015,10,13,20:00,439,196,0,783,10,16,9,6,1,10,439,24,21,1.15 
2015,10,11,17:40,934,935,0,786,14,16,9,6,5,10,934,31,20,1.46 
2015,10,11,17:40,934,935,14,786,4,16,3,12,1,4,934,16,16,1.09 
2015,10,11,17:40,934,935,1,786,8,16,6,9,2,7,934,17,20,1.04 
2015,10,11,17:40,935,934,2,786,9,16,5,10,4,6,934,25,19,1.43 
2015,10,11,10:45,934,937,1,786,16,10,6,9,10,1,934,16,17,0.98 
2015,10,11,10:45,937,934,2,786,7,16,6,9,1,7,934,27,11,1.86 
2015,10,11,10:45,934,937,14,786,14,16,6,9,8,7,934,23,21,1.02 
2015,10,10,11:00,934,138,1,786,16,12,13,2,3,10,934,28,16,1.45 
2015,10,10,11:00,138,934,2,786,7,16,7,8,0,8,934,11,16,0.72 
2015,10,09,17:00,934,935,14,786,19,16,5,10,10,5,934,19,29,0.69 
2015,10,09,12:40,934,943,7,786,16,11,9,6,7,5,934,21,19,1.02 
2015,10,06,22:00,439,302,2,741,2,16,2,13,0,3,439,8,17,0.51 
2015,10,06,22:00,439,302,4,741,11,16,8,7,3,9,439,21,21,1.07 
2015,10,06,18:00,584,439,2,741,16,3,14,1,2,2,439,6,17,0.41 
2015,10,06,18:00,584,439,14,741,16,4,12,3,4,1,439,8,19,0.46 
2015,10,05,20:30,22,439,14,783,16,5,10,5,6,0,439,12,19,0.69 
2015,10,05,20:30,439,22,0,783,6,16,5,10,1,6,439,17,19,0.91 
2015,10,03,19:15,196,439,0,570,16,5,13,2,3,3,439,11,20,0.59 
2015,10,03,19:15,439,196,1,570,16,19,7,8,8,7,439,24,21,1.02 
2015,10,03,15:30,439,642,4,796,16,10,12,3,4,7,439,24,14,1.30 
2015,10,03,15:30,439,642,14,796,7,16,6,9,1,7,439,7,20,0.36 
2015,10,03,15:30,642,439,0,796,9,16,7,8,2,8,439,18,17,1.07 
2015,10,03,13:00,439,949,7,796,16,13,8,7,8,6,439,22,20,1.11 
2015,10,03,13:00,439,949,0,796,16,5,12,3,4,2,439,22,10,1.55 
2015,10,01,20:15,934,954,14,799,16,6,10,5,6,1,934,23,13,1.42 
2015,10,01,20:15,934,954,0,799,9,16,7,8,2,8,934,18,16,1.01 
2015,10,01,20:15,954,934,7,799,14,16,6,9,8,7,934,22,21,1.19 
2015,10,01,18:00,439,945,4,741,16,12,7,8,9,4,439,30,22,1.40 
2015,10,01,18:00,439,945,14,741,16,11,11,4,5,7,439,26,19,1.45 
2015,09,30,21:25,13,439,7,593,16,13,10,5,6,8,439,29,16,1.44 
2015,09,30,21:25,13,439,2,593,16,11,6,9,10,2,439,13,18,0.76 
2015,09,30,18:15,439,890,2,741,16,8,12,3,4,5,439,22,14,1.28 
2015,09,30,18:15,890,439,7,741,12,16,8,7,4,9,439,20,18,0.99 
2015,09,29,22:00,439,314,4,741,13,16,7,8,6,8,439,20,20,1.11 
2015,09,29,22:00,439,314,0,741,8,16,3,12,5,4,439,22,16,1.28 
2015,09,23,22:22,384,439,1,766,16,1,14,1,2,0,439,7,16,0.39 
2015,09,23,22:22,384,439,0,766,16,14,7,8,9,6,439,23,20,1.11 
2015,09,23,22:15,384,439,7,766,14,16,9,6,5,10,439,19,23,0.87 
2015,09,23,15:30,439,291,0,766,10,16,8,7,2,9,439,18,20,1.06 
2015,09,23,15:30,439,291,4,766,11,16,6,9,5,7,439,19,23,0.86 
2015,09,23,15:30,291,439,1,766,17,19,4,11,11,4,439,28,21,1.22 
2015,09,15,20:00,968,439,4,796,8,16,5,10,3,6,439,27,14,1.59 
2015,09,15,20:00,439,968,0,796,16,2,13,2,3,0,439,20,9,1.66 
2015,09,14,21:00,957,934,0,799,16,10,7,8,9,2,934,16,19,0.91 
2015,09,14,20:00,103,934,7,799,10,16,8,7,2,9,934,25,17,1.33 
2015,09,13,18:00,380,719,1,766,16,12,8,7,8,5,380,17,18,0.88 
2015,09,13,18:00,380,719,7,766,16,5,13,2,3,3,380,19,11,1.37 
2015,09,13,15:30,776,380,1,766,12,16,6,9,6,7,380,22,17,1.23 
2015,09,13,15:30,380,776,4,766,16,11,9,6,7,5,380,23,19,1.13 
2015,09,13,12:00,944,380,7,766,8,16,7,8,1,8,380,25,17,1.49 
2015,09,13,12:00,380,944,4,766,16,3,12,3,4,0,380,18,12,1.34 
2015,09,08,20:00,59,380,2,783,14,16,12,3,2,13,380,19,20,0.94 
2015,09,08,20:00,380,59,4,783,9,16,6,9,3,7,380,23,19,1.31 
2015,09,06,15:00,380,302,14,766,18,21,7,8,8,7,380,24,24,1.01 
2015,09,06,15:00,302,380,0,766,16,4,11,4,5,0,380,15,17,0.95 
2015,09,06,12:00,380,719,0,766,16,11,9,6,7,5,380,25,17,1.48 
2015,09,06,12:00,380,719,1,766,14,16,7,8,7,8,380,25,23,1.04 
2015,09,06,12:00,380,719,7,766,16,9,12,3,4,6,380,16,16,1.06 
2015,09,03,19:30,380,967,7,796,16,5,10,5,6,0,380,15,11,1.12 
2015,09,03,19:30,380,967,0,796,16,9,10,5,6,4,380,20,17,1.14 
2015,09,01,23:45,380,458,7,836,9,16,6,9,3,7,380,19,16,1.07 
2015,09,01,23:45,380,458,0,836,16,2,13,2,3,0,380,21,10,1.63 
2015,09,01,22:00,52,380,7,836,24,26,4,11,11,4,380,35,36,0.93 
2015,09,01,19:00,380,458,2,836,13,16,11,4,2,12,380,18,23,0.79 
2015,09,01,19:00,380,458,0,836,16,14,9,6,7,8,380,31,19,1.76 
2015,09,01,19:00,458,380,7,836,16,11,13,2,3,9,380,23,21,1.22 
2015,08,31,20:45,52,380,0,836,7,16,6,9,1,7,380,19,15,1.10 
2015,08,31,20:45,380,52,7,836,16,4,11,4,5,0,380,16,10,1.16 
2015,08,30,20:30,825,380,0,833,16,6,12,3,4,3,380,10,18,0.58 
2015,08,27,18:00,22,380,14,841,14,16,8,7,6,9,380,23,18,1.26 
2015,08,27,18:00,380,22,4,841,19,17,8,7,7,8,380,32,18,1.31 
2015,08,27,18:00,22,380,2,841,16,14,12,3,4,11,380,23,22,0.95 
2015,08,26,22:45,380,945,7,783,19,22,7,8,8,7,380,28,29,0.95 
2015,08,26,22:45,945,380,0,783,10,16,10,5,0,11,380,18,17,1.20 
2015,08,26,18:00,380,214,1,843,9,16,9,6,0,10,380,9,20,0.49 
2015,08,26,18:00,214,380,2,843,16,11,7,8,9,3,380,17,23,0.78 
2015,08,24,17:30,1026,458,0,845,8,16,2,13,6,3,458,7,19,0.44 
2015,08,24,17:30,1026,458,1,845,6,16,3,12,3,4,458,13,15,0.81 
2015,08,19,18:00,888,380,7,741,9,16,3,12,6,4,380,20,17,1.07 
2015,08,19,18:00,888,380,0,741,14,16,9,6,5,10,380,26,21,1.24 
2015,08,18,20:30,980,380,7,783,4,16,3,12,1,4,380,12,14,0.86 
2015,08,18,20:30,380,980,0,783,9,16,8,7,1,9,380,10,22,0.48 
2015,08,18,20:00,380,369,14,815,13,16,8,7,5,9,380,11,22,0.59 
2015,08,18,20:00,369,380,1,815,16,13,9,6,7,7,380,15,23,0.72 
2015,08,18,20:00,369,380,0,815,8,16,4,11,4,5,380,24,16,1.40 
2015,08,18,19:00,314,380,7,815,10,16,8,7,2,9,380,27,17,1.44 
2015,08,14,18:00,380,22,14,854,6,16,5,10,1,6,380,17,17,0.99 
2015,08,14,18:00,22,380,4,854,16,10,13,2,3,8,380,20,20,1.05 
2015,08,14,18:00,380,22,0,854,16,5,13,2,3,3,380,34,9,2.48 
2015,08,14,18:00,22,380,7,854,10,16,8,7,2,9,380,28,15,1.47 
2015,08,14,18:00,380,22,1,854,10,16,4,11,6,5,380,14,17,0.87 
2015,08,13,21:00,490,380,7,854,4,16,3,12,1,4,380,13,11,1.03 
2015,08,13,21:00,380,490,0,854,16,5,14,1,2,4,380,13,12,1.03 
2015,08,13,21:00,380,490,14,854,8,16,7,8,1,8,380,13,17,0.84 
2015,08,12,21:00,137,380,7,820,9,16,6,9,3,7,380,13,15,0.85 
2015,08,12,21:00,137,380,2,820,12,16,5,10,7,6,380,23,16,1.24 
2015,08,12,21:00,380,137,0,820,11,16,6,9,5,7,380,17,22,0.89 
2015,08,12,18:15,380,472,7,857,5,16,4,11,1,5,380,9,17,0.60 
2015,08,12,18:15,472,380,1,857,13,16,4,11,9,5,380,21,20,0.98 
2015,08,12,18:15,380,472,0,857,10,16,5,10,5,6,380,12,23,0.52 
2015,08,10,18:00,1033,380,2,741,2,16,1,14,1,2,380,19,9,1.64 
2015,08,10,18:00,380,1033,0,741,16,11,7,8,9,3,380,28,15,1.53 
2015,08,08,18:00,380,914,14,820,16,4,14,1,2,3,380,18,13,1.24 
2015,08,08,18:00,914,380,7,820,10,16,8,7,2,9,380,16,20,0.86 
2015,07,26,17:30,292,59,7,872,9,16,2,13,7,3,292,21,20,1.06 
2015,07,26,16:35,724,292,7,872,5,16,2,13,3,3,292,17,14,1.14 
2015,07,26,14:15,711,292,14,872,16,5,10,5,6,0,292,9,18,0.50 
2015,07,19,18:00,292,945,7,593,10,16,6,9,4,7,292,20,16,1.11 
2015,07,19,18:00,945,292,2,593,16,11,10,5,6,6,292,14,19,0.76 
2015,06,25,21:00,292,13,14,882,15,19,12,3,3,12,292,27,25,1.10 
2015,06,25,21:00,292,13,7,882,3,16,3,12,0,4,292,7,17,0.42 
2015,06,25,12:30,292,1055,4,882,16,12,11,4,5,8,292,15,17,0.85 
2015,06,25,12:30,292,1055,7,882,16,12,6,9,10,3,292,13,21,0.65 
2015,06,25,12:30,1055,292,14,882,16,6,10,5,6,1,292,10,20,0.61 
2015,06,24,23:00,292,13,14,882,10,16,9,6,1,10,292,12,21,0.77 
2015,06,24,23:00,292,13,0,882,11,16,10,5,1,11,292,13,22,0.64 
2015,06,20,11:30,292,1054,1,892,9,16,9,6,0,10,292,8,20,0.45 
2015,06,20,11:30,258,292,7,892,16,8,11,4,5,4,292,13,20,0.61 
2015,06,19,19:00,292,215,14,892,16,8,11,4,5,4,292,16,17,0.89 
2015,06,19,19:00,13,292,0,892,16,5,11,4,5,1,292,12,18,0.65 
2015,06,19,12:45,292,59,4,892,16,6,10,5,6,1,292,18,11,1.36 
2015,06,17,22:35,23,292,4,802,13,16,9,6,4,10,292,19,20,0.97 
2015,06,17,22:35,292,23,0,802,8,16,7,8,1,8,292,11,19,0.58 
2015,06,17,20:00,517,292,4,883,19,16,9,6,6,9,292,26,24,1.01 
2015,06,17,20:00,292,517,7,883,18,22,5,10,10,5,292,27,26,0.97 
2015,06,11,23:15,1054,292,4,894,10,16,5,10,5,6,292,13,15,0.83 
2015,06,11,23:15,292,1054,14,894,16,12,7,8,9,4,292,22,20,1.06 
2015,06,11,23:15,1054,292,0,894,16,12,7,8,9,4,292,12,25,0.53 
2015,06,11,18:00,292,711,7,894,16,19,7,8,8,7,292,24,23,1.03 
2015,06,11,18:00,711,292,14,894,16,3,12,3,4,0,292,7,18,0.41 
2015,06,09,22:00,292,8,1,802,8,16,6,9,2,7,292,12,20,0.60 
2015,06,09,22:00,292,8,4,802,7,16,6,9,1,7,292,14,17,0.92 
2015,06,09,18:10,292,1054,1,654,14,16,10,5,4,11,292,22,19,1.09 
2015,06,09,18:10,1054,292,0,654,16,2,14,1,2,1,292,7,17,0.40 
2015,06,09,18:10,292,1054,14,654,16,5,11,4,5,1,292,19,9,1.35 
2015,06,04,20:00,292,676,7,841,16,12,6,9,10,3,292,19,14,1.10 
2015,06,03,22:15,676,292,7,883,11,16,6,9,5,7,292,25,18,1.24 
2015,06,03,22:15,292,676,0,883,16,7,12,3,4,4,292,15,12,1.09 
2015,06,03,18:00,292,215,4,802,9,16,5,10,4,6,292,12,19,0.76 
2015,06,03,18:00,292,215,0,802,10,16,5,10,5,6,292,20,22,0.90 
2015,06,02,21:00,215,292,0,883,16,2,14,1,2,1,292,4,16,0.31 
2015,06,02,21:00,292,215,1,883,16,10,8,7,8,3,292,21,15,1.22 
2015,06,02,18:00,292,13,14,593,9,16,7,8,2,8,292,16,22,0.68 
2015,06,02,18:00,292,13,7,593,12,16,7,8,5,8,292,10,21,0.49 
2015,06,01,18:00,22,292,7,802,9,16,8,7,1,9,292,11,18,0.62 
2015,06,01,18:00,22,292,0,802,16,9,8,7,8,2,292,12,21,0.69 
2015,05,27,19:00,292,676,2,914,16,13,13,2,3,11,292,15,23,0.72 
2015,05,27,19:00,292,676,4,914,16,12,9,6,7,6,292,14,21,0.79 
2015,05,27,19:00,292,676,0,914,14,16,6,9,8,7,292,22,20,1.00 
2015,05,27,19:00,292,676,7,914,16,11,9,6,7,5,292,18,13,1.04 
2015,05,26,22:00,292,23,7,894,16,11,12,3,4,8,292,19,14,1.28 
2015,05,26,22:00,23,292,1,894,19,22,7,8,8,7,292,27,25,0.97 
2015,05,26,19:00,59,292,7,654,16,3,12,3,4,0,292,8,18,0.39 
2015,05,26,19:00,59,292,2,654,16,3,12,3,4,0,292,4,18,0.22 
2015,05,26,19:00,292,59,0,654,16,8,12,3,4,5,292,19,15,1.11 
2015,05,21,23:00,8,292,14,593,16,13,11,4,5,9,292,12,23,0.59 
2015,05,21,22:15,292,8,0,593,14,16,13,2,1,14,292,18,22,0.85 
2015,05,20,23:00,945,292,7,841,11,16,3,12,8,4,292,23,14,1.30 
2015,05,20,20:15,292,214,0,883,16,2,13,2,3,0,292,16,5,1.46 
2015,05,20,18:15,258,292,4,894,5,16,2,13,3,3,292,9,15,0.62 
2015,05,20,18:15,292,258,7,894,19,16,10,5,5,10,292,25,21,1.16 
2015,05,19,22:15,1067,292,1,914,17,19,3,12,12,3,292,18,29,0.62 
2015,05,19,22:15,292,1067,0,914,16,6,10,5,6,1,292,9,12,0.82 
2015,05,19,22:15,292,1067,7,914,10,16,9,6,1,10,292,14,23,0.61 
2015,05,19,20:00,292,250,2,883,8,16,8,7,0,9,292,12,20,0.63 
2015,05,19,20:00,292,250,0,883,9,16,8,7,1,9,292,16,19,0.82 
2015,05,19,18:00,214,292,7,918,16,10,13,2,3,8,292,12,19,0.72 
2015,05,19,18:00,292,214,2,918,14,16,12,3,2,13,292,15,20,0.83 
2015,05,18,20:00,292,1045,4,883,13,16,6,9,7,7,292,20,23,0.88 
2015,05,18,20:00,1045,292,0,883,5,16,2,13,3,3,292,15,15,1.02 
2015,05,14,23:00,59,292,7,883,19,17,9,6,6,9,292,21,21,0.97 
2015,05,14,23:00,292,59,4,883,16,13,5,10,11,3,292,18,22,0.86 
2015,05,13,19:00,292,1052,0,918,16,7,9,6,7,1,292,13,17,0.76 
2015,05,13,19:00,292,1052,1,918,7,16,2,13,5,3,292,11,18,0.63 
2015,05,13,19:00,1052,292,7,918,7,16,4,11,3,5,292,18,13,1.31 
2015,05,12,23:30,292,215,4,593,7,16,5,10,2,6,292,22,18,1.12 
2015,05,12,22:00,215,292,0,593,13,16,11,4,2,12,292,23,20,1.24 
2015,05,12,18:00,292,196,0,654,11,16,8,7,3,9,292,17,19,0.94 
2015,05,12,18:00,196,292,7,654,12,16,8,7,4,9,292,19,18,1.07 
2015,05,12,18:00,196,292,1,654,16,8,12,3,4,5,292,15,21,0.77 
2015,05,10,22:55,292,196,1,883,16,12,10,5,6,7,292,12,17,0.76 
2015,05,10,22:55,196,292,0,883,13,16,12,3,1,13,292,24,16,1.30 
2015,05,06,22:15,8,292,2,883,16,2,13,2,3,0,292,7,17,0.37 
2015,05,06,22:15,292,8,14,883,12,16,7,8,5,8,292,19,19,0.98 
2015,05,06,19:00,1079,292,14,918,5,16,4,11,1,5,292,14,13,1.06 
2015,05,06,19:00,292,1079,1,918,13,16,9,6,4,10,292,23,19,1.11 
2015,05,06,19:00,1079,292,0,918,8,16,8,7,0,9,292,13,13,0.92 
2015,05,04,22:15,292,945,14,883,16,13,10,5,6,8,292,23,20,1.10 
2015,05,04,20:00,856,292,0,914,13,16,8,7,5,9,292,23,20,1.05 
2015,05,04,20:00,856,292,7,914,15,19,6,9,9,6,292,24,24,0.99 
2015,04,30,19:10,22,292,7,931,16,9,12,3,4,6,292,12,19,0.76 
2015,04,30,19:10,292,22,14,931,6,16,5,10,1,6,292,7,17,0.50 
2015,04,29,20:30,196,292,14,932,16,11,10,5,6,6,292,14,23,0.62 
2015,04,29,20:30,292,196,7,932,13,16,9,6,4,10,292,17,25,0.76 
2015,04,29,20:30,196,292,0,932,21,25,8,7,7,8,292,29,33,0.93 
2015,04,29,18:00,292,287,0,932,16,2,13,2,3,0,292,17,6,1.53 
2015,04,29,18:00,287,292,7,932,12,16,10,5,2,11,292,20,14,1.21 
2015,04,28,20:00,214,292,0,593,12,16,7,8,5,8,292,26,17,1.34 
2015,04,28,19:00,292,214,7,593,14,16,11,4,3,12,292,11,19,0.64 
2015,04,23,21:00,292,384,0,931,16,7,13,2,3,5,292,22,13,1.46 
2015,04,23,21:00,384,292,4,931,10,16,8,7,2,9,292,21,17,1.16 
2015,04,22,19:00,196,292,5,593,5,16,5,10,0,6,292,15,13,0.99 
2015,04,22,18:00,196,292,0,593,4,16,4,11,0,5,292,15,13,1.12 
2015,04,20,21:00,287,292,0,937,16,14,12,3,4,11,292,18,22,0.89 
2015,04,20,21:00,292,287,7,937,16,14,13,2,3,12,292,16,20,0.78 
2015,04,20,21:00,292,287,1,937,8,16,7,8,1,8,292,19,20,1.01 
2015,04,15,23:00,292,13,5,593,6,16,5,10,1,6,292,5,19,0.30 
2015,04,15,21:30,13,292,14,593,16,4,11,4,5,0,292,5,18,0.32 
2015,04,04,16:30,22,292,0,948,16,3,12,3,4,0,292,8,16,0.54 
2015,04,04,13:30,8,292,7,948,16,13,10,5,6,8,292,19,17,1.01 
2015,04,04,13:30,8,292,0,948,16,0,15,0,1,0,292,4,16,0.25 
2015,04,04,10:00,945,292,5,948,10,16,6,9,4,7,292,12,16,0.79 
2015,04,04,10:00,945,292,0,948,16,9,10,5,6,4,292,10,19,0.62 
2015,04,04,10:00,945,292,4,948,6,16,3,12,3,4,292,16,15,0.89 
2015,04,03,22:30,297,292,14,948,11,16,11,4,0,12,292,26,21,1.22 
2015,04,03,22:30,292,297,7,948,9,16,4,11,5,5,292,20,20,0.97 
2015,04,03,22:30,297,292,4,948,4,16,3,12,1,4,292,17,10,1.34 
2015,04,03,15:30,292,314,0,948,16,5,13,2,3,3,292,18,9,1.35 
2015,04,03,15:30,314,292,14,948,16,12,11,4,5,8,292,19,20,0.92 
2015,04,03,15:30,314,292,7,948,11,16,8,7,3,9,292,20,15,1.13 
2015,04,03,12:00,292,1116,1,948,16,10,10,5,6,5,292,18,17,1.02 
2015,04,03,12:00,1116,292,0,948,2,16,2,13,0,3,292,14,11,1.10 
2015,03,21,13:45,945,292,7,953,16,10,12,3,4,7,292,11,21,0.58 
2015,03,21,13:45,945,292,0,953,16,11,12,3,4,8,292,19,20,0.97 
2015,03,20,19:30,292,250,5,953,8,16,7,8,1,8,292,13,20,0.73 
2015,03,20,19:30,250,292,14,953,16,5,11,4,5,1,292,13,20,0.67 
2015,03,08,22:15,297,292,1,931,16,13,10,5,6,8,292,17,23,0.80 
2015,03,08,22:15,297,292,0,931,7,16,5,10,2,6,292,19,14,1.24 
2015,03,08,22:15,292,297,7,931,12,16,11,4,1,12,292,17,21,0.86 
2015,02,14,15:00,292,490,0,959,17,19,11,4,4,11,292,18,25,0.75 
2015,02,14,11:00,291,292,7,959,16,14,11,4,5,10,292,19,20,0.92 
2015,01,15,19:00,841,196,5,965,16,14,13,2,3,12,841,27,18,1.35 
2015,01,15,19:00,841,196,1,965,16,6,13,2,3,4,841,11,10,0.92 
2015,01,15,19:00,196,841,0,965,16,6,10,5,6,1,841,6,16,0.48 
2014,12,23,18:25,841,297,4,970,14,16,8,7,6,9,841,18,22,0.80 
2014,12,23,18:25,297,841,0,970,12,16,7,8,5,8,841,15,19,0.81 
2014,12,23,17:53,297,841,7,970,16,14,13,2,3,12,841,18,24,0.78 
2014,12,19,19:05,841,1149,5,973,6,16,2,13,4,3,841,13,18,0.88 
2014,12,19,19:05,1149,841,0,973,16,1,14,1,2,0,841,8,16,0.58 
2014,12,19,19:05,841,1149,7,973,16,14,8,7,8,7,841,22,21,1.05 
2014,12,11,21:45,215,841,4,965,16,11,8,7,8,4,841,17,22,0.81 
2014,12,11,21:45,841,215,0,965,14,16,7,8,7,8,841,16,24,0.65 
2014,12,11,21:45,215,841,14,965,9,16,8,7,1,9,841,23,13,1.32 
2014,11,27,23:40,250,841,7,983,16,13,11,4,5,9,841,22,22,0.99 
2014,11,27,22:35,500,841,0,983,13,16,6,9,7,7,841,23,20,1.16 
2014,11,27,19:10,301,841,14,983,16,4,15,0,1,4,841,5,18,0.32 
2014,11,03,19:00,934,124,1,993,16,3,12,3,4,0,934,12,5,1.34 
2014,11,03,19:00,934,124,7,993,14,16,8,7,6,9,934,20,21,1.03 
2014,11,03,19:00,934,124,0,993,16,4,11,4,5,0,934,15,10,1.21 
2014,10,22,01:30,841,49,0,1002,16,2,13,2,3,0,841,12,6,1.29 
2014,10,22,01:30,841,49,7,1002,16,14,9,6,7,8,841,14,19,0.75 
2014,10,21,20:20,841,384,14,1002,16,14,9,6,7,8,841,17,22,0.83 
2014,10,21,20:20,384,841,7,1002,14,16,6,9,8,7,841,25,20,1.14 
2014,10,18,23:20,1170,841,0,1005,16,14,11,4,5,10,841,19,21,0.89 
2014,10,17,20:00,934,139,1,993,16,10,10,5,6,5,934,16,19,0.93 
2014,10,15,19:00,841,838,14,1008,16,2,13,2,3,0,841,13,6,1.21 
2014,10,13,18:00,210,841,14,1009,16,9,13,2,3,7,841,13,20,0.67 
2014,10,13,18:00,210,841,4,1009,14,16,10,5,4,11,841,14,20,0.78 
2014,10,13,18:00,841,210,0,1009,9,16,7,8,2,8,841,11,21,0.59 
2014,10,13,18:00,210,841,7,1009,16,12,9,6,7,6,841,23,22,1.01 
2014,10,08,21:00,949,841,14,1008,11,16,7,8,4,8,841,17,17,0.96 
2014,10,06,20:00,1177,841,4,1008,10,16,8,7,2,9,841,18,17,0.95 
2014,10,04,15:30,841,1184,0,1014,8,16,2,13,6,3,841,8,20,0.41 
2014,09,28,19:00,841,1178,5,1008,16,8,11,4,5,4,841,22,16,1.33 
2014,09,22,22:06,711,841,7,1021,16,5,11,4,5,1,841,4,19,0.24 
2014,09,21,21:40,841,1149,5,1021,16,7,13,2,3,5,841,18,16,1.08 
2014,09,21,16:15,841,1175,6,1008,16,14,12,3,4,11,841,15,23,0.72 
2014,09,19,21:15,841,944,0,1021,6,16,5,10,1,6,841,11,19,0.58 
2014,09,19,18:00,215,841,8,1021,16,6,10,5,6,1,841,11,17,0.74 
2014,09,18,18:00,841,1208,1,1021,16,8,10,5,6,3,841,14,14,0.95 
2014,09,14,21:30,841,384,7,1021,14,16,9,6,5,10,841,24,23,1.05 
2014,09,14,20:40,841,8,0,1021,15,15,12,3,3,12,841,17,24,0.71 
2014,08,12,20:15,944,841,0,1044,15,15,6,9,9,6,841,13,22,0.64 
2014,08,11,20:00,210,841,2,1044,16,5,10,5,6,0,841,7,19,0.38 
2014,08,10,20:10,52,841,0,1044,12,16,7,8,5,8,841,11,21,0.64 
2014,08,10,19:15,841,743,0,1044,16,3,12,3,4,0,841,14,10,1.09 
2014,08,07,21:25,841,1218,5,1044,15,15,10,5,5,10,841,16,21,0.73 
2014,07,29,22:25,8,841,0,1044,16,10,9,6,7,4,841,16,20,0.72 
2014,07,28,20:00,841,314,1,1044,3,16,3,12,0,4,841,9,16,0.59 
2014,07,26,20:30,214,841,2,1050,16,6,10,5,6,1,841,9,20,0.44 
2014,07,26,20:30,214,841,1,1050,16,11,9,6,7,5,841,10,19,0.59 
2014,07,26,20:30,214,841,0,1050,6,16,5,10,1,6,841,15,13,1.04 
2014,07,26,13:00,841,1219,1,1050,13,16,7,8,6,8,841,18,18,0.95 
2014,07,26,13:00,841,1219,0,1050,16,7,9,6,7,1,841,19,12,1.26 
2014,07,26,13:00,841,1219,2,1050,7,16,7,8,0,8,841,12,21,0.61 
2014,07,15,18:00,59,841,0,1044,16,3,12,3,4,0,841,12,16,0.69 
2014,07,13,20:00,841,215,0,1044,11,16,4,11,7,5,841,18,23,0.77 
2014,07,09,19:00,841,722,0,1044,16,7,10,5,6,2,841,19,12,1.23 
2014,07,06,18:00,841,8,0,1055,12,16,8,7,4,9,841,17,20,0.89 
2014,07,06,18:00,8,841,2,1055,16,13,8,7,8,6,841,15,21,0.74 
2014,06,26,21:00,841,302,2,1044,9,16,6,9,3,7,841,14,19,0.83 
2014,06,26,20:00,844,841,1,1044,14,16,7,8,7,8,841,18,22,0.80 
2014,06,25,20:00,214,841,0,1044,16,13,10,5,6,8,841,21,23,0.87 
2014,06,25,20:00,301,841,1,1044,16,7,9,6,7,1,841,14,20,0.79 
2014,06,17,20:00,380,403,2,1060,16,8,14,1,2,7,380,16,12,1.22 
2014,06,11,19:00,1241,380,5,1060,7,16,4,11,3,5,380,15,17,0.93 
2014,06,07,21:00,648,380,6,1060,4,16,4,11,0,5,380,16,9,1.29 
2014,06,02,22:10,380,1243,0,1060,16,6,9,6,7,0,380,23,12,1.53 
2013,07,14,14:45,215,838,12,1135,16,11,13,2,3,9,838,17,23,0.82 
2013,07,14,14:45,215,838,10,1135,16,2,13,2,3,0,838,7,17,0.43 
2013,07,14,11:00,1285,838,9,1135,13,16,7,8,6,8,838,15,23,0.64 
2013,07,14,11:00,838,1285,13,1135,10,16,7,8,3,8,838,13,19,0.75 
2013,07,14,11:00,1285,838,10,1135,4,16,3,12,1,4,838,10,10,0.97 
2013,07,13,14:30,838,1072,13,1135,7,16,4,11,3,5,838,13,20,0.65 
2013,07,13,12:45,838,1383,9,1135,8,16,3,12,5,4,838,16,20,0.86 
2013,07,13,11:45,1390,838,9,1135,1,16,1,14,0,2,838,21,8,1.98 
