2016,08,15,19:00,18,19,14,468,16,10,8,7,8,3,18,33,14,1.99 
2016,08,15,19:00,18,19,0,468,16,11,8,7,8,4,18,25,17,1.29 
2016,08,14,22:40,40,18,7,475,9,16,3,12,6,4,18,14,17,0.78 
2016,08,14,22:40,18,40,2,475,16,9,8,7,8,2,18,19,17,1.17 
2016,08,14,20:40,18,13,14,468,22,18,4,11,11,4,18,30,28,1.06 
2016,08,14,20:40,18,13,7,468,16,3,12,3,4,0,18,12,11,0.99 
2016,08,09,20:30,130,18,1,475,6,16,3,12,3,4,18,16,15,0.97 
2016,08,09,20:30,130,18,0,475,4,16,4,11,0,5,18,10,10,0.85 
2016,07,31,18:45,18,19,2,500,16,4,12,3,4,1,18,11,12,0.81 
2016,07,31,18:45,19,18,7,500,19,16,4,11,11,4,18,20,30,0.71 
2016,07,31,18:45,19,18,0,500,12,16,6,9,6,7,18,13,20,0.64 
2016,07,31,11:45,40,18,14,500,12,16,7,8,5,8,18,19,20,0.88 
2016,07,31,11:45,18,40,2,500,16,10,10,5,6,5,18,23,16,1.34 
2016,07,30,14:00,143,18,2,500,2,16,2,13,0,3,18,15,10,1.25 
2016,07,30,14:00,18,143,4,500,16,12,8,7,8,5,18,23,18,1.23 
2016,03,20,13:00,18,40,0,627,16,2,15,0,1,2,18,18,9,1.53 
2016,03,20,13:00,40,18,4,627,17,19,6,9,9,6,18,30,25,1.25 
2016,02,14,12:50,40,18,1,655,9,16,5,10,4,6,18,21,15,1.24 
2016,02,14,12:50,18,40,6,655,16,12,7,8,9,4,18,12,21,0.69 
2016,02,13,22:25,40,18,7,655,7,16,4,11,3,5,18,12,15,0.85 
2016,02,13,22:25,18,40,6,655,16,12,9,6,7,6,18,19,22,0.93 
2016,02,13,10:00,19,18,7,655,10,16,8,7,2,9,18,11,23,0.49 
2016,02,13,10:00,19,18,14,655,11,16,6,9,5,7,18,18,20,0.88 
2015,12,12,19:00,769,18,6,708,6,16,6,9,0,7,18,14,14,0.93 
2015,12,12,19:00,18,769,4,708,16,3,12,3,4,0,18,22,9,1.64 
2015,12,12,15:00,770,18,6,708,4,16,2,13,2,3,18,16,12,1.20 
2015,12,12,15:00,18,770,4,708,16,0,15,0,1,0,18,16,8,1.42 
2015,10,04,13:00,19,18,0,795,13,16,8,7,5,9,18,24,25,1.04 
2015,10,04,13:00,19,18,6,795,8,16,5,10,3,6,18,19,19,1.10 
2015,10,03,13:45,18,143,1,795,16,2,14,1,2,1,18,23,9,1.83 
2015,10,03,13:45,143,18,0,795,9,16,8,7,1,9,18,13,18,0.83 
2015,02,22,19:00,1143,143,6,956,6,16,5,10,1,6,143,22,18,1.25 
2015,02,22,19:00,1143,143,7,956,4,16,4,11,0,5,143,18,14,1.16 
2015,02,18,19:30,12,143,4,956,17,21,9,6,6,9,143,21,28,0.78 
2015,02,18,19:30,143,12,6,956,16,13,5,10,11,3,143,15,24,0.59 
2015,02,18,19:30,143,12,7,956,12,16,11,4,1,12,143,16,21,0.85 
2014,10,30,17:00,143,776,7,998,7,16,4,11,3,5,143,20,21,0.97 
2014,10,30,15:00,215,143,5,998,16,10,14,1,2,9,143,13,19,0.73 
2014,10,30,13:25,287,143,7,998,16,8,12,3,4,5,143,18,20,0.88 
2014,10,30,12:00,210,143,0,998,16,1,14,1,2,0,143,2,16,0.15 
2014,10,30,10:30,143,795,6,998,5,16,2,13,3,3,143,16,18,0.97 
2014,10,11,20:45,143,12,0,1010,19,22,10,5,5,10,143,28,29,1.12 
2014,10,11,20:45,12,143,1,1010,16,7,12,3,4,4,143,14,18,0.91 
2014,10,11,20:45,143,12,7,1010,16,3,12,3,4,0,143,28,11,2.09 
2014,10,11,17:00,143,18,5,1010,17,19,13,2,2,13,143,27,27,1.06 
2014,10,11,17:00,18,143,7,1010,12,16,12,3,0,13,143,17,19,0.85 
2014,10,11,17:00,143,18,1,1010,14,16,5,10,9,6,143,22,23,1.02 
