2016,05,03,18:00,358,457,0,556,16,11,6,9,10,2,358,13,20,0.72 
2016,04,11,20:00,358,262,0,556,16,13,9,6,7,7,358,20,20,0.97 
2016,03,19,17:50,29,594,0,625,16,3,12,3,4,0,594,7,16,0.53 
2015,11,10,20:10,216,398,7,756,16,14,7,8,9,6,398,20,19,0.97 
2015,11,10,17:30,259,398,0,756,16,10,11,4,5,6,398,18,22,0.99 
2015,11,10,17:30,259,398,4,756,9,16,4,11,5,5,398,13,18,0.89 
2015,11,10,17:30,259,398,1,756,16,9,10,5,6,4,398,8,23,0.38 
2015,11,09,17:30,398,216,1,756,16,7,9,6,7,1,398,23,14,1.38 
2015,11,09,17:30,216,398,7,756,11,16,5,10,6,6,398,18,20,0.98 
2015,11,09,17:30,398,216,6,756,10,16,7,8,3,8,398,12,19,0.76 
2015,11,06,21:30,633,398,0,759,19,16,6,9,9,6,398,24,25,1.04 
2015,11,06,21:30,398,633,14,759,16,19,5,10,10,5,398,25,24,1.09 
2015,10,12,22:00,13,888,7,741,19,16,6,9,9,6,888,29,25,1.21 
2015,10,12,22:00,13,888,6,741,16,4,13,2,3,2,888,9,17,0.59 
2015,09,27,18:00,890,297,6,741,16,3,14,1,2,2,297,4,17,0.29 
2015,09,27,18:00,890,297,0,741,5,16,2,13,3,3,297,18,14,1.18 
2015,06,25,12:30,292,1055,4,882,16,12,11,4,5,8,1055,23,21,1.12 
2015,06,25,12:30,292,1055,7,882,16,12,6,9,10,3,1055,16,20,0.83 
2015,06,25,12:30,1055,292,14,882,16,6,10,5,6,1,1055,19,12,1.30 
2015,06,24,20:30,23,1055,7,882,16,10,13,2,3,8,1055,8,22,0.45 
2015,06,24,20:30,1055,23,4,882,14,16,10,5,4,11,1055,22,25,0.90 
2015,06,04,19:00,1067,1055,6,903,16,4,13,2,3,2,1055,13,17,0.75 
2015,06,04,19:00,1055,1067,7,903,12,16,8,7,4,9,1055,26,19,1.27 
2015,05,18,18:00,1054,1055,7,903,12,16,7,8,5,8,1055,16,18,0.83 
2015,05,18,18:00,1054,1055,1,903,12,16,7,8,5,8,1055,18,20,0.89 
2015,05,14,19:00,441,1055,7,887,4,16,4,11,0,5,1055,12,12,0.86 
2015,05,14,19:00,1055,441,6,887,16,9,12,3,4,6,1055,17,14,0.95 
2015,05,12,18:00,1055,379,4,887,7,16,4,11,3,5,1055,20,19,1.12 
2015,05,12,18:00,379,1055,14,887,16,14,6,9,10,5,1055,14,22,0.67 
2015,05,12,18:00,1055,379,7,887,16,5,13,2,3,3,1055,11,12,0.82 
2015,05,11,20:00,1055,656,1,903,16,12,10,5,6,7,1055,18,15,1.04 
2015,05,11,19:00,1055,398,7,903,16,6,13,2,3,4,1055,17,11,1.24 
2015,05,09,16:00,1055,1054,6,560,13,16,9,6,4,10,1055,25,21,1.23 
2015,05,09,16:00,1054,1055,7,560,16,8,13,2,3,6,1055,5,18,0.40 
2015,05,08,13:40,29,1055,1,560,16,13,11,4,5,9,1055,13,23,0.58 
2015,05,08,13:40,29,1055,14,560,16,5,13,2,3,3,1055,20,16,1.31 
2015,05,08,10:00,1054,1055,1,560,14,16,6,9,8,7,1055,19,22,0.86 
2015,05,08,10:00,1054,1055,6,560,13,16,7,8,6,8,1055,13,20,0.69 
2015,05,08,10:00,1055,1054,7,560,11,16,2,13,9,3,1055,19,25,0.86 
2015,05,06,16:30,1055,441,6,887,16,11,8,7,8,4,1055,16,20,0.81 
2015,05,06,16:30,1055,441,14,887,16,11,12,3,4,8,1055,12,19,0.66 
2015,04,29,18:00,1055,29,7,560,16,9,9,6,7,3,1055,15,12,1.04 
2015,04,29,18:00,1055,29,1,560,16,14,6,9,10,5,1055,14,21,0.73 
2015,04,27,22:00,1093,1055,1,903,12,16,8,7,4,9,1055,24,13,1.38 
2015,04,27,21:00,1055,433,7,903,16,3,12,3,4,0,1055,16,7,1.43 
2015,04,23,22:15,398,1055,6,560,13,16,11,4,2,12,1055,21,15,1.14 
2015,04,23,22:15,1055,398,1,560,16,11,9,6,7,5,1055,23,17,1.16 
2015,04,23,21:45,1055,1095,7,560,16,13,6,9,10,4,1055,13,24,0.56 
2015,04,23,19:55,1055,1095,1,560,16,6,10,5,6,1,1055,13,12,1.02 
2015,04,20,21:00,1055,13,6,937,6,16,5,10,1,6,1055,11,20,0.57 
2015,04,20,21:00,1055,13,14,937,16,6,9,6,7,0,1055,17,14,1.29 
2015,04,20,21:00,1055,13,7,937,14,16,8,7,6,9,1055,17,26,0.68 
2015,04,19,18:00,1055,159,6,560,11,16,8,7,3,9,1055,17,23,0.78 
2015,04,19,18:00,1055,159,14,560,4,16,3,12,1,4,1055,3,19,0.17 
2015,04,19,18:00,1055,159,7,560,16,8,12,3,4,5,1055,15,15,1.02 
2015,04,15,21:15,1055,159,6,903,11,16,10,5,1,11,1055,13,20,0.76 
2015,04,15,20:00,1055,1067,6,903,9,16,9,6,0,10,1055,29,17,1.60 
2014,12,13,20:00,1054,1157,6,974,16,10,11,4,5,6,1157,14,18,0.83 
2014,12,13,20:00,1054,1157,0,974,16,12,7,8,9,4,1157,14,21,0.73 
2014,12,13,20:00,1054,1157,1,974,14,16,10,5,4,11,1157,25,22,1.11 
2014,09,28,18:00,297,1202,0,1023,16,13,10,5,6,8,1202,21,24,0.92 
