2016,08,03,13:00,61,191,14,482,16,19,7,8,8,7,191,31,22,1.31 
2016,08,03,13:00,191,61,7,482,16,5,11,4,5,1,191,23,10,1.65 
2016,08,03,13:00,61,191,0,482,19,15,5,10,10,5,191,30,26,1.08 
2016,08,02,13:00,191,148,14,482,16,13,6,9,10,4,191,22,20,1.03 
2016,08,02,13:00,191,148,0,482,16,7,13,2,3,5,191,17,13,1.07 
2016,07,29,12:15,191,217,14,501,16,1,14,1,2,0,191,12,6,1.19 
2016,07,29,12:15,191,217,7,501,16,9,9,6,7,3,191,22,14,1.28 
2016,07,22,15:00,242,191,14,504,16,8,10,5,6,3,191,17,18,1.01 
2016,07,22,15:00,191,242,0,504,16,9,11,4,5,5,191,33,11,1.93 
2016,07,22,15:00,191,242,7,504,11,16,7,8,4,8,191,22,22,0.92 
2016,07,20,15:00,180,191,2,501,16,8,9,6,7,2,191,12,21,0.54 
2016,07,20,15:00,191,180,0,501,16,19,6,9,9,6,191,20,26,0.80 
2016,07,20,09:00,188,191,14,501,16,7,12,3,4,4,191,15,21,0.72 
2016,07,20,09:00,188,191,0,501,16,9,8,7,8,2,191,17,19,0.90 
2016,06,17,08:10,191,35,0,527,13,16,12,3,1,13,191,19,20,0.92 
2016,06,17,08:10,191,35,5,527,4,16,4,11,0,5,191,14,18,0.90 
2016,06,16,08:00,179,191,7,527,16,11,5,10,11,1,191,21,22,0.95 
2016,06,16,08:00,179,191,1,527,16,13,6,9,10,4,191,20,21,1.00 
2016,06,15,12:00,191,150,1,504,10,16,8,7,2,9,191,16,18,0.92 
2016,06,15,12:00,150,191,7,504,6,16,4,11,2,5,191,17,12,1.17 
2016,06,15,12:00,191,150,0,504,8,16,7,8,1,8,191,23,19,1.26 
2016,06,14,12:00,191,174,0,527,16,6,14,1,2,5,191,15,15,0.99 
2016,06,14,12:00,174,191,7,527,16,3,12,3,4,0,191,8,16,0.51 
