2016,07,20,21:00,261,41,14,503,4,16,4,11,0,5,261,3,18,0.21 
2016,07,20,21:00,261,41,1,503,5,16,1,14,4,2,261,4,18,0.30 
2016,07,20,18:10,196,261,0,503,16,1,14,1,2,0,261,6,15,0.39 
2016,07,17,17:45,271,261,1,519,10,16,2,13,8,3,261,15,14,0.97 
2016,07,17,17:45,271,261,14,519,13,16,9,6,4,10,261,19,19,0.99 
2016,07,16,18:45,272,261,0,519,17,19,7,8,8,7,261,29,22,1.18 
2016,07,16,18:45,272,261,2,519,14,16,8,7,6,9,261,20,16,1.00 
2016,07,16,18:45,272,261,7,519,16,11,5,10,11,1,261,17,18,1.08 
2016,07,16,14:45,261,273,2,519,16,9,12,3,4,6,261,18,15,1.23 
2016,07,16,14:45,273,261,14,519,8,16,3,12,5,4,261,17,14,1.05 
2016,07,16,14:45,261,273,0,519,14,16,8,7,6,9,261,26,24,1.10 
2016,07,04,16:00,30,261,14,487,16,5,10,5,6,0,261,5,20,0.27 
2016,07,04,16:00,261,30,0,487,1,16,1,14,0,2,261,5,16,0.33 
2016,06,27,20:15,41,261,6,499,16,4,11,4,5,0,261,10,17,0.57 
2016,06,27,20:15,261,41,2,499,3,16,2,13,1,3,261,6,16,0.45 
2016,06,16,17:20,261,52,1,499,7,16,4,11,3,5,261,10,20,0.49 
2016,06,16,17:20,52,261,0,499,16,3,13,2,3,1,261,4,18,0.22 
2016,06,07,18:00,358,261,0,550,16,7,10,5,6,2,261,14,21,0.73 
2016,06,07,18:00,261,358,7,550,11,16,7,8,4,8,261,15,20,0.78 
2016,06,06,20:00,218,261,0,499,16,14,7,8,9,6,261,19,21,0.93 
2016,06,06,20:00,261,218,1,499,6,16,5,10,1,6,261,6,17,0.41 
2016,05,10,17:10,101,261,14,499,16,8,9,6,7,2,261,11,20,0.62 
2016,05,10,17:10,101,261,2,499,16,5,12,3,4,2,261,7,18,0.45 
2016,05,05,20:00,49,261,14,499,16,6,9,6,7,0,261,6,20,0.35 
2016,05,05,20:00,261,49,7,499,2,16,2,13,0,3,261,7,16,0.45 
2016,03,26,20:30,510,261,14,620,5,16,4,11,1,5,261,14,7,1.21 
2016,03,26,20:30,261,510,0,620,16,1,14,1,2,0,261,15,6,1.47 
2016,03,26,17:15,261,511,6,620,16,9,8,7,8,2,261,8,16,0.58 
2016,03,26,17:15,511,261,2,620,14,16,7,8,7,8,261,10,19,0.60 
2016,03,26,14:15,515,261,7,620,3,16,3,12,0,4,261,9,6,1.05 
2016,03,26,14:15,515,261,6,620,9,16,5,10,4,6,261,6,16,0.49 
2016,03,25,19:45,261,512,1,620,16,8,8,7,8,1,261,12,16,0.79 
2016,03,25,19:45,261,512,7,620,16,5,11,4,5,1,261,9,11,0.77 
2016,03,25,12:00,261,523,0,620,16,6,11,4,5,2,261,8,12,0.70 
2016,03,25,12:00,261,523,14,620,16,9,9,6,7,3,261,12,15,0.77 
2016,03,06,22:30,510,639,7,636,8,16,3,12,5,4,639,13,12,0.93 
2016,03,06,22:30,639,510,0,636,16,10,12,3,4,7,639,18,12,1.17 
2016,03,06,18:15,639,514,2,636,16,6,10,5,6,1,639,23,8,1.55 
2016,03,06,18:15,639,514,14,636,16,3,12,3,4,0,639,16,8,1.39 
2016,03,05,14:20,639,516,2,636,16,6,11,4,5,2,639,20,12,1.37 
2016,03,05,13:20,639,641,0,636,16,1,15,0,1,1,639,15,5,1.52 
2015,12,15,17:30,639,216,6,701,4,16,4,11,0,5,639,8,17,0.63 
2015,12,14,17:30,439,639,0,701,16,5,11,4,5,1,639,12,20,0.65 
2015,12,14,17:30,439,639,7,701,16,2,13,2,3,0,639,4,17,0.30 
2015,12,08,22:00,639,515,6,712,16,6,11,4,5,2,639,13,13,0.91 
2015,12,08,19:00,639,513,1,712,16,14,5,10,11,4,639,19,18,0.95 
2015,12,08,19:00,639,513,7,712,16,10,9,6,7,4,639,17,17,0.98 
2015,12,07,17:30,515,639,2,712,11,16,6,9,5,7,639,18,18,1.00 
2015,12,07,17:30,639,515,7,712,16,8,9,6,7,2,639,26,10,1.72 
2015,11,22,20:00,639,819,6,735,11,16,10,5,1,11,639,13,21,0.73 
2015,11,22,20:00,639,819,1,735,3,16,2,13,1,3,639,7,18,0.38 
2015,11,22,20:00,819,639,0,735,19,21,4,11,11,4,639,30,28,1.05 
2015,08,24,22:00,995,1026,6,845,16,5,13,2,3,3,1026,10,18,0.57 
2015,08,24,17:30,1026,458,0,845,8,16,2,13,6,3,1026,10,20,0.56 
2015,08,18,19:00,287,1026,0,849,16,4,12,3,4,1,1026,4,17,0.38 
2015,08,17,22:30,1026,484,7,849,6,16,2,13,4,3,1026,13,19,0.76 
2015,08,17,22:30,1026,484,0,849,5,16,2,13,3,3,1026,6,17,0.42 
2015,08,17,17:30,1026,284,1,849,16,14,7,8,9,6,1026,22,23,0.98 
2015,08,17,17:30,1026,284,0,849,16,7,13,2,3,5,1026,17,13,1.10 
2015,08,17,17:30,1026,284,7,849,9,16,3,12,6,4,1026,15,18,0.89 
2015,08,16,19:30,1026,1031,1,853,22,20,3,12,12,3,1026,21,26,0.80 
2015,08,16,19:30,1026,1031,6,853,13,16,8,7,5,9,1026,16,18,0.87 
2015,08,16,19:30,1026,1031,7,853,16,3,13,2,3,1,1026,15,12,1.20 
2015,08,09,18:00,1026,1039,1,853,16,9,10,5,6,4,1026,20,13,1.25 
2015,08,09,18:00,1026,1039,0,853,16,9,11,4,5,5,1026,20,14,1.28 
2015,08,09,18:00,1026,1039,7,853,12,16,8,7,4,9,1026,19,21,0.85 
2015,07,12,20:30,1026,510,6,876,10,16,4,11,6,5,1026,16,19,0.85 
2015,07,12,20:30,510,1026,7,876,16,7,11,4,5,3,1026,8,20,0.42 
2015,07,12,16:00,1031,1026,2,876,14,16,9,6,5,10,1026,17,21,0.81 
2015,07,12,16:00,1026,1031,7,876,16,3,12,3,4,0,1026,18,10,1.45 
2015,07,11,19:00,1026,516,1,876,19,17,9,6,6,9,1026,27,28,1.03 
2015,07,11,17:30,1026,1048,7,876,16,5,11,4,5,1,1026,17,14,1.20 
2015,07,11,16:00,1026,1039,0,876,9,16,5,10,4,6,1026,19,20,0.96 
2015,04,04,10:00,1108,1110,1,949,16,1,14,1,2,0,1110,4,16,0.28 
2015,04,04,10:00,1110,1108,5,949,16,11,7,8,9,3,1110,22,18,1.12 
2015,04,04,10:00,1108,1110,6,949,16,1,14,1,2,0,1110,6,16,0.48 
2015,04,03,22:15,1118,1110,6,949,14,16,12,3,2,13,1110,14,18,0.77 
2015,04,03,22:15,1118,1110,0,949,1,16,1,14,0,2,1110,20,4,2.02 
2015,04,03,18:30,1074,1110,1,949,16,5,10,5,6,0,1110,9,19,0.55 
2015,04,03,18:30,1110,1074,7,949,16,12,5,10,11,2,1110,19,18,0.90 
2015,04,03,18:30,1074,1110,6,949,19,15,11,4,4,11,1110,21,25,0.82 
2015,04,03,15:00,1119,1110,0,949,6,16,4,11,2,5,1110,23,11,1.60 
2015,04,03,15:00,1119,1110,5,949,5,16,5,10,0,6,1110,17,14,1.31 
