8317,964,4,20,0.17
10866,1053,23,22,1.09
10867,1053,12,21,0.55
11141,1053,9,18,0.50
11142,1053,15,19,0.69
11242,1053,19,13,1.20
11243,1053,17,17,1.01
11426,1053,34,28,1.09
11427,1053,19,17,1.00
11659,1053,14,19,0.76
11660,1053,26,18,1.40
11730,1053,21,21,1.02
11731,1053,16,20,0.79
11852,1053,31,22,1.31
11853,1053,18,19,1.11
11888,1053,22,20,0.96
11889,1053,15,20,0.80
11992,1053,14,20,0.77
11993,1053,16,22,0.73
12041,1053,21,15,1.15
12128,1053,12,19,0.66
12129,1053,20,15,1.21
14463,792,15,18,0.85
