2015,12,18,21:30,83,82,6,673,16,7,10,5,6,2,83,23,14,1.51 
2015,12,18,20:30,83,80,6,673,16,9,10,5,6,4,83,21,19,1.22 
2014,10,14,21:00,384,210,7,997,12,16,6,9,6,7,384,14,19,0.74 
2014,10,14,21:00,384,210,6,997,13,16,4,11,9,5,384,12,25,0.47 
2014,07,09,22:30,314,1219,2,1044,6,16,6,9,0,7,314,17,16,1.11 
2014,07,09,21:20,314,1218,6,1044,16,9,10,5,6,4,314,22,13,1.34 
2014,07,08,21:00,711,314,0,1044,16,6,14,1,2,5,314,14,18,0.79 
2014,07,08,20:20,314,8,6,1044,6,16,6,9,0,7,314,16,15,1.16 
2014,07,07,20:00,314,743,0,1044,16,8,10,5,6,3,314,23,16,1.27 
2014,07,06,21:25,214,314,2,1044,16,10,12,3,4,7,314,15,19,0.77 
2014,07,06,20:15,314,944,6,1044,14,16,4,11,10,5,314,18,23,0.79 
2014,06,15,17:05,314,711,6,1061,9,16,4,11,5,5,314,16,22,0.82 
2014,06,15,16:00,314,1237,2,1061,16,1,14,1,2,0,314,12,5,1.23 
2014,06,15,15:00,314,59,6,1061,5,16,5,10,0,6,314,15,17,0.89 
2014,05,30,22:15,314,53,2,1065,13,16,11,4,2,12,314,18,20,0.97 
2014,05,30,21:00,302,314,6,1065,11,16,6,9,5,7,314,18,21,0.85 
2014,05,30,19:00,287,314,6,1065,7,16,6,9,1,7,314,17,15,0.98 
2014,04,18,21:00,1106,314,1,1076,16,19,7,8,8,7,1106,24,24,1.00 
2014,04,18,21:00,314,1106,6,1076,11,16,8,7,3,9,1106,14,14,0.91 
2014,04,18,21:00,314,1106,2,1076,16,7,11,4,5,3,1106,14,20,0.72 
2014,04,18,17:00,1106,1259,6,1076,16,6,10,5,6,1,1106,14,10,1.03 
2014,04,18,17:00,1106,1259,5,1076,16,8,13,2,3,6,1106,15,14,1.10 
2014,03,26,19:00,250,1106,2,1081,16,4,12,3,4,1,1106,7,18,0.43 
2014,03,22,22:30,1106,1244,5,1080,11,16,10,5,1,11,1106,16,18,0.94 
2013,09,29,15:15,1269,1325,10,1122,16,1,14,1,2,0,1325,5,17,0.28 
2013,09,29,15:15,1269,1325,11,1122,16,10,13,2,3,8,1325,10,22,0.51 
2013,06,29,18:35,1370,250,13,1137,10,16,4,11,6,5,1370,19,21,0.96 
2013,06,29,18:35,1370,250,9,1137,6,16,5,10,1,6,1370,12,16,0.99 
2013,06,17,10:00,52,1370,11,1139,16,11,7,8,9,3,1370,19,20,0.95 
2013,06,17,10:00,1370,52,9,1139,12,16,5,10,7,6,1370,13,20,0.66 
2013,06,15,20:30,1370,250,13,1139,16,2,13,2,3,0,1370,17,7,1.51 
2013,06,15,19:20,1370,517,9,1139,16,13,5,10,11,3,1370,21,18,1.06 
2013,06,13,21:00,1370,49,9,1141,16,11,7,8,9,3,1370,14,19,0.69 
2013,06,13,20:00,301,1370,13,1141,14,16,10,5,4,11,1370,20,21,1.03 
2013,06,13,19:00,275,1370,12,1141,7,16,4,11,3,5,1370,19,16,1.15 
2013,06,04,21:00,1370,8,11,1143,13,16,10,5,3,11,1370,20,21,0.96 
2013,06,04,20:00,1370,1328,13,1143,16,2,13,2,3,0,1370,19,5,1.79 
2013,05,22,21:00,1370,210,9,1143,16,13,9,6,7,7,1370,16,20,0.75 
2013,05,22,21:00,1370,210,13,1143,16,8,13,2,3,6,1370,23,14,1.45 
2013,05,22,19:00,841,1370,13,1143,7,16,3,12,4,4,1370,8,15,0.60 
2013,05,21,21:00,1370,1312,13,1143,16,11,10,5,6,6,1370,17,18,0.93 
2013,05,21,20:00,250,1370,9,1143,3,16,3,12,0,4,1370,14,11,1.08 
2013,05,21,19:00,1370,1001,11,1143,16,3,12,3,4,0,1370,15,9,1.36 
2013,04,21,19:30,1403,1370,11,1146,16,4,13,2,3,2,1370,7,20,0.29 
2013,04,21,15:30,1370,1395,13,1146,26,23,8,7,7,8,1370,37,31,1.05 
2013,04,21,15:30,1395,1370,9,1146,16,6,9,6,7,0,1370,12,18,0.71 
2013,04,21,15:30,1395,1370,11,1146,8,16,6,9,2,7,1370,23,15,1.40 
2013,04,21,12:00,1370,1151,13,1146,16,12,12,3,4,9,1370,22,15,1.20 
2013,04,21,12:00,1151,1370,11,1146,5,16,2,13,3,3,1370,20,12,1.48 
2013,04,21,12:00,1370,1151,9,1146,13,16,6,9,7,7,1370,15,21,0.74 
2013,04,20,12:00,1403,1370,11,1146,16,6,10,5,6,1,1370,10,19,0.60 
2013,04,20,12:00,1403,1370,9,1146,16,8,11,4,5,4,1370,9,20,0.45 
2013,04,14,19:30,1370,1408,12,1149,16,1,14,1,2,0,1370,23,9,1.86 
2013,04,14,19:30,1370,1408,9,1149,16,0,15,0,1,0,1370,18,6,1.74 
2013,04,14,19:30,1370,1408,11,1149,14,16,9,6,5,10,1370,19,22,0.86 
2013,04,07,17:15,599,1370,11,1152,14,16,11,4,3,12,1370,12,20,0.66 
2013,04,07,17:15,599,1370,13,1152,6,16,4,11,2,5,1370,18,15,1.15 
2013,04,07,14:00,210,1370,13,1152,16,4,11,4,5,0,1370,8,17,0.49 
2013,04,07,14:00,1370,210,9,1152,11,16,8,7,3,9,1370,16,20,0.78 
2013,04,07,14:00,210,1370,12,1152,10,16,5,10,5,6,1370,18,17,0.99 
2013,04,06,16:00,210,1370,12,1152,16,8,10,5,6,3,1370,16,17,0.94 
2013,04,06,13:30,599,1370,11,1152,7,16,6,9,1,7,1370,14,14,0.90 
2013,04,06,12:15,1370,314,9,1152,16,9,7,8,9,1,1370,22,18,1.20 
2013,04,06,11:00,1370,1410,9,1152,16,6,10,5,6,1,1370,19,14,1.33 
2013,03,31,03:00,250,1370,12,1155,16,2,13,2,3,0,1370,7,17,0.47 
2013,03,31,00:30,1370,8,9,1155,16,11,5,10,11,1,1370,18,19,0.88 
2013,03,30,23:00,1370,1317,11,1155,16,4,14,1,2,3,1370,10,9,1.07 
2013,03,30,18:30,1370,210,9,1155,16,10,10,5,6,5,1370,20,13,1.16 
2013,03,30,16:00,214,1370,11,1155,9,16,8,7,1,9,1370,29,16,1.68 
2013,03,30,14:30,706,1370,11,1155,8,16,7,8,1,8,1370,23,16,1.48 
2013,03,30,10:00,1370,8,13,1155,8,16,7,8,1,8,1370,10,19,0.61 
2013,03,30,10:00,1370,8,11,1155,16,3,12,3,4,0,1370,11,6,1.13 
2013,03,30,10:00,8,1370,9,1155,19,15,7,8,8,7,1370,26,23,1.25 
2013,03,30,00:15,52,1370,13,1155,8,16,7,8,1,8,1370,25,16,1.48 
2013,03,30,00:15,1370,52,12,1155,16,6,14,1,2,5,1370,19,12,1.28 
2013,03,30,00:15,1370,52,11,1155,10,16,7,8,3,8,1370,12,17,0.74 
2013,03,29,17:00,1370,384,9,1155,16,5,10,5,6,0,1370,19,15,1.18 
2013,03,29,17:00,1370,384,11,1155,16,6,9,6,7,0,1370,11,12,0.92 
2013,03,29,13:30,1370,1418,13,1155,16,13,10,5,6,8,1370,13,17,0.73 
2013,03,29,13:30,1370,1418,11,1155,16,8,10,5,6,3,1370,12,11,0.91 
2013,03,29,10:00,1370,1401,12,1155,16,9,8,7,8,2,1370,24,15,1.31 
2013,03,29,10:00,1401,1370,11,1155,7,16,4,11,3,5,1370,15,13,0.98 
