2016,07,29, 000, 14, 001, 16, 02, 00 
2016,07,29, 000, 04, 001, 16, 03, 00 
2016,07,21, 000, 16, 002, 14, 03, 00 
2016,07,21, 000, 09, 002, 16, 01, 00 
2016,07,21, 000, 19, 002, 15, 04, 00 
2016,07,08, 000, 06, 003, 16, 03, 01 
2016,07,08, 000, 12, 003, 16, 05, 01 
2016,07,08, 000, 16, 003, 11, 02, 01 
2016,07,06, 000, 16, 004, 12, 03, 01 
2016,07,05, 000, 16, 005, 07, 02, 01 
2016,06,25, 000, 16, 005, 02, 00, 00 
2016,06,25, 000, 16, 005, 13, 02, 00 
2016,06,23, 000, 16, 006, 04, 04, 00 
2016,06,23, 000, 16, 006, 09, 05, 00 
2016,06,22, 000, 16, 005, 06, 02, 00 
2016,06,22, 000, 16, 005, 08, 04, 00 
2016,06,21, 000, 16, 007, 06, 03, 00 
2016,06,21, 000, 06, 007, 16, 00, 00 
2016,06,21, 000, 11, 006, 16, 01, 00 
2016,06,21, 000, 16, 006, 06, 02, 00 
2016,06,05, 000, 04, 008, 16, 02, 02 
2016,06,05, 000, 18, 008, 22, 00, 02 
2016,05,22, 000, 10, 008, 16, 03, 03 
2016,05,22, 000, 16, 008, 08, 02, 03 
2016,05,22, 000, 11, 008, 16, 06, 03 
2016,05,22, 000, 16, 009, 12, 03, 03 
2016,05,22, 000, 16, 009, 09, 04, 03 
2016,05,21, 000, 16, 010, 14, 00, 03 
2016,05,21, 000, 16, 010, 12, 03, 03 
2016,05,21, 000, 16, 011, 13, 00, 03 
2016,05,21, 000, 16, 011, 08, 04, 03 
2016,05,20, 000, 16, 005, 09, 03, 03 
2016,05,20, 000, 16, 005, 14, 04, 03 
2016,05,20, 000, 04, 005, 16, 02, 03 
2016,05,19, 000, 17, 009, 19, 02, 03 
2016,05,19, 000, 09, 009, 16, 00, 03 
2016,05,19, 000, 16, 009, 11, 04, 03 
2016,04,26, 000, 10, 007, 16, 07, 04 
2016,04,26, 000, 16, 007, 10, 01, 04 
2016,04,20, 000, 03, 012, 16, 04, 04 
2016,04,20, 000, 19, 012, 16, 02, 04 
2016,04,20, 000, 08, 005, 16, 03, 04 
2016,04,20, 000, 16, 005, 12, 02, 04 
2016,04,19, 000, 16, 001, 13, 03, 04 
2016,04,19, 000, 11, 001, 16, 04, 04 
2016,04,17, 000, 14, 004, 16, 03, 05 
2016,04,17, 000, 14, 004, 16, 01, 05 
2016,04,17, 000, 16, 013, 02, 06, 05 
2016,04,17, 000, 16, 013, 07, 01, 05 
2016,04,16, 000, 16, 014, 05, 00, 05 
2016,04,16, 000, 16, 014, 10, 06, 05 
2016,04,13, 000, 19, 015, 15, 01, 05 
2016,04,12, 000, 16, 010, 11, 02, 05 
2016,04,03, 000, 02, 016, 16, 04, 06 
2016,04,03, 000, 17, 016, 19, 00, 06 
2016,04,02, 000, 16, 017, 05, 01, 06 
2016,04,02, 000, 16, 017, 14, 06, 06 
2016,04,01, 000, 16, 004, 10, 00, 06 
2016,04,01, 000, 16, 004, 09, 06, 06 
2016,03,31, 000, 16, 008, 04, 03, 06 
2016,03,29, 000, 16, 002, 09, 02, 06 
2016,03,20, 000, 16, 013, 07, 03, 04 
2016,03,20, 000, 16, 013, 11, 02, 04 
2016,03,18, 000, 16, 017, 05, 00, 07 
2016,03,18, 000, 12, 017, 16, 06, 07 
2016,03,18, 000, 16, 017, 09, 02, 07 
2016,03,18, 000, 16, 008, 12, 02, 07 
2016,03,18, 000, 16, 008, 14, 04, 07 
2016,03,17, 000, 16, 005, 06, 00, 07 
2016,03,17, 000, 09, 005, 16, 04, 07 
2016,03,17, 000, 16, 005, 10, 02, 07 
2016,03,15, 000, 16, 018, 03, 04, 04 
2016,03,15, 000, 16, 018, 14, 00, 04 
2016,03,10, 000, 16, 019, 12, 00, 04 
2016,03,10, 000, 19, 019, 17, 01, 04 
2016,03,04, 000, 12, 016, 16, 06, 08 
2016,03,04, 000, 19, 016, 22, 04, 08 
2016,03,04, 000, 16, 020, 13, 00, 08 
2016,03,04, 000, 15, 020, 19, 03, 08 
2016,03,04, 000, 16, 020, 10, 04, 08 
2016,03,02, 000, 16, 021, 06, 03, 08 
2016,03,02, 000, 16, 004, 13, 04, 08 
2016,03,02, 000, 16, 007, 06, 03, 08 
2016,03,02, 000, 11, 016, 16, 00, 08 
2016,03,02, 000, 10, 001, 16, 01, 08 
2016,02,24, 000, 10, 004, 16, 00, 04 
2016,02,24, 000, 16, 004, 13, 02, 04 
2016,02,17, 000, 16, 008, 12, 03, 04 
2016,02,17, 000, 16, 008, 09, 01, 04 
2016,02,11, 000, 12, 022, 16, 02, 04 
2016,02,11, 000, 07, 022, 16, 03, 04 
2016,02,09, 000, 16, 017, 14, 04, 04 
2016,02,09, 000, 13, 017, 16, 00, 04 
2016,01,24, 000, 19, 016, 16, 03, 09 
2016,01,24, 000, 19, 016, 16, 02, 09 
2016,01,23, 000, 16, 018, 09, 02, 09 
2016,01,23, 000, 16, 018, 13, 03, 09 
2016,01,22, 000, 16, 019, 09, 02, 09 
2016,01,22, 000, 16, 022, 03, 00, 09 
2016,01,17, 000, 07, 001, 16, 03, 10 
2016,01,17, 000, 03, 001, 16, 01, 10 
2016,01,16, 000, 16, 013, 05, 02, 10 
2016,01,16, 000, 16, 013, 12, 03, 10 
2016,01,15, 000, 16, 023, 13, 00, 10 
2016,01,15, 000, 11, 023, 16, 04, 10 
2016,01,15, 000, 16, 023, 04, 01, 10 
2016,01,14, 000, 16, 012, 14, 02, 10 
2016,01,14, 000, 19, 012, 17, 01, 10 
2016,01,13, 000, 09, 016, 16, 00, 10 
2016,01,13, 000, 14, 016, 16, 02, 10 
2016,01,13, 000, 16, 024, 07, 02, 10 
2016,01,13, 000, 16, 024, 05, 00, 10 
2015,12,13, 000, 06, 001, 16, 03, 11 
2015,12,13, 000, 16, 001, 14, 02, 11 
2015,12,13, 000, 16, 001, 06, 00, 11 
2015,12,13, 000, 14, 001, 16, 01, 11 
2015,12,13, 000, 14, 001, 16, 06, 11 
2015,12,13, 000, 22, 013, 18, 03, 11 
2015,12,13, 000, 16, 013, 09, 01, 11 
2015,12,12, 000, 16, 016, 06, 00, 11 
2015,12,12, 000, 12, 016, 16, 02, 11 
2015,12,12, 000, 16, 016, 11, 03, 11 
2015,12,11, 000, 13, 023, 16, 06, 11 
2015,12,11, 000, 12, 023, 16, 02, 11 
2015,12,11, 000, 19, 016, 15, 06, 11 
2015,12,11, 000, 16, 016, 05, 01, 11 
2015,12,06, 000, 06, 025, 16, 03, 12 
2015,12,06, 000, 16, 025, 13, 04, 12 
2015,12,06, 000, 11, 025, 16, 01, 12 
2015,12,03, 000, 16, 013, 08, 00, 12 
2015,12,03, 000, 16, 013, 12, 02, 12 
2015,12,03, 000, 14, 013, 16, 03, 12 
2015,12,02, 000, 16, 026, 09, 01, 12 
2015,12,02, 000, 16, 026, 14, 02, 12 
2015,12,01, 000, 10, 018, 16, 00, 13 
2015,12,01, 000, 09, 018, 16, 02, 13 
2015,12,01, 000, 21, 018, 19, 03, 13 
2015,11,23, 000, 16, 027, 08, 03, 14 
2015,11,23, 000, 16, 027, 10, 01, 14 
2015,11,22, 000, 16, 003, 14, 01, 14 
2015,11,22, 000, 16, 003, 07, 03, 14 
2015,11,22, 000, 19, 016, 17, 04, 14 
2015,11,22, 000, 16, 016, 13, 00, 14 
2015,11,17, 000, 16, 008, 05, 01, 15 
2015,11,17, 000, 16, 011, 08, 03, 15 
2015,11,16, 000, 03, 001, 16, 01, 12 
2015,11,16, 000, 03, 001, 16, 06, 12 
2015,11,12, 000, 12, 028, 16, 03, 15 
2015,11,12, 000, 14, 001, 16, 01, 15 
2015,11,11, 000, 16, 028, 08, 00, 13 
2015,11,11, 000, 16, 028, 08, 04, 13 
2015,11,07, 000, 12, 026, 16, 03, 16 
2015,11,07, 000, 16, 026, 07, 01, 16 
2015,11,07, 000, 13, 026, 16, 02, 16 
2015,11,06, 000, 07, 007, 16, 04, 16 
2015,11,06, 000, 10, 007, 16, 00, 16 
2015,11,01, 000, 05, 013, 16, 03, 17 
2015,11,01, 000, 14, 013, 16, 02, 17 
2015,11,01, 000, 16, 004, 06, 01, 17 
2015,11,01, 000, 16, 004, 03, 02, 17 
2015,10,31, 000, 16, 016, 13, 04, 17 
2015,10,31, 000, 16, 016, 14, 01, 17 
2015,10,30, 000, 16, 015, 08, 06, 17 
2015,10,30, 000, 10, 015, 16, 03, 17 
2015,10,30, 000, 16, 015, 09, 02, 17 
2015,10,29, 000, 09, 013, 16, 00, 17 
2015,10,28, 000, 16, 015, 12, 03, 17 
2015,10,25, 000, 17, 007, 19, 00, 15 
2015,10,25, 000, 16, 011, 08, 02, 15 
2015,10,24, 000, 16, 022, 13, 00, 15 
2015,10,22, 000, 16, 004, 11, 04, 15 
2015,10,22, 000, 16, 004, 06, 06, 15 
2015,10,20, 000, 16, 026, 13, 02, 15 
2015,10,19, 000, 16, 029, 05, 04, 12 
2015,10,19, 000, 16, 029, 02, 02, 12 
2015,10,19, 000, 16, 018, 05, 04, 15 
2015,10,18, 000, 16, 027, 19, 07, 15 
2015,10,16, 000, 14, 008, 16, 00, 18 
2015,10,16, 000, 14, 008, 16, 06, 18 
2015,10,16, 000, 13, 008, 16, 02, 18 
2015,10,16, 000, 16, 008, 09, 03, 18 
2015,10,15, 000, 16, 030, 10, 00, 12 
2015,10,15, 000, 16, 030, 09, 03, 12 
2015,10,14, 000, 16, 013, 13, 02, 15 
2015,10,14, 000, 13, 026, 16, 04, 15 
2015,10,14, 000, 06, 028, 16, 07, 15 
2015,10,13, 000, 16, 025, 10, 04, 13 
2015,10,13, 000, 08, 025, 16, 01, 13 
2015,10,13, 000, 16, 025, 05, 02, 13 
2015,10,13, 000, 19, 018, 22, 06, 15 
2015,10,05, 000, 16, 029, 06, 03, 13 
2015,10,05, 000, 19, 029, 16, 01, 13 
2015,09,30, 000, 16, 013, 11, 01, 15 
2015,09,29, 000, 16, 008, 08, 00, 15 
2015,09,22, 000, 04, 001, 16, 03, 15 
2015,09,22, 000, 16, 027, 10, 02, 15 
2015,09,15, 000, 16, 007, 05, 06, 15 
2015,09,15, 000, 16, 022, 11, 07, 15 
2015,09,10, 000, 10, 026, 16, 03, 19 
2015,09,10, 000, 10, 027, 16, 04, 19 
2015,09,09, 000, 11, 031, 16, 00, 20 
2015,09,09, 000, 19, 026, 15, 04, 20 
2015,09,08, 000, 22, 008, 18, 00, 20 
2015,09,08, 000, 16, 007, 13, 03, 20 
2015,09,07, 000, 11, 031, 16, 06, 20 
2015,09,07, 000, 04, 031, 16, 01, 20 
2015,09,07, 000, 16, 031, 05, 00, 20 
2015,09,07, 000, 16, 032, 05, 01, 20 
2015,09,07, 000, 16, 032, 09, 00, 20 
2015,09,04, 000, 11, 031, 16, 06, 21 
2015,09,03, 000, 19, 011, 21, 01, 22 
2015,09,03, 000, 08, 011, 16, 04, 22 
2015,09,03, 000, 10, 027, 16, 01, 21 
2015,09,03, 000, 16, 018, 06, 04, 21 
2015,09,02, 000, 11, 027, 16, 04, 23 
2015,09,02, 000, 09, 027, 16, 01, 23 
2015,08,29, 000, 11, 008, 16, 04, 21 
2015,08,29, 000, 24, 008, 26, 02, 21 
2015,08,29, 000, 06, 008, 16, 06, 21 
2015,08,27, 000, 16, 027, 12, 04, 21 
2015,08,27, 000, 16, 027, 04, 01, 21 
2015,08,27, 000, 12, 027, 16, 00, 21 
2015,08,26, 000, 16, 008, 06, 04, 21 
2015,08,26, 000, 16, 008, 13, 06, 21 
2015,08,26, 000, 13, 008, 16, 02, 21 
2015,08,22, 000, 10, 013, 16, 00, 24 
2015,08,22, 000, 13, 013, 16, 06, 24 
2015,08,21, 000, 16, 015, 14, 03, 24 
2015,08,20, 000, 02, 001, 16, 06, 24 
2015,08,20, 000, 19, 026, 17, 04, 24 
2015,08,13, 000, 09, 013, 16, 00, 23 
2015,08,13, 000, 11, 013, 16, 06, 23 
2015,08,11, 000, 16, 018, 09, 02, 25 
2015,08,11, 000, 21, 018, 15, 00, 25 
2015,07,26, 000, 15, 008, 19, 00, 26 
2015,07,26, 000, 16, 008, 07, 03, 26 
2015,07,26, 000, 11, 008, 16, 07, 26 
2015,07,26, 000, 08, 008, 16, 04, 26 
2015,07,26, 000, 16, 007, 14, 01, 26 
2015,07,26, 000, 16, 007, 09, 04, 26 
2015,07,25, 000, 16, 020, 08, 03, 26 
2015,07,25, 000, 22, 020, 25, 06, 26 
2015,07,25, 000, 16, 020, 13, 00, 26 
2015,07,25, 000, 05, 008, 16, 02, 26 
2015,07,25, 000, 15, 008, 19, 04, 26 
2015,07,24, 000, 16, 016, 08, 01, 26 
2015,07,24, 000, 16, 016, 03, 04, 26 
2015,07,22, 000, 16, 018, 10, 00, 25 
2015,07,22, 000, 16, 018, 10, 04, 25 
2015,07,18, 000, 05, 027, 16, 01, 27 
2015,07,18, 000, 05, 027, 16, 02, 27 
2015,07,18, 000, 16, 027, 06, 00, 27 
2015,07,17, 000, 16, 031, 06, 04, 27 
2015,07,17, 000, 11, 031, 16, 06, 27 
2015,07,17, 000, 16, 031, 09, 01, 27 
2015,07,16, 000, 14, 002, 16, 03, 27 
2015,07,16, 000, 16, 008, 12, 04, 27 
2015,07,12, 000, 16, 002, 14, 04, 28 
2015,07,12, 000, 14, 002, 16, 01, 28 
2015,07,12, 000, 16, 002, 03, 06, 28 
2015,07,12, 000, 16, 005, 01, 06, 28 
2015,07,12, 000, 16, 005, 09, 00, 28 
2015,07,12, 000, 16, 033, 05, 02, 28 
2015,07,12, 000, 16, 033, 08, 04, 28 
2015,07,11, 000, 16, 016, 07, 06, 28 
2015,07,11, 000, 16, 026, 02, 00, 28 
2015,07,10, 000, 16, 022, 08, 04, 28 
2015,07,05, 000, 16, 034, 02, 00, 25 
2015,07,05, 000, 16, 034, 11, 06, 25 
2015,07,02, 000, 08, 004, 16, 02, 29 
2015,07,02, 000, 07, 004, 16, 00, 29 
2015,07,02, 000, 10, 026, 16, 03, 29 
2015,06,30, 000, 16, 026, 03, 03, 29 
2015,06,30, 000, 09, 013, 16, 01, 29 
2015,06,30, 000, 10, 031, 16, 04, 23 
2015,06,30, 000, 12, 031, 16, 01, 23 
2015,06,29, 000, 16, 027, 14, 00, 29 
2015,06,29, 000, 06, 027, 16, 04, 29 
2015,06,25, 000, 16, 035, 11, 00, 30 
2015,06,25, 000, 16, 035, 13, 03, 30 
2015,06,25, 000, 16, 028, 10, 04, 30 
2015,06,25, 000, 16, 028, 07, 00, 30 
2015,06,24, 000, 23, 026, 25, 04, 30 
2015,06,24, 000, 21, 013, 15, 03, 29 
2015,06,24, 000, 10, 008, 16, 03, 30 
2015,06,24, 000, 06, 008, 16, 06, 30 
2015,06,23, 000, 06, 007, 16, 01, 30 
2015,06,23, 000, 05, 007, 16, 00, 30 
2015,06,21, 000, 25, 013, 23, 06, 31 
2015,06,21, 000, 16, 013, 04, 04, 31 
2015,06,21, 000, 10, 013, 16, 01, 31 
2015,06,21, 000, 16, 013, 14, 03, 31 
2015,06,21, 000, 16, 005, 05, 06, 31 
2015,06,21, 000, 16, 005, 04, 03, 31 
2015,06,20, 000, 13, 013, 16, 01, 31 
2015,06,20, 000, 16, 011, 11, 04, 31 
2015,06,19, 000, 08, 012, 16, 03, 31 
2015,06,19, 000, 16, 036, 14, 06, 31 
2015,06,19, 000, 16, 005, 13, 03, 31 
2015,06,18, 000, 16, 028, 03, 01, 32 
2015,06,18, 000, 11, 026, 16, 04, 32 
2015,06,17, 000, 08, 008, 16, 07, 32 
2015,06,17, 000, 09, 001, 16, 03, 32 
2015,06,15, 000, 14, 001, 16, 02, 33 
2015,06,15, 000, 09, 001, 16, 00, 33 
2015,06,15, 000, 16, 026, 07, 06, 33 
2015,06,15, 000, 16, 026, 11, 04, 33 
2015,06,15, 000, 11, 026, 16, 03, 33 
2015,06,14, 000, 16, 004, 13, 03, 33 
2015,06,14, 000, 16, 031, 09, 00, 33 
2015,06,11, 000, 16, 011, 19, 06, 32 
2015,06,11, 000, 12, 013, 16, 07, 32 
2015,06,11, 000, 02, 008, 16, 03, 29 
2015,06,11, 000, 16, 005, 03, 04, 29 
2015,06,10, 000, 19, 036, 17, 03, 34 
2015,06,10, 000, 01, 036, 16, 01, 34 
2015,06,10, 000, 16, 036, 13, 04, 34 
2015,06,10, 000, 10, 011, 16, 03, 32 
2015,06,10, 000, 05, 001, 16, 02, 29 
2015,06,09, 000, 06, 008, 16, 01, 32 
2015,06,07, 000, 17, 027, 19, 06, 35 
2015,06,07, 000, 17, 027, 19, 04, 35 
2015,06,07, 000, 16, 011, 08, 00, 35 
2015,06,07, 000, 16, 011, 13, 02, 35 
2015,06,06, 000, 11, 001, 16, 03, 35 
2015,06,06, 000, 13, 001, 16, 01, 35 
2015,06,03, 000, 14, 027, 16, 06, 32 
2015,06,03, 000, 16, 012, 09, 04, 23 
2015,06,03, 000, 16, 012, 10, 00, 23 
2015,06,02, 000, 19, 026, 16, 04, 32 
2015,06,02, 000, 16, 012, 02, 00, 30 
2015,06,02, 000, 10, 012, 16, 01, 30 
2015,06,01, 000, 16, 018, 07, 02, 32 
2015,06,01, 000, 16, 018, 04, 01, 23 
2015,06,01, 000, 16, 018, 08, 06, 23 
2015,06,01, 000, 09, 027, 16, 02, 32 
2015,05,30, 000, 16, 013, 14, 04, 32 
2015,05,28, 000, 16, 037, 14, 02, 30 
2015,05,28, 000, 16, 037, 04, 00, 30 
2015,05,28, 000, 16, 007, 04, 02, 32 
2015,05,28, 000, 16, 005, 01, 06, 34 
2015,05,28, 000, 14, 005, 16, 00, 34 
2015,05,28, 000, 16, 005, 12, 03, 34 
2015,05,27, 000, 16, 007, 14, 07, 32 
2015,05,26, 000, 17, 008, 19, 02, 23 
2015,05,26, 000, 16, 008, 08, 03, 23 
2015,05,25, 000, 16, 011, 11, 00, 36 
2015,05,25, 000, 16, 011, 11, 02, 36 
2015,05,24, 000, 16, 018, 12, 03, 32 
2015,05,24, 000, 14, 004, 16, 00, 32 
2015,05,24, 000, 12, 001, 16, 00, 32 
2015,05,21, 000, 16, 013, 14, 01, 36 
2015,05,21, 000, 16, 013, 09, 06, 36 
2015,05,20, 000, 16, 038, 07, 01, 34 
2015,05,20, 000, 16, 038, 08, 00, 34 
2015,05,17, 000, 22, 008, 25, 06, 37 
2015,05,17, 000, 17, 008, 19, 02, 37 
2015,05,16, 000, 16, 004, 09, 06, 37 
2015,05,16, 000, 16, 004, 12, 01, 37 
2015,05,16, 000, 16, 039, 01, 06, 37 
2015,05,16, 000, 16, 039, 03, 03, 37 
2015,05,16, 000, 10, 001, 16, 04, 37 
2015,05,16, 000, 13, 001, 16, 00, 37 
2015,05,15, 000, 11, 003, 16, 04, 37 
2015,05,15, 000, 16, 003, 02, 01, 37 
2015,05,13, 000, 16, 005, 05, 06, 32 
2015,05,13, 000, 16, 008, 14, 03, 25 
2015,05,13, 000, 11, 008, 16, 00, 25 
2015,05,12, 000, 16, 012, 07, 04, 25 
2015,05,12, 000, 13, 012, 16, 00, 25 
2015,05,12, 000, 16, 004, 14, 06, 32 
2015,05,11, 000, 16, 040, 03, 01, 30 
2015,05,11, 000, 16, 040, 03, 04, 30 
2015,05,10, 000, 19, 041, 21, 04, 25 
2015,05,10, 000, 16, 041, 09, 03, 25 
2015,05,07, 000, 15, 004, 19, 01, 30 
2015,05,06, 000, 16, 011, 13, 01, 25 
2015,05,06, 000, 16, 011, 06, 04, 25 
2015,05,02, 000, 13, 027, 16, 00, 38 
2015,05,02, 000, 08, 027, 16, 07, 38 
2015,05,02, 000, 16, 027, 06, 04, 38 
2015,05,01, 000, 16, 042, 01, 00, 38 
2015,05,01, 000, 16, 042, 11, 07, 38 
2015,05,01, 000, 08, 027, 16, 00, 38 
2015,05,01, 000, 13, 027, 16, 07, 38 
2015,05,01, 000, 16, 027, 14, 04, 38 
2015,04,29, 000, 16, 027, 14, 00, 36 
2015,04,29, 000, 08, 027, 16, 06, 36 
2015,04,29, 000, 16, 027, 10, 04, 36 
2015,04,28, 000, 16, 028, 08, 03, 36 
2015,04,28, 000, 16, 028, 11, 01, 36 
2015,04,23, 000, 16, 007, 04, 00, 25 
2015,04,23, 000, 14, 007, 16, 01, 25 
2015,04,23, 000, 16, 008, 09, 03, 39 
2015,04,21, 000, 16, 043, 10, 06, 25 
2015,04,21, 000, 16, 043, 09, 00, 25 
2015,04,19, 000, 21, 028, 18, 01, 25 
2015,04,19, 000, 05, 028, 16, 00, 25 
2015,04,19, 000, 16, 018, 11, 01, 25 
2015,04,19, 000, 16, 018, 02, 06, 25 
2015,04,16, 000, 14, 004, 16, 01, 39 
2015,04,16, 000, 16, 040, 12, 00, 39 
2015,04,16, 000, 21, 013, 18, 01, 39 
2015,04,15, 000, 14, 027, 16, 01, 39 
2015,04,15, 000, 16, 004, 10, 00, 39 
2015,04,14, 000, 31, 001, 28, 06, 39 
2015,04,14, 000, 16, 027, 12, 06, 39 
2015,04,12, 000, 16, 026, 13, 03, 40 
2015,04,12, 000, 07, 026, 16, 07, 40 
2015,04,12, 000, 16, 026, 12, 00, 40 
2015,04,12, 000, 16, 013, 12, 03, 40 
2015,04,12, 000, 16, 013, 07, 04, 40 
2015,04,12, 000, 15, 013, 19, 06, 40 
2015,04,11, 000, 16, 018, 03, 03, 40 
2015,04,11, 000, 16, 018, 04, 00, 40 
2015,04,11, 000, 16, 008, 09, 06, 40 
2015,04,11, 000, 16, 008, 04, 00, 40 
2015,04,11, 000, 05, 008, 16, 07, 40 
2015,04,10, 000, 12, 018, 16, 06, 40 
2015,04,10, 000, 16, 018, 02, 00, 40 
2015,04,10, 000, 11, 018, 16, 03, 40 
2015,04,07, 000, 14, 005, 16, 00, 41 
2015,04,07, 000, 14, 005, 16, 03, 41 
2015,04,07, 000, 16, 005, 05, 04, 41 
2015,04,07, 000, 06, 005, 16, 07, 41 
2015,04,06, 000, 16, 028, 03, 07, 41 
2015,04,06, 000, 16, 028, 11, 00, 41 
2015,04,06, 000, 11, 013, 16, 06, 39 
2015,04,02, 000, 16, 001, 11, 04, 39 
2015,03,31, 000, 16, 026, 09, 01, 39 
2015,03,31, 000, 19, 026, 21, 06, 39 
2015,03,28, 000, 10, 026, 16, 07, 42 
2015,03,28, 000, 11, 026, 16, 01, 42 
2015,03,27, 000, 02, 013, 16, 05, 42 
2015,03,27, 000, 14, 013, 16, 04, 42 
2015,03,27, 000, 16, 013, 12, 06, 42 
2015,03,27, 000, 16, 027, 11, 04, 42 
2015,03,27, 000, 19, 027, 15, 01, 42 
2015,03,27, 000, 11, 027, 16, 06, 42 
2015,03,25, 000, 03, 001, 16, 07, 43 
2015,03,25, 000, 13, 001, 16, 00, 43 
2015,03,25, 000, 16, 001, 12, 06, 43 
2015,03,24, 000, 16, 005, 03, 06, 43 
2015,03,24, 000, 16, 005, 08, 00, 43 
2015,03,23, 000, 12, 027, 16, 01, 43 
2015,03,23, 000, 04, 027, 16, 06, 43 
2015,03,13, 000, 03, 013, 16, 03, 44 
2015,03,13, 000, 16, 013, 14, 01, 44 
2015,03,13, 000, 12, 013, 16, 07, 44 
2015,03,12, 000, 16, 039, 03, 06, 44 
2015,03,12, 000, 07, 001, 16, 03, 44 
2015,03,12, 000, 16, 005, 02, 00, 44 
2015,02,26, 000, 07, 008, 16, 00, 39 
2015,02,18, 000, 16, 040, 11, 00, 39 
2015,01,15, 000, 16, 044, 08, 04, 45 
2015,01,15, 000, 16, 044, 12, 06, 45 
2014,12,11, 000, 16, 045, 11, 04, 45 
2014,12,11, 000, 16, 045, 14, 00, 45 
2014,12,11, 000, 09, 045, 16, 03, 45 
2014,11,29, 000, 11, 046, 16, 01, 46 
2014,11,29, 000, 11, 046, 16, 06, 46 
2014,11,28, 000, 16, 018, 13, 00, 46 
2014,11,28, 000, 16, 018, 03, 03, 46 
2014,11,27, 000, 19, 005, 15, 04, 46 
2014,11,27, 000, 02, 008, 16, 05, 46 
2014,11,27, 000, 16, 005, 08, 00, 46 
2014,11,02, 000, 03, 008, 16, 06, 47 
2014,11,02, 000, 16, 008, 11, 05, 47 
2014,11,02, 000, 12, 008, 16, 00, 47 
2014,11,01, 000, 14, 046, 16, 04, 47 
2014,11,01, 000, 10, 046, 16, 06, 47 
2014,11,01, 000, 16, 047, 13, 05, 47 
2014,11,01, 000, 16, 047, 13, 04, 47 
2014,10,30, 000, 16, 001, 05, 00, 47 
2014,10,30, 000, 16, 048, 14, 01, 47 
2014,10,30, 000, 16, 049, 10, 05, 47 
2014,10,30, 000, 16, 050, 07, 06, 47 
2014,10,30, 000, 16, 051, 05, 06, 47 
2014,10,28, 000, 02, 018, 16, 01, 48 
2014,10,28, 000, 17, 018, 19, 06, 48 
2014,10,27, 000, 16, 007, 13, 01, 48 
2014,10,27, 000, 08, 007, 16, 00, 48 
2014,10,27, 000, 16, 007, 14, 05, 48 
2014,10,27, 000, 16, 026, 14, 06, 48 
2014,10,27, 000, 16, 026, 14, 00, 48 
2014,10,27, 000, 01, 026, 16, 01, 48 
2014,10,19, 000, 06, 046, 16, 00, 49 
2014,10,19, 000, 16, 046, 12, 04, 49 
2014,10,19, 000, 19, 046, 17, 01, 49 
2014,10,19, 000, 09, 046, 16, 06, 49 
2014,10,19, 000, 16, 026, 11, 00, 49 
2014,10,19, 000, 16, 026, 10, 01, 49 
2014,10,19, 000, 16, 044, 12, 04, 49 
2014,10,19, 000, 16, 044, 10, 06, 49 
2014,10,18, 000, 07, 046, 16, 06, 49 
2014,10,18, 000, 08, 046, 16, 04, 49 
2014,10,16, 000, 16, 052, 04, 01, 48 
2014,10,05, 000, 10, 007, 16, 04, 48 
2014,10,05, 000, 09, 007, 16, 00, 48 
2014,10,05, 000, 16, 011, 13, 04, 50 
2014,10,05, 000, 06, 011, 16, 01, 50 
2014,10,05, 000, 06, 011, 16, 07, 50 
2014,10,05, 000, 16, 011, 01, 00, 50 
2014,10,04, 000, 17, 007, 19, 04, 48 
2014,10,04, 000, 16, 011, 12, 06, 50 
2014,10,04, 000, 16, 011, 14, 00, 50 
2014,10,03, 000, 16, 008, 07, 06, 50 
2014,10,03, 000, 16, 008, 14, 08, 50 
2014,10,03, 000, 16, 008, 19, 00, 50 
2014,09,26, 000, 16, 041, 07, 01, 51 
2014,09,26, 000, 15, 053, 15, 08, 51 
2014,09,26, 000, 16, 054, 08, 00, 51 
2014,09,25, 000, 13, 008, 16, 08, 51 
2014,09,23, 000, 16, 055, 11, 01, 52 
2014,09,23, 000, 16, 056, 08, 01, 53 
2014,09,23, 000, 16, 056, 04, 00, 53 
2014,09,22, 000, 16, 026, 14, 08, 51 
2014,09,22, 000, 16, 054, 05, 00, 52 
2014,09,22, 000, 16, 011, 10, 00, 52 
2014,09,19, 000, 16, 045, 06, 08, 51 
2014,09,19, 000, 16, 057, 06, 08, 51 
2014,08,31, 000, 14, 001, 16, 01, 54 
2014,08,31, 000, 16, 001, 11, 02, 54 
2014,08,31, 000, 03, 001, 16, 06, 54 
2014,08,31, 000, 19, 001, 17, 00, 54 
2014,08,31, 000, 16, 011, 08, 00, 54 
2014,08,31, 000, 16, 011, 11, 06, 54 
2014,08,31, 000, 05, 011, 16, 01, 54 
2014,08,30, 000, 06, 001, 16, 06, 54 
2014,08,30, 000, 11, 001, 16, 00, 54 
2014,08,30, 000, 16, 011, 14, 06, 54 
2014,08,30, 000, 16, 011, 06, 01, 54 
2014,08,16, 000, 14, 001, 16, 05, 55 
2014,08,16, 000, 16, 001, 07, 01, 55 
2014,08,16, 000, 11, 001, 16, 06, 55 
2014,08,15, 000, 19, 041, 17, 01, 55 
2014,08,15, 000, 12, 046, 16, 06, 55 
2014,08,14, 000, 16, 041, 06, 06, 55 
2014,08,07, 000, 13, 046, 16, 00, 56 
2014,08,07, 000, 15, 011, 15, 00, 56 
2014,08,06, 000, 09, 047, 16, 06, 57 
2014,08,06, 000, 08, 047, 16, 07, 57 
2014,08,06, 000, 16, 047, 10, 01, 57 
2014,07,31, 000, 13, 026, 16, 00, 56 
2014,07,30, 000, 16, 004, 13, 06, 58 
2014,07,30, 000, 11, 004, 16, 07, 58 
2014,07,30, 000, 16, 004, 01, 01, 58 
2014,07,29, 000, 16, 053, 11, 00, 56 
2014,07,29, 000, 16, 001, 14, 00, 56 
2014,07,29, 000, 16, 044, 08, 01, 56 
2014,07,28, 000, 14, 058, 16, 01, 56 
2014,07,28, 000, 09, 007, 16, 00, 56 
2014,07,28, 000, 16, 008, 13, 00, 56 
2014,07,28, 000, 16, 059, 11, 01, 56 
2014,07,27, 000, 16, 060, 06, 01, 59 
2014,07,27, 000, 16, 060, 13, 06, 59 
2014,07,27, 000, 07, 060, 16, 02, 59 
2014,07,27, 000, 26, 061, 22, 00, 59 
2014,07,27, 000, 16, 061, 10, 06, 59 
2014,07,26, 000, 16, 048, 21, 01, 59 
2014,07,26, 000, 16, 048, 03, 00, 59 
2014,07,26, 000, 08, 048, 16, 06, 59 
2014,07,26, 000, 16, 062, 02, 00, 59 
2014,07,26, 000, 16, 062, 04, 01, 59 
2014,07,25, 000, 16, 063, 13, 01, 56 
2014,07,16, 000, 16, 046, 14, 01, 60 
2014,07,16, 000, 09, 046, 16, 08, 60 
2014,07,16, 000, 16, 046, 13, 00, 60 
2014,07,16, 000, 16, 026, 07, 07, 60 
2014,07,16, 000, 16, 026, 08, 00, 60 
2014,07,13, 000, 16, 045, 11, 00, 56 
2014,07,13, 000, 16, 064, 03, 02, 56 
2014,06,29, 000, 09, 008, 16, 02, 61 
2014,06,29, 000, 16, 008, 14, 00, 61 
2014,06,29, 000, 10, 008, 16, 08, 61 
2014,06,29, 000, 16, 065, 12, 01, 61 
2014,06,29, 000, 16, 065, 07, 08, 61 
2014,06,28, 000, 10, 066, 16, 06, 61 
2014,06,28, 000, 14, 066, 16, 01, 61 
2014,06,28, 000, 16, 067, 08, 01, 61 
2014,06,28, 000, 16, 067, 12, 08, 61 
2014,06,16, 000, 16, 004, 19, 02, 62 
2014,06,16, 000, 05, 004, 16, 06, 62 
2014,06,16, 000, 16, 044, 08, 06, 62 
2014,06,16, 000, 16, 044, 10, 00, 62 
2014,06,16, 000, 16, 008, 09, 00, 62 
2014,06,16, 000, 16, 008, 09, 06, 62 
2014,06,15, 000, 16, 005, 05, 01, 62 
2014,06,15, 000, 16, 068, 11, 00, 62 
2014,06,15, 000, 14, 005, 16, 01, 62 
2014,05,04, 000, 16, 004, 08, 06, 63 
2014,05,04, 000, 16, 004, 13, 01, 63 
2014,05,03, 000, 16, 026, 11, 00, 63 
2014,05,03, 000, 16, 026, 09, 01, 63 
2014,05,02, 000, 19, 004, 15, 02, 63 
2014,05,02, 000, 16, 004, 03, 01, 63 
2014,04,27, 000, 11, 011, 16, 06, 64 
2014,04,25, 000, 16, 007, 13, 02, 64 
2014,04,25, 000, 16, 069, 10, 01, 64 
2014,04,25, 000, 17, 007, 19, 01, 64 
2014,04,10, 000, 16, 051, 10, 06, 65 
2014,04,07, 000, 16, 070, 07, 00, 65 
2014,04,07, 000, 15, 001, 15, 02, 65 
2014,04,03, 000, 16, 008, 09, 02, 65 
2014,04,01, 000, 16, 071, 08, 01, 65 
2014,03,31, 000, 16, 069, 12, 06, 65 
2014,03,31, 000, 12, 011, 16, 00, 65 
2014,03,25, 000, 16, 072, 14, 02, 65 
2014,03,24, 000, 16, 026, 12, 00, 65 
2014,03,22, 000, 08, 040, 16, 00, 66 
2014,03,20, 000, 16, 043, 09, 00, 66 
2014,03,18, 000, 16, 073, 04, 02, 65 
2014,03,18, 000, 11, 004, 16, 06, 65 
2014,03,13, 000, 13, 069, 16, 01, 67 
2014,03,13, 000, 08, 040, 16, 06, 67 
2014,03,08, 000, 13, 051, 16, 01, 66 
2014,03,08, 000, 13, 004, 16, 02, 66 
2014,03,08, 000, 16, 055, 06, 06, 66 
2014,03,06, 000, 16, 074, 10, 00, 65 
2014,03,05, 000, 16, 007, 08, 00, 65 
2014,02,28, 000, 14, 046, 16, 01, 65 
2014,02,26, 000, 26, 043, 23, 02, 68 
2014,02,26, 000, 05, 043, 16, 06, 68 
2014,02,26, 000, 16, 043, 11, 01, 68 
2014,02,25, 000, 16, 075, 09, 01, 68 
2014,02,25, 000, 16, 075, 06, 06, 68 
2013,12,22, 000, 08, 076, 16, 05, 69 
2013,12,22, 000, 16, 076, 14, 00, 69 
2013,12,22, 000, 14, 076, 16, 02, 69 
2013,12,22, 000, 16, 077, 14, 06, 69 
2013,12,22, 000, 16, 077, 10, 00, 69 
2013,12,21, 000, 16, 078, 11, 06, 69 
2013,12,21, 000, 16, 078, 13, 01, 69 
2013,12,21, 000, 17, 078, 21, 05, 69 
2013,12,20, 000, 09, 076, 16, 06, 69 
2013,12,20, 000, 16, 076, 07, 01, 69 
2013,12,20, 000, 04, 076, 16, 07, 69 
2013,12,11, 000, 11, 069, 16, 01, 70 
2013,12,11, 000, 16, 069, 12, 00, 70 
2013,12,11, 000, 09, 069, 16, 06, 70 
2013,12,10, 000, 16, 079, 14, 01, 70 
2013,12,10, 000, 16, 080, 06, 02, 70 
2013,12,10, 000, 16, 063, 11, 01, 71 
2013,12,10, 000, 11, 004, 16, 06, 70 
2013,12,10, 000, 16, 079, 05, 00, 71 
2013,12,09, 000, 09, 071, 16, 01, 71 
2013,12,09, 000, 16, 081, 13, 00, 71 
2013,12,09, 000, 16, 007, 08, 01, 71 
2013,12,09, 000, 11, 078, 16, 06, 71 
2013,12,06, 000, 16, 082, 09, 06, 71 
2013,12,06, 000, 15, 062, 15, 01, 71 
2013,12,05, 000, 09, 051, 16, 06, 71 
2013,12,03, 000, 16, 073, 13, 02, 71 
2013,12,03, 000, 15, 040, 15, 00, 71 
2013,12,03, 000, 16, 055, 05, 06, 71 
2013,11,28, 000, 13, 040, 16, 00, 72 
2013,11,28, 000, 09, 001, 16, 00, 72 
2013,11,25, 000, 16, 083, 08, 01, 71 
2013,11,16, 000, 09, 078, 16, 06, 73 
2013,11,16, 000, 16, 078, 19, 01, 73 
2013,11,16, 000, 16, 078, 10, 00, 73 
2013,11,16, 000, 14, 079, 16, 06, 73 
2013,11,16, 000, 04, 079, 16, 02, 73 
2013,11,16, 000, 25, 078, 23, 06, 73 
2013,11,16, 000, 04, 078, 16, 00, 73 
2013,11,16, 000, 16, 078, 12, 01, 73 
2013,11,13, 000, 08, 069, 16, 06, 71 
2013,10,27, 000, 05, 079, 16, 06, 74 
2013,10,26, 000, 02, 004, 16, 01, 74 
2013,10,26, 000, 31, 079, 28, 01, 74 
2013,10,09, 000, 16, 084, 11, 09, 75 
2013,10,09, 000, 16, 071, 12, 09, 75 
2013,09,26, 000, 15, 081, 15, 10, 76 
2013,09,26, 000, 06, 045, 16, 10, 76 
2013,09,25, 000, 16, 085, 07, 11, 76 
2013,09,25, 000, 05, 086, 16, 09, 77 
2013,09,24, 000, 16, 087, 09, 11, 77 
2013,09,24, 000, 16, 088, 04, 11, 77 
2013,09,24, 000, 12, 004, 16, 11, 76 
2013,09,19, 000, 03, 070, 16, 10, 76 
2013,09,18, 000, 14, 078, 16, 11, 78 
2013,09,17, 000, 16, 041, 09, 11, 78 
2013,09,17, 000, 16, 089, 08, 10, 78 
2013,09,15, 000, 11, 090, 16, 09, 79 
2013,09,15, 000, 11, 090, 16, 12, 79 
2013,09,15, 000, 16, 090, 07, 10, 79 
2013,09,14, 000, 16, 041, 13, 09, 79 
2013,09,14, 000, 16, 041, 08, 10, 79 
2013,09,14, 000, 16, 091, 03, 09, 79 
2013,09,14, 000, 10, 078, 16, 10, 79 
2013,09,14, 000, 16, 092, 05, 09, 79 
2013,09,10, 000, 03, 004, 16, 07, 80 
2013,09,10, 000, 16, 069, 12, 10, 80 
2013,09,09, 000, 16, 071, 14, 09, 76 
2013,09,09, 000, 11, 051, 16, 11, 81 
2013,09,09, 000, 15, 090, 15, 11, 81 
2013,09,08, 000, 09, 078, 16, 10, 76 
2013,09,08, 000, 05, 051, 16, 09, 76 
2013,09,08, 000, 15, 093, 15, 09, 76 
2013,09,06, 000, 15, 093, 15, 10, 81 
2013,09,06, 000, 16, 001, 14, 11, 76 
2013,09,06, 000, 15, 055, 15, 09, 76 
2013,09,05, 000, 16, 055, 01, 09, 81 
2013,09,05, 000, 16, 001, 07, 10, 81 
2013,09,03, 000, 17, 094, 21, 09, 82 
2013,08,28, 000, 16, 095, 08, 09, 76 
2013,08,28, 000, 15, 062, 15, 10, 76 
2013,07,14, 000, 12, 063, 16, 12, 83 
2013,07,14, 000, 12, 063, 16, 10, 83 
2013,07,14, 000, 16, 063, 07, 11, 83 
2013,07,14, 000, 16, 096, 07, 11, 83 
2013,07,14, 000, 16, 096, 08, 10, 83 
2013,07,14, 000, 16, 097, 11, 12, 83 
2013,07,14, 000, 16, 097, 02, 10, 83 
2013,07,13, 000, 16, 098, 04, 09, 83 
2013,07,13, 000, 16, 099, 03, 10, 83 
2013,07,13, 000, 16, 100, 08, 10, 83 
2013,07,13, 000, 16, 101, 09, 11, 83 
2013,07,07, 000, 02, 004, 16, 13, 84 
2013,07,07, 000, 08, 004, 16, 11, 84 
2013,07,07, 000, 16, 004, 09, 12, 84 
2013,07,07, 000, 16, 004, 12, 09, 84 
2013,07,06, 000, 16, 008, 14, 09, 84 
2013,07,06, 000, 16, 008, 05, 10, 84 
2013,07,06, 000, 16, 008, 19, 11, 84 
2013,07,05, 000, 19, 045, 16, 11, 84 
2013,07,05, 000, 16, 045, 10, 10, 84 
2013,07,04, 000, 10, 004, 16, 09, 84 
2013,07,04, 000, 02, 004, 16, 12, 84 
2013,07,04, 000, 16, 004, 13, 10, 84 
2013,06,25, 000, 14, 004, 16, 09, 85 
2013,06,25, 000, 13, 008, 16, 09, 85 
2013,06,20, 000, 11, 001, 16, 12, 85 
2013,06,19, 000, 16, 081, 13, 11, 85 
2013,06,12, 000, 16, 085, 04, 12, 85 
2013,06,11, 000, 16, 102, 11, 12, 85 
2013,06,10, 000, 16, 103, 08, 10, 86 
2013,06,10, 000, 15, 045, 15, 12, 86 
2013,06,10, 000, 06, 041, 16, 09, 86 
2013,06,07, 000, 16, 084, 04, 09, 85 
2013,06,07, 000, 10, 051, 16, 09, 85 
2013,06,05, 000, 16, 104, 10, 09, 85 
2013,06,04, 000, 13, 083, 16, 10, 87 
2013,06,03, 000, 16, 071, 13, 10, 85 
2013,06,03, 000, 13, 055, 16, 09, 85 
2013,06,02, 000, 16, 105, 08, 10, 85 
2013,05,29, 000, 11, 045, 16, 11, 85 
2013,05,29, 000, 18, 046, 21, 10, 88 
2013,05,28, 000, 16, 001, 05, 10, 88 
2013,05,28, 000, 16, 103, 13, 10, 88 
2013,05,22, 000, 04, 001, 16, 10, 89 
2013,05,21, 000, 16, 106, 05, 09, 89 
2013,05,21, 000, 21, 093, 17, 09, 89 
2013,05,21, 000, 16, 083, 12, 11, 89 
2013,04,06, 000, 05, 004, 16, 09, 90 
2013,04,06, 000, 03, 004, 16, 12, 90 
2013,04,05, 000, 19, 045, 15, 09, 90 
2013,04,05, 000, 16, 045, 09, 12, 90 
2013,04,04, 000, 13, 008, 16, 09, 90 
2013,04,04, 000, 14, 008, 16, 11, 90 
2013,03,29, 000, 22, 001, 18, 09, 91 
2013,03,29, 000, 16, 001, 06, 12, 91 
2013,03,29, 000, 10, 001, 16, 10, 91 
2013,03,29, 000, 13, 044, 16, 11, 91 
2013,03,29, 000, 16, 044, 12, 10, 91 
2013,03,29, 000, 13, 044, 16, 12, 91 
2013,03,29, 000, 16, 107, 08, 11, 91 
2013,03,29, 000, 16, 107, 06, 10, 91 
2013,03,23, 000, 05, 045, 16, 12, 92 
2013,03,23, 000, 05, 004, 16, 12, 92 
2013,03,21, 000, 12, 008, 16, 11, 93 
2013,03,21, 000, 16, 071, 06, 09, 93 
2013,03,20, 000, 16, 004, 12, 09, 93 
2013,03,20, 000, 16, 054, 07, 10, 93 
2013,03,19, 000, 13, 001, 16, 09, 93 
2013,03,14, 000, 16, 081, 07, 10, 93 
2013,03,13, 000, 04, 046, 16, 10, 94 
2013,03,13, 000, 16, 108, 07, 09, 94 
2013,03,13, 000, 21, 109, 18, 09, 94 
2013,03,11, 000, 03, 104, 16, 10, 93 
2013,03,06, 000, 16, 109, 07, 09, 93 
2013,03,05, 000, 16, 007, 11, 10, 93 
2013,03,03, 000, 16, 110, 06, 10, 93 
2013,02,24, 000, 14, 093, 16, 11, 95 
2013,02,24, 000, 16, 093, 11, 09, 95 
2013,02,24, 000, 30, 093, 34, 10, 95 
2013,02,23, 000, 15, 045, 15, 12, 95 
2013,02,23, 000, 16, 084, 04, 12, 95 
2013,02,23, 000, 16, 111, 06, 12, 95 
2013,02,18, 000, 16, 112, 07, 09, 93 
2013,02,17, 000, 16, 113, 07, 10, 93 
2013,02,14, 000, 16, 045, 09, 10, 93 
2013,01,31, 000, 09, 004, 16, 12, 96 
2013,01,29, 000, 10, 109, 16, 09, 96 
2013,01,27, 000, 05, 090, 16, 10, 96 
2012,12,06, 000, 09, 007, 16, 09, 97 
2012,12,06, 000, 08, 045, 16, 12, 97 
2012,12,03, 000, 16, 071, 07, 10, 97 
2012,11,29, 000, 16, 081, 03, 09, 97 
2012,11,29, 000, 14, 054, 16, 10, 97 
2012,11,28, 000, 16, 104, 09, 10, 97 
2012,11,27, 000, 03, 008, 16, 12, 97 
