2016,08,12,01:40,43,6,7,465,8,16,7,8,1,8,43,10,20,0.51 
2016,08,12,01:40,43,6,2,465,7,16,6,9,1,7,43,15,21,0.82 
2016,07,24,23:30,243,244,14,510,16,7,11,4,5,3,243,23,10,1.62 
2016,07,24,23:30,244,243,7,510,8,16,3,12,5,4,243,18,14,1.06 
2016,07,24,23:30,244,243,1,510,19,16,5,10,10,5,243,21,22,0.94 
2016,07,24,23:30,244,243,5,510,14,16,9,6,5,10,243,25,18,1.29 
2016,07,23,02:15,243,251,7,510,16,7,13,2,3,5,243,20,14,1.25 
2016,07,23,02:15,243,251,0,510,9,16,3,12,6,4,243,13,21,0.68 
2016,07,23,02:15,243,251,5,510,16,10,10,5,6,5,243,24,15,1.43 
2016,07,13,04:10,43,7,2,522,11,16,8,7,3,9,43,22,21,1.12 
2016,07,13,04:10,7,43,14,522,16,12,10,5,6,7,43,22,20,1.03 
2016,06,09,03:00,95,43,14,548,16,13,5,10,11,3,43,21,20,0.92 
2016,06,09,03:00,95,43,1,548,8,16,6,9,2,7,43,29,9,2.22 
2016,06,08,23:00,142,43,1,548,3,16,3,12,0,4,43,21,8,1.73 
2016,06,08,23:00,43,142,14,548,16,9,9,6,7,3,43,26,15,1.47 
2016,06,04,19:00,94,43,0,554,16,10,8,7,8,3,43,24,19,1.19 
2016,06,04,19:00,94,43,14,554,16,7,9,6,7,1,43,15,19,0.76 
2016,06,04,19:00,43,94,2,554,16,13,10,5,6,8,43,33,17,1.57 
2016,06,02,02:00,78,43,14,548,8,16,6,9,2,7,43,16,11,1.12 
2016,06,02,02:00,43,78,1,548,14,16,5,10,9,6,43,31,21,1.46 
2016,05,27,02:00,194,43,0,548,16,7,12,3,4,4,43,16,21,0.73 
2016,05,27,02:00,43,194,4,548,9,16,6,9,3,7,43,21,18,1.21 
2016,05,26,01:00,113,43,2,548,16,14,9,6,7,8,43,23,21,1.10 
2016,05,26,01:00,43,113,0,548,14,16,8,7,6,9,43,20,17,1.01 
2016,05,24,00:30,6,43,7,548,16,9,10,5,6,4,43,13,19,0.70 
2016,05,24,00:30,43,6,2,548,3,16,2,13,1,3,43,13,18,0.71 
2016,05,20,00:15,43,94,7,548,7,16,3,12,4,4,43,20,18,1.28 
2016,05,20,00:15,43,94,0,548,12,16,5,10,7,6,43,15,17,0.81 
2016,05,10,04:10,386,43,2,580,7,16,4,11,3,5,43,24,16,1.50 
2016,05,10,04:10,386,43,7,580,12,16,4,11,8,5,43,25,18,1.33 
2016,05,08,04:40,113,43,7,580,16,9,8,7,8,2,43,20,17,1.23 
2016,05,08,04:40,43,113,0,580,9,16,4,11,5,5,43,21,18,1.05 
2016,05,06,04:15,43,142,2,580,16,7,11,4,5,3,43,19,12,1.36 
2016,05,06,04:15,43,142,7,580,16,6,10,5,6,1,43,21,14,1.28 
2016,04,26,02:00,404,43,2,600,16,6,13,2,3,4,43,13,18,0.77 
2016,04,26,02:00,404,43,0,600,16,8,11,4,5,4,43,13,18,0.85 
2016,04,25,01:00,43,113,7,600,16,14,9,6,7,8,43,28,18,1.42 
2016,04,25,01:00,43,113,0,600,16,13,8,7,8,6,43,19,20,0.92 
2016,04,25,01:00,43,113,14,600,6,16,4,11,2,5,43,11,16,0.80 
2016,04,24,00:15,43,194,7,600,16,12,12,3,4,9,43,33,13,1.96 
2016,04,23,22:00,404,43,0,600,16,6,10,5,6,1,43,16,16,0.99 
2016,01,09,01:00,600,716,1,677,13,16,10,5,3,11,716,30,15,1.50 
2016,01,08,18:15,716,278,0,677,3,16,3,12,0,4,716,6,16,0.39 
2016,01,07,23:30,702,716,2,677,16,0,15,0,1,0,716,7,16,0.40 
2016,01,06,21:00,716,404,6,677,9,16,4,11,5,5,716,9,21,0.48 
2015,12,13,23:15,763,716,7,704,5,16,5,10,0,6,716,18,9,1.46 
2015,12,13,23:15,716,763,6,704,16,3,14,1,2,2,716,17,6,1.64 
2015,12,13,23:15,763,716,4,704,16,13,10,5,6,8,716,24,18,1.30 
2015,12,13,19:45,764,716,1,704,7,16,3,12,4,4,716,18,12,1.27 
2015,12,13,19:45,716,764,0,704,22,19,12,3,3,12,716,25,23,0.94 
2015,12,13,19:45,764,716,7,704,16,12,8,7,8,5,716,21,16,1.10 
2015,12,13,15:00,716,763,14,704,13,16,6,9,7,7,716,16,22,0.72 
2015,12,13,15:00,763,716,7,704,16,3,12,3,4,0,716,10,17,0.68 
