2016,08,14,14:30,35,62,5,478,16,11,8,7,8,4,62,19,20,0.99 
2016,08,14,14:30,62,35,4,478,12,16,6,9,6,7,62,13,19,0.71 
2016,08,11,14:30,62,105,7,478,16,9,9,6,7,3,62,24,13,1.52 
2016,08,11,14:30,62,105,2,478,16,11,9,6,7,5,62,15,20,0.74 
2016,08,08,16:00,144,62,4,478,10,16,7,8,3,8,62,17,16,1.02 
2016,08,08,16:00,62,144,1,478,19,16,7,8,8,7,62,24,22,1.04 
2016,08,08,16:00,62,144,0,478,12,16,8,7,4,9,62,18,18,1.08 
2016,07,28,15:00,62,150,7,504,7,16,5,10,2,6,62,5,21,0.25 
2016,07,28,15:00,62,150,14,504,9,16,5,10,4,6,62,6,19,0.47 
2016,07,28,15:00,150,62,0,504,14,16,6,9,8,7,62,17,19,0.93 
2016,07,27,15:00,62,148,0,504,16,10,8,7,8,3,62,20,17,1.10 
2016,07,27,15:00,62,148,2,504,19,17,11,4,4,11,62,1,4,0.74 
2016,07,25,15:00,62,61,0,504,16,5,13,2,3,3,62,10,14,0.70 
2016,07,25,15:00,62,61,1,504,16,1,14,1,2,0,62,11,8,1.04 
2016,04,17,16:10,62,150,6,607,3,16,3,12,0,4,62,6,16,0.42 
2016,04,17,16:10,62,150,7,607,5,16,5,10,0,6,62,13,19,0.68 
2016,04,15,13:15,62,494,6,607,16,5,13,2,3,3,62,18,7,1.48 
2016,04,15,13:15,62,494,2,607,16,5,12,3,4,2,62,14,9,1.08 
2015,12,12,13:00,752,256,14,691,14,16,5,10,9,6,752,20,20,0.96 
2015,12,11,13:00,752,751,0,691,2,16,2,13,0,3,752,11,18,0.64 
2015,11,12,14:00,752,368,7,691,16,8,8,7,8,1,752,23,14,1.41 
2015,11,12,14:00,752,368,14,691,16,10,7,8,9,2,752,12,13,0.82 
2015,11,08,11:00,150,752,7,691,16,2,13,2,3,0,752,17,16,1.23 
2015,11,07,11:00,752,34,7,691,14,16,4,11,10,5,752,17,23,0.80 
2015,11,03,12:00,752,878,2,642,16,7,9,6,7,1,752,11,14,0.79 
2015,10,02,15:30,150,752,14,642,16,3,12,3,4,0,752,9,17,0.63 
2015,10,02,15:30,752,150,6,642,6,16,4,11,2,5,752,19,16,1.15 
2015,09,18,16:50,977,752,1,642,9,16,6,9,3,7,752,21,17,1.08 
2015,09,12,19:00,752,751,0,642,5,16,4,11,1,5,752,4,18,0.30 
2015,09,12,16:40,752,367,7,642,16,11,9,6,7,5,752,22,15,1.24 
2015,04,17,14:00,752,34,0,940,8,16,8,7,0,9,752,15,18,0.82 
