2016,08,14,19:15,45,46,2,477,10,16,6,9,4,7,46,26,18,1.44 
2016,08,14,18:20,46,47,0,477,16,9,10,5,6,4,46,26,13,1.61 
2016,08,14,16:10,46,51,14,477,16,4,12,3,4,1,46,15,9,1.28 
2016,08,14,15:00,58,46,4,477,14,16,10,5,4,11,46,25,18,1.24 
2016,08,09,21:20,46,9,14,471,16,10,7,8,9,2,46,27,14,1.45 
2016,08,09,21:20,9,46,1,471,16,4,11,4,5,0,46,15,15,0.98 
2016,08,09,21:20,46,9,2,471,16,11,11,4,5,7,46,24,20,1.13 
2016,08,03,21:15,46,119,4,471,16,14,6,9,10,5,46,17,23,0.74 
2016,08,03,21:15,46,119,0,471,16,8,10,5,6,3,46,19,12,1.21 
2016,08,03,18:00,46,101,0,471,16,6,11,4,5,2,46,23,11,1.52 
2016,08,03,18:00,46,101,4,471,17,19,5,10,10,5,46,21,30,0.69 
2016,08,03,18:00,101,46,2,471,11,16,10,5,1,11,46,19,18,1.01 
2016,08,01,21:45,22,46,0,471,14,16,11,4,3,12,46,21,19,1.04 
2016,08,01,21:45,46,22,4,471,16,6,12,3,4,3,46,22,12,1.58 
2016,08,01,18:15,46,31,0,496,16,11,14,1,2,10,46,25,19,1.32 
2016,08,01,18:15,31,46,4,496,7,16,2,13,5,3,46,18,17,0.99 
2016,07,31,21:00,46,42,0,499,16,8,12,3,4,5,46,22,9,1.54 
2016,07,31,21:00,42,46,4,499,8,16,8,7,0,9,46,29,13,1.96 
2016,07,31,16:00,102,46,5,498,14,16,4,11,10,5,46,24,20,1.08 
2016,07,31,16:00,46,102,14,498,16,14,13,2,3,12,46,25,21,1.29 
2016,07,24,09:45,46,52,14,512,14,16,6,9,8,7,46,19,22,0.94 
2016,07,24,09:45,46,52,1,512,10,16,6,9,4,7,46,19,19,0.96 
2016,07,24,09:45,52,46,2,512,16,6,11,4,5,2,46,14,21,0.83 
2016,07,22,11:00,46,34,2,512,16,9,8,7,8,2,46,14,19,0.71 
2016,07,22,11:00,34,46,0,512,10,16,8,7,2,9,46,20,18,1.01 
2016,07,22,07:30,46,35,4,512,16,10,8,7,8,3,46,35,14,1.95 
2016,07,22,05:45,46,208,4,512,16,0,15,0,1,0,46,18,4,2.10 
2016,07,22,04:00,46,185,4,512,16,9,10,5,6,4,46,32,17,1.89 
2016,07,19,22:05,196,46,1,496,12,16,4,11,8,5,46,29,13,1.61 
2016,07,19,22:05,196,46,14,496,9,16,4,11,5,5,46,14,17,0.82 
2016,07,19,18:10,100,46,0,499,14,16,5,10,9,6,46,22,20,1.02 
2016,07,19,18:10,46,100,6,499,11,16,8,7,3,9,46,14,20,0.73 
2016,07,19,18:10,100,46,2,499,14,16,5,10,9,6,46,26,24,1.18 
2016,07,17,17:30,46,52,0,503,14,16,9,6,5,10,46,28,20,1.26 
2016,07,17,17:30,46,52,14,503,23,25,8,7,7,8,46,43,31,1.29 
2016,07,16,16:25,46,184,5,503,16,5,11,4,5,1,46,19,12,1.33 
2016,07,16,16:25,46,184,0,503,13,16,5,10,8,6,46,20,23,0.99 
2016,07,16,16:25,184,46,2,503,3,16,0,15,3,1,46,14,12,0.98 
2016,07,16,14:00,46,52,0,503,13,16,7,8,6,8,46,23,20,1.24 
2016,07,13,20:30,196,46,0,499,5,16,4,11,1,5,46,20,11,1.54 
2016,07,13,20:30,46,196,4,499,16,8,9,6,7,2,46,21,14,1.31 
2016,06,29,22:35,46,177,4,536,12,16,10,5,2,11,46,17,18,0.88 
2016,06,29,21:30,46,132,0,536,16,10,12,3,4,7,46,18,17,1.02 
2016,06,29,20:30,46,297,14,536,16,8,11,4,5,4,46,20,19,1.06 
2016,06,28,18:00,52,46,0,536,20,22,7,8,8,7,46,22,29,0.83 
2016,06,27,22:15,177,46,14,536,16,8,9,6,7,2,46,9,19,0.51 
2016,06,27,22:15,177,46,0,536,12,16,5,10,7,6,46,25,17,1.38 
2016,06,27,22:15,177,46,4,536,16,13,10,5,6,8,46,19,22,0.98 
2016,06,27,16:15,46,297,2,536,16,13,12,3,4,10,46,21,19,1.03 
2016,06,27,16:15,297,46,0,536,13,16,10,5,3,11,46,31,19,1.53 
2016,06,19,18:00,354,302,2,546,16,8,12,3,4,5,302,10,19,0.59 
2016,06,19,18:00,302,354,4,546,9,16,5,10,4,6,302,10,18,0.68 
2016,06,19,18:00,302,354,14,546,16,6,9,6,7,0,302,12,16,0.89 
2016,06,18,21:00,253,302,4,546,16,12,6,9,10,3,302,21,23,0.94 
2016,06,18,18:00,302,354,2,546,16,13,6,9,10,4,302,26,19,1.31 
2016,06,15,17:15,233,355,14,499,5,16,4,11,1,5,355,17,12,1.22 
2016,06,15,17:15,355,233,0,499,19,15,7,8,8,7,355,36,21,1.59 
2016,06,15,17:15,233,355,4,499,16,9,8,7,8,2,355,17,18,0.96 
2016,06,13,16:10,262,355,0,498,3,16,3,12,0,4,355,13,9,1.18 
2016,06,13,16:10,262,355,2,498,12,16,7,8,5,8,355,25,18,1.22 
2016,06,07,20:00,301,355,4,498,10,16,6,9,4,7,355,27,16,1.47 
2016,06,07,20:00,301,355,1,498,18,22,6,9,9,6,355,26,31,0.89 
2016,06,05,12:00,132,384,1,546,16,14,6,9,10,5,384,24,21,1.22 
2016,06,05,12:00,384,132,2,546,14,16,8,7,6,9,384,14,21,0.71 
2016,06,04,18:15,301,384,4,546,5,16,4,11,1,5,384,18,12,1.26 
2016,05,31,22:15,384,177,0,498,12,16,7,8,5,8,384,21,21,0.98 
2016,05,31,22:15,384,177,4,498,16,7,9,6,7,1,384,19,12,1.21 
2016,05,30,22:50,384,147,2,498,16,10,9,6,7,4,384,21,16,1.19 
2016,05,30,22:50,384,147,14,498,11,16,5,10,6,6,384,19,21,0.98 
2016,05,30,20:15,384,297,4,498,14,16,5,10,9,6,384,20,20,0.95 
2016,05,30,20:15,384,297,1,498,16,10,6,9,10,1,384,15,13,1.16 
2016,05,30,17:15,384,147,0,499,16,14,7,8,9,6,384,18,23,0.77 
2016,05,30,17:15,147,384,1,499,16,9,8,7,8,2,384,17,22,0.76 
2016,05,30,17:15,384,147,4,499,16,2,13,2,3,0,384,24,9,2.01 
2016,05,26,19:15,384,233,14,496,16,11,6,9,10,2,384,21,19,1.06 
2016,05,26,19:15,233,384,6,496,13,16,5,10,8,6,384,25,18,1.27 
2016,05,25,23:15,384,29,14,498,16,4,11,4,5,0,384,22,9,1.80 
2016,05,25,23:15,384,29,2,498,16,14,7,8,9,6,384,26,24,1.08 
2016,05,23,20:10,384,287,14,499,16,12,6,9,10,3,384,27,19,1.40 
2016,05,23,20:10,287,384,1,499,4,16,3,12,1,4,384,25,8,1.91 
2016,05,22,20:00,384,49,6,496,16,5,10,5,6,0,384,22,9,1.67 
2016,05,22,20:00,49,384,4,496,16,6,10,5,6,1,384,10,19,0.57 
2016,05,22,20:00,384,49,14,496,16,8,11,4,5,4,384,23,15,1.37 
2016,05,20,22:00,384,101,2,498,8,16,8,7,0,9,384,21,22,1.21 
2016,05,20,22:00,101,384,4,498,14,16,8,7,6,9,384,21,22,0.98 
2016,05,17,17:15,384,331,0,499,16,3,12,3,4,0,384,17,7,1.42 
2016,05,17,17:15,331,384,2,499,3,16,2,13,1,3,384,17,8,1.53 
2016,05,09,20:15,297,384,1,499,5,16,5,10,0,6,384,16,10,1.17 
2016,05,09,20:15,384,297,0,499,16,13,6,9,10,4,384,27,16,1.44 
2016,05,02,20:55,30,216,0,499,16,9,10,5,6,4,30,18,16,1.03 
2016,05,02,20:55,216,30,7,499,17,19,4,11,11,4,30,28,28,0.99 
2016,04,30,18:50,30,118,0,573,8,16,6,9,2,7,30,20,17,1.10 
2016,03,24,23:00,260,539,7,623,16,5,10,5,6,0,539,16,17,1.07 
2016,03,24,23:00,260,539,14,623,16,5,13,2,3,3,539,14,20,0.87 
2016,03,24,19:00,539,542,6,623,19,16,11,4,4,11,539,24,24,1.01 
2016,03,24,19:00,539,542,7,623,16,7,9,6,7,1,539,25,13,1.52 
2016,03,24,15:30,539,548,14,623,16,10,8,7,8,3,539,27,16,1.76 
2016,03,24,13:00,539,567,1,623,16,11,10,5,6,6,539,22,14,1.25 
2015,12,21,22:00,722,690,0,684,14,16,5,10,9,6,722,17,22,0.75 
2015,12,16,18:00,137,723,7,697,16,9,7,8,9,1,723,20,18,1.06 
2015,12,16,18:00,137,723,0,697,6,16,4,11,2,5,723,21,13,1.37 
2015,12,16,18:00,723,137,2,697,14,16,5,10,9,6,723,23,26,0.88 
2015,12,14,18:00,723,475,2,697,16,10,8,7,8,3,723,21,17,1.09 
2015,05,05,20:30,937,941,1,830,6,16,4,11,2,5,941,17,15,1.09 
2015,05,05,19:30,939,941,0,830,13,16,8,7,5,9,941,26,21,1.21 
