2016,08,15,20:00,8,9,7,466,16,12,6,9,10,3,8,18,18,0.95 
2016,08,15,20:00,9,8,14,466,11,16,7,8,4,8,8,18,17,0.92 
2016,07,30,22:00,210,8,0,502,8,16,5,10,3,6,8,17,10,1.21 
2016,07,30,22:00,8,210,14,502,16,10,6,9,10,1,8,17,16,0.99 
2016,07,30,04:00,8,214,7,502,16,10,6,9,10,1,8,23,15,1.33 
2016,07,30,04:00,214,8,2,502,7,16,6,9,1,7,8,26,11,1.67 
2016,07,23,04:00,8,250,14,502,16,9,6,9,10,0,8,20,14,1.14 
2016,07,23,04:00,250,8,1,502,8,16,6,9,2,7,8,12,15,0.80 
2016,07,15,23:00,8,286,0,502,22,20,12,3,3,12,8,33,29,1.10 
2016,07,15,23:00,8,286,14,502,16,9,10,5,6,4,8,18,16,1.03 
2016,07,13,22:15,8,152,0,502,16,6,13,2,3,4,8,12,11,0.97 
2016,07,13,22:15,152,8,1,502,17,19,7,8,8,7,8,28,22,1.21 
2016,07,09,15:00,8,302,0,523,12,16,9,6,3,10,8,12,21,0.69 
2016,07,09,15:00,302,8,5,523,16,5,12,3,4,2,8,14,18,0.78 
2016,07,09,15:00,8,302,14,523,19,17,9,6,6,9,8,20,26,0.82 
2016,07,08,10:00,253,8,2,523,15,19,11,4,4,11,8,19,22,0.81 
2016,07,08,10:00,8,253,4,523,19,17,12,3,3,12,8,26,24,1.04 
2016,07,06,16:00,8,303,14,523,16,12,6,9,10,3,8,18,20,1.00 
2016,07,05,17:15,8,214,2,523,16,10,7,8,9,2,8,18,16,1.14 
2016,07,02,04:00,8,258,7,502,8,16,4,11,4,5,8,8,17,0.52 
2016,07,02,04:00,8,258,2,502,11,16,9,6,2,10,8,14,22,0.73 
2016,06,30,22:15,152,8,14,502,6,16,3,12,3,4,8,24,11,1.64 
2016,06,30,22:15,8,152,0,502,16,6,13,2,3,4,8,17,10,1.28 
2016,06,29,21:30,8,152,2,502,16,9,7,8,9,1,8,20,14,1.26 
2016,06,29,20:20,152,8,5,502,16,12,9,6,7,6,8,20,23,0.93 
2016,06,28,23:50,8,258,7,502,11,16,10,5,1,11,8,25,21,1.17 
2016,06,28,22:40,258,8,0,502,16,19,9,6,6,9,8,33,26,1.18 
2016,06,28,19:10,8,116,14,502,16,11,7,8,9,3,8,24,16,1.31 
2016,06,28,18:00,116,8,4,502,7,16,1,14,6,2,8,21,15,1.20 
2016,06,05,16:25,8,215,2,557,16,4,14,1,2,3,8,12,14,0.83 
2016,06,05,16:25,215,8,0,557,18,22,11,4,4,11,8,25,25,0.96 
2016,05,25,21:55,196,8,14,564,19,17,11,4,4,11,8,20,28,0.82 
2016,05,25,21:55,196,8,0,564,9,16,7,8,2,8,8,21,13,1.23 
2016,05,25,21:55,196,8,7,564,16,3,12,3,4,0,8,11,19,0.58 
2016,05,22,18:00,215,8,14,567,10,16,6,9,4,7,8,24,16,1.17 
2016,05,22,18:00,215,8,2,567,16,8,12,3,4,5,8,10,21,0.55 
2016,05,22,18:00,8,215,6,567,16,11,12,3,4,8,8,21,16,1.18 
2016,05,21,20:15,380,8,1,567,12,16,7,8,5,8,8,20,19,1.07 
2016,05,21,20:15,380,8,0,567,11,16,10,5,1,11,8,21,17,1.08 
2016,05,20,14:30,59,8,7,567,12,16,11,4,1,12,8,29,19,1.36 
2016,05,20,14:30,59,8,0,567,6,16,6,9,0,7,8,14,12,1.03 
2016,05,19,09:30,8,331,14,567,16,13,7,8,9,5,8,22,22,1.09 
2016,05,19,09:30,8,331,7,567,17,19,7,8,8,7,8,30,26,1.15 
2016,05,19,09:30,8,331,0,567,16,5,10,5,6,0,8,15,10,1.11 
2016,05,17,21:00,8,292,2,563,9,16,9,6,0,10,8,22,19,1.14 
2016,05,17,21:00,8,292,7,563,4,16,1,14,3,2,8,13,18,0.77 
2016,05,10,18:00,8,258,2,563,16,9,10,5,6,4,8,19,15,1.05 
2016,05,10,18:00,8,258,7,563,16,14,10,5,6,9,8,32,17,1.48 
2016,05,10,18:00,8,258,6,563,9,16,7,8,2,8,8,18,16,1.13 
2016,04,30,16:45,424,8,0,590,16,11,12,3,4,8,8,13,21,0.61 
2016,04,30,16:45,424,8,7,590,13,16,9,6,4,10,8,23,16,1.21 
2016,04,30,16:45,8,424,6,590,16,4,13,2,3,2,8,21,8,1.60 
2016,04,30,16:45,424,8,2,590,16,7,12,3,4,4,8,8,17,0.53 
2016,04,30,16:45,424,8,1,590,16,9,10,5,6,4,8,19,19,0.95 
2016,04,29,22:30,8,312,6,590,16,8,12,3,4,5,8,11,16,0.75 
2016,04,29,22:30,312,8,0,590,6,16,3,12,3,4,8,16,12,1.06 
2016,04,29,17:30,59,8,14,590,16,11,7,8,9,3,8,15,23,0.80 
2016,04,29,17:30,59,8,0,590,16,14,10,5,6,9,8,18,20,0.89 
2016,04,28,13:45,8,362,4,590,16,11,11,4,5,7,8,20,15,1.15 
2016,04,28,13:45,8,362,14,590,11,16,5,10,6,6,8,18,19,0.88 
2016,04,28,13:45,8,362,0,590,16,14,10,5,6,9,8,24,22,1.00 
2016,04,26,20:00,13,8,6,598,16,6,11,4,5,2,8,14,17,0.80 
2016,04,26,19:00,8,13,2,598,16,14,5,10,11,4,8,22,17,1.18 
2016,04,25,21:15,8,253,7,563,8,16,5,10,3,6,8,13,17,0.79 
2016,04,25,21:15,253,8,6,563,16,1,14,1,2,0,8,8,16,0.51 
2016,04,25,18:00,210,8,14,563,9,16,4,11,5,5,8,18,20,0.88 
2016,04,25,18:00,8,210,2,563,14,16,4,11,10,5,8,22,20,1.08 
2016,04,25,18:00,210,8,4,563,10,16,7,8,3,8,8,18,17,1.02 
2016,04,24,16:00,8,214,2,563,13,16,9,6,4,10,8,21,20,1.00 
2016,04,24,16:00,214,8,7,563,16,4,12,3,4,1,8,12,17,0.71 
2016,04,23,19:00,8,250,0,563,25,22,9,6,6,9,8,34,29,1.15 
2016,04,23,19:00,8,250,7,563,16,12,7,8,9,4,8,18,20,0.92 
2016,04,21,22:00,8,214,2,598,19,15,6,9,9,6,8,29,22,1.19 
2016,04,21,21:15,8,214,7,598,5,16,2,13,3,3,8,10,20,0.52 
2016,04,19,18:00,285,8,7,563,16,12,7,8,9,4,8,7,25,0.32 
2016,04,19,18:00,8,285,0,563,10,16,6,9,4,7,8,23,20,1.31 
2016,04,19,18:00,285,8,14,563,8,16,5,10,3,6,8,25,14,1.60 
2016,04,16,20:45,8,250,2,608,12,16,5,10,7,6,8,18,21,0.93 
2016,04,16,20:45,8,250,7,608,12,16,3,12,9,4,8,15,21,0.73 
2016,04,13,21:30,8,424,0,608,16,9,9,6,7,3,8,21,13,1.35 
2016,04,12,20:00,285,8,2,608,8,16,5,10,3,6,8,23,17,1.38 
2016,04,10,16:00,22,8,0,563,16,14,7,8,9,6,8,17,20,0.82 
2016,04,10,16:00,8,22,7,563,16,4,11,4,5,0,8,26,7,2.08 
2016,04,10,16:00,8,22,14,563,13,16,10,5,3,11,8,23,20,1.20 
2016,04,07,21:10,8,302,2,598,12,16,5,10,7,6,8,19,21,0.92 
2016,04,07,20:15,302,8,7,598,16,11,11,4,5,7,8,15,20,0.83 
2016,04,02,16:00,8,70,4,615,11,16,3,12,8,4,8,14,18,0.83 
2016,04,02,16:00,70,8,14,615,16,10,11,4,5,6,8,23,21,1.28 
2016,04,02,16:00,70,8,7,615,17,19,5,10,10,5,8,30,23,1.18 
2016,04,01,02:00,292,8,14,615,7,16,5,10,2,6,8,23,12,1.43 
2016,04,01,02:00,8,292,6,615,9,16,8,7,1,9,8,14,21,0.69 
2016,04,01,02:00,292,8,2,615,9,16,5,10,4,6,8,13,15,0.81 
2016,03,31,02:40,8,215,14,615,4,16,3,12,1,4,8,11,16,0.71 
2016,03,30,02:15,292,8,2,615,1,16,1,14,0,2,8,18,7,1.84 
2016,03,18,12:45,215,8,2,629,16,12,6,9,10,3,8,19,23,0.77 
2016,03,18,12:45,8,215,4,629,14,16,10,5,4,11,8,18,23,0.75 
2016,03,17,13:05,8,429,1,629,16,11,13,2,3,9,8,17,14,1.03 
2016,03,17,13:05,429,8,6,629,11,16,7,8,4,8,8,20,19,1.08 
2016,03,12,22:15,8,292,4,598,6,16,5,10,1,6,8,6,20,0.33 
2016,03,12,21:00,292,8,2,598,14,16,8,7,6,9,8,19,24,0.77 
2016,03,09,21:00,250,8,4,598,16,11,6,9,10,2,8,21,19,1.04 
2016,03,09,20:00,250,8,7,598,16,2,14,1,2,1,8,12,17,0.83 
2016,03,04,18:15,8,210,6,637,8,16,1,14,7,2,8,12,18,0.69 
2016,03,04,18:15,210,8,2,637,16,5,11,4,5,1,8,8,19,0.42 
2016,03,03,21:00,8,285,0,637,16,13,8,7,8,6,8,11,21,0.56 
2016,03,03,19:55,8,472,4,637,16,9,11,4,5,5,8,26,12,1.62 
2016,03,03,18:30,8,424,14,637,9,16,2,13,7,3,8,8,20,0.52 
2016,03,03,16:00,258,8,7,637,14,16,4,11,10,5,8,26,19,1.27 
2016,03,03,14:40,8,253,4,637,6,16,5,10,1,6,8,8,18,0.53 
2016,02,24,22:30,253,8,7,598,16,11,13,2,3,9,8,17,21,0.79 
2016,02,24,21:30,8,253,4,598,3,16,2,13,1,3,8,4,18,0.22 
2016,02,23,22:45,8,258,0,598,13,16,5,10,8,6,8,17,19,0.91 
2016,02,23,21:15,8,258,14,598,22,20,8,7,7,8,8,23,25,0.84 
2016,02,17,20:58,8,215,14,598,12,16,6,9,6,7,8,18,19,0.97 
2016,02,17,19:00,215,8,1,598,16,9,7,8,9,1,8,8,20,0.57 
2016,02,15,22:00,8,22,4,598,14,16,7,8,7,8,8,24,23,1.13 
2016,02,15,21:00,22,8,0,598,16,5,11,4,5,1,8,7,18,0.42 
2016,02,11,22:15,8,210,4,598,9,16,7,8,2,8,8,10,17,0.66 
2016,02,11,21:15,8,210,1,598,12,16,3,12,9,4,8,12,20,0.63 
2016,02,10,22:30,285,8,0,598,16,10,12,3,4,7,8,16,20,0.90 
2016,02,10,21:00,8,285,2,598,9,16,8,7,1,9,8,20,21,1.03 
2016,01,22,22:00,22,8,14,667,22,20,7,8,8,7,8,31,30,1.02 
2016,01,22,22:00,22,8,0,667,16,7,8,7,8,0,8,15,16,0.94 
2016,01,22,22:00,22,8,7,667,11,16,8,7,3,9,8,22,19,1.09 
2016,01,22,14:00,214,8,1,667,16,5,10,5,6,0,8,11,18,0.58 
2015,12,07,20:30,59,8,7,593,16,10,8,7,8,3,8,15,21,0.66 
2015,12,07,20:30,8,59,0,593,17,21,9,6,6,9,8,28,26,0.96 
2015,12,07,20:30,8,59,4,593,16,14,8,7,8,7,8,8,18,0.57 
2015,11,28,14:00,210,8,7,728,16,9,11,4,5,5,8,11,18,0.64 
2015,11,28,14:00,210,8,6,728,16,10,13,2,3,8,8,11,17,0.73 
2015,11,28,14:00,8,210,0,728,16,11,7,8,9,3,8,18,16,1.00 
2015,11,27,18:15,8,303,0,728,16,8,8,7,8,1,8,16,15,0.94 
2015,11,27,18:00,8,303,4,728,16,6,12,3,4,3,8,17,13,1.16 
2015,11,26,16:00,8,270,0,728,13,16,3,12,10,4,8,27,16,1.48 
2015,11,26,13:00,8,229,14,728,16,12,9,6,7,6,8,18,17,1.00 
2015,11,22,05:50,303,8,0,734,16,9,9,6,7,3,8,14,22,0.66 
2015,11,22,05:50,303,8,4,734,16,2,13,2,3,0,8,14,16,1.03 
2015,11,18,20:00,8,13,2,593,16,6,12,3,4,3,8,19,11,1.37 
2015,11,18,20:00,8,13,0,593,16,14,7,8,9,6,8,30,21,1.35 
2015,11,17,20:00,250,8,4,740,16,13,11,4,5,9,8,16,22,0.82 
2015,11,17,19:00,8,22,14,740,7,16,5,10,2,6,8,13,20,0.65 
2015,11,16,19:30,404,8,0,747,14,16,9,6,5,10,8,19,21,0.95 
2015,11,16,19:30,404,8,2,747,2,16,2,13,0,3,8,19,7,1.64 
2015,11,16,18:00,214,8,1,740,13,16,5,10,8,6,8,21,16,1.07 
2015,11,15,23:00,8,59,7,749,16,7,9,6,7,1,8,24,10,1.66 
2015,11,15,22:00,59,8,4,749,5,16,5,10,0,6,8,11,11,0.85 
2015,11,15,20:15,8,711,2,749,16,2,13,2,3,0,8,17,8,1.50 
2015,11,15,19:00,250,8,14,749,14,16,2,13,12,3,8,20,20,0.93 
2015,11,14,22:00,210,8,2,749,16,10,7,8,9,2,8,19,20,0.87 
2015,11,14,20:00,8,711,14,749,16,8,7,8,9,0,8,24,14,1.44 
2015,11,14,19:00,8,292,7,749,10,16,4,11,6,5,8,17,18,1.00 
2015,11,13,21:15,8,258,7,749,16,4,11,4,5,0,8,20,7,1.68 
2015,11,13,20:10,250,8,0,749,16,14,5,10,11,4,8,15,19,0.77 
2015,11,13,19:00,292,8,2,749,16,13,8,7,8,6,8,12,22,0.62 
2015,11,12,21:00,8,22,7,740,4,16,1,14,3,2,8,17,18,1.02 
2015,11,12,18:00,472,8,1,696,13,16,8,7,5,9,8,23,14,1.36 
2015,11,11,21:00,214,8,6,740,16,2,13,2,3,0,8,8,18,0.44 
2015,11,11,20:00,8,711,2,740,16,13,12,3,4,10,8,19,21,0.95 
2015,11,11,17:15,292,8,2,696,16,14,5,10,11,4,8,24,22,1.10 
2015,11,11,17:15,292,8,6,696,16,4,11,4,5,0,8,10,19,0.60 
2015,11,08,23:35,214,8,14,758,4,16,3,12,1,4,8,12,11,0.98 
2015,11,08,23:35,8,214,0,758,16,8,13,2,3,6,8,22,13,1.28 
2015,11,08,23:35,214,8,6,758,8,16,4,11,4,5,8,17,13,1.18 
2015,11,08,16:00,8,711,14,758,16,13,7,8,9,5,8,25,17,1.26 
2015,11,08,16:00,711,8,2,758,10,16,7,8,3,8,8,15,21,0.77 
2015,11,07,20:30,8,22,0,758,16,11,9,6,7,5,8,17,19,0.88 
2015,11,07,20:30,8,22,6,758,16,13,9,6,7,7,8,20,17,1.01 
2015,11,07,20:30,22,8,2,758,19,17,10,5,5,10,8,17,26,0.73 
2015,11,07,01:45,8,738,6,758,22,19,6,9,9,6,8,17,28,0.62 
2015,11,07,01:45,8,738,2,758,16,7,9,6,7,1,8,22,14,1.40 
2015,11,03,18:00,584,8,2,696,16,9,12,3,4,6,8,14,19,0.80 
2015,11,03,18:00,584,8,14,696,16,13,7,8,9,5,8,18,20,0.85 
2015,10,31,13:45,292,8,2,766,19,17,9,6,6,9,8,25,24,1.00 
2015,10,31,13:45,8,292,7,766,10,16,7,8,3,8,8,13,17,0.77 
2015,10,29,20:55,8,711,2,766,16,7,9,6,7,1,8,23,12,1.60 
2015,10,28,16:00,8,303,14,766,19,15,6,9,9,6,8,24,23,0.97 
2015,10,24,21:20,270,8,4,740,16,3,13,2,3,1,8,4,17,0.26 
2015,10,24,20:20,8,302,14,740,16,13,10,5,6,8,8,16,17,0.88 
2015,10,22,20:00,147,8,4,593,12,16,6,9,6,7,8,13,18,0.70 
2015,10,22,20:00,8,147,0,593,16,7,10,5,6,2,8,13,15,0.93 
2015,10,22,19:00,196,8,2,740,10,16,9,6,1,10,8,23,13,1.37 
2015,10,21,21:00,270,8,4,749,5,16,2,13,3,3,8,16,10,1.37 
2015,10,20,20:00,59,8,4,740,11,16,8,7,3,9,8,26,12,1.49 
2015,10,20,19:00,8,270,0,740,11,16,10,5,1,11,8,23,19,1.19 
2015,10,19,21:00,8,210,7,740,16,19,9,6,6,9,8,21,22,0.92 
2015,10,18,21:25,210,8,2,740,19,17,7,8,8,7,8,22,27,0.89 
2015,10,18,20:00,196,8,7,740,16,8,10,5,6,3,8,16,18,0.86 
2015,10,18,19:00,250,8,6,740,12,16,11,4,1,12,8,18,17,1.00 
2015,10,18,18:00,258,8,1,740,16,5,12,3,4,2,8,14,15,0.87 
2015,10,16,17:00,215,8,0,782,14,16,5,10,9,6,8,29,17,1.53 
2015,10,16,17:00,8,215,6,782,16,14,8,7,8,7,8,14,24,0.57 
2015,10,16,17:00,215,8,2,782,13,16,8,7,5,9,8,17,19,0.95 
2015,10,16,17:00,8,215,14,782,9,16,4,11,5,5,8,19,21,1.02 
2015,10,04,15:15,8,270,4,793,12,16,6,9,6,7,8,9,24,0.41 
2015,10,04,15:15,270,8,2,793,16,12,8,7,8,5,8,17,22,0.87 
2015,10,04,12:00,210,8,1,793,12,16,5,10,7,6,8,19,23,0.80 
2015,10,04,12:00,210,8,2,793,12,16,6,9,6,7,8,25,18,1.35 
2015,10,03,17:45,270,8,2,793,16,14,7,8,9,6,8,15,23,0.70 
2015,10,03,17:45,8,270,6,793,12,16,11,4,1,12,8,16,18,0.91 
2015,10,02,13:00,303,8,0,793,9,16,6,9,3,7,8,19,16,1.11 
2015,10,02,13:00,8,303,4,793,16,14,10,5,6,9,8,16,19,0.80 
2015,09,30,22:15,270,8,7,749,16,11,8,7,8,4,8,19,19,1.00 
2015,09,30,21:15,8,711,6,740,14,16,6,9,8,7,8,24,19,1.12 
2015,09,30,20:00,258,8,0,740,19,16,7,8,8,7,8,23,21,0.94 
2015,09,30,19:00,210,8,1,749,10,16,9,6,1,10,8,26,15,1.47 
2015,09,29,22:00,258,8,0,749,14,16,9,6,5,10,8,19,17,1.06 
2015,09,29,21:00,8,215,0,740,8,16,7,8,1,8,8,21,20,1.08 
2015,09,29,20:00,8,302,4,740,16,8,10,5,6,3,8,19,11,1.25 
2015,09,29,19:00,59,8,14,740,9,16,4,11,5,5,8,17,13,1.03 
2015,09,26,18:00,8,258,14,804,6,16,5,10,1,6,8,19,18,1.24 
2015,09,26,18:00,258,8,7,804,16,7,11,4,5,3,8,16,18,0.86 
2015,09,26,18:00,8,258,0,804,16,9,8,7,8,2,8,30,14,1.69 
2015,09,26,18:00,8,258,6,804,12,16,2,13,10,3,8,9,19,0.53 
2015,09,26,18:00,8,258,2,804,16,8,11,4,5,4,8,17,12,1.19 
2015,09,24,20:00,8,297,0,593,16,10,13,2,3,8,8,11,15,0.72 
2015,09,24,20:00,8,297,14,593,6,16,3,12,3,4,8,25,17,1.58 
2015,09,24,20:00,297,8,2,593,10,16,6,9,4,7,8,20,17,1.06 
2015,09,24,17:40,270,8,2,802,16,3,14,1,2,2,8,8,18,0.43 
2015,09,24,17:40,270,8,4,802,16,11,10,5,6,6,8,22,17,1.20 
2015,09,22,22:00,950,642,4,796,12,16,7,8,5,8,950,22,22,1.00 
2015,09,22,22:00,950,642,1,796,5,16,4,11,1,5,950,14,17,0.93 
2015,09,14,21:00,957,934,0,799,16,10,7,8,9,2,934,15,19,0.81 
2015,09,14,20:00,103,934,7,799,10,16,8,7,2,9,934,19,17,1.05 
2015,09,12,17:00,8,270,0,822,16,14,12,3,4,11,8,13,19,0.70 
2015,09,12,17:00,8,270,14,822,16,7,9,6,7,1,8,10,12,0.80 
2015,09,12,17:00,270,8,1,822,16,3,12,3,4,0,8,10,16,0.63 
2015,09,12,17:00,8,270,2,822,16,7,11,4,5,3,8,24,13,1.43 
2015,09,12,17:00,270,8,4,822,16,13,10,5,6,8,8,17,19,0.95 
2015,09,11,20:45,210,8,7,822,4,16,4,11,0,5,8,23,11,1.79 
2015,09,11,20:45,8,210,2,822,16,5,11,4,5,1,8,12,13,0.84 
2015,09,11,20:45,8,210,14,822,7,16,5,10,2,6,8,12,21,0.56 
2015,09,10,17:30,258,8,7,822,7,16,0,15,7,1,8,19,12,1.21 
2015,09,10,14:20,250,8,0,822,7,16,7,8,0,8,8,26,14,1.57 
2015,09,08,22:30,215,8,0,825,22,18,11,4,4,11,8,31,32,0.97 
2015,09,08,13:00,472,8,4,825,8,16,7,8,1,8,8,23,12,1.47 
2015,09,08,00:30,8,711,6,825,8,16,2,13,6,3,8,12,14,0.81 
2015,09,08,00:30,8,711,2,825,10,16,9,6,1,10,8,15,24,0.59 
2015,09,08,00:30,711,8,4,825,15,19,8,7,7,8,8,26,26,0.92 
2015,09,07,15:30,855,8,1,825,3,16,3,12,0,4,8,14,8,1.21 
2015,09,07,15:30,8,855,0,825,16,4,12,3,4,1,8,16,10,1.19 
2015,09,02,21:00,8,258,2,802,20,22,12,3,3,12,8,34,29,1.11 
2015,09,02,21:00,8,258,6,802,10,16,6,9,4,7,8,11,21,0.53 
2015,08,29,18:00,8,215,4,823,16,11,9,6,7,5,8,15,16,0.88 
2015,08,29,18:00,215,8,2,823,24,26,12,3,3,12,8,25,39,0.68 
2015,08,29,18:00,8,215,6,823,16,6,9,6,7,0,8,20,11,1.40 
2015,08,28,18:00,8,270,0,823,16,12,12,3,4,9,8,23,19,1.30 
2015,08,28,18:00,270,8,7,823,12,16,10,5,2,11,8,19,19,0.97 
2015,08,28,18:00,8,270,4,823,6,16,5,10,1,6,8,8,18,0.50 
2015,08,28,18:00,270,8,2,823,14,16,8,7,6,9,8,20,22,0.87 
2015,08,28,18:00,8,270,6,823,13,16,7,8,6,8,8,18,21,0.80 
2015,08,27,18:00,23,8,2,823,8,16,7,8,1,8,8,14,15,0.91 
2015,08,27,18:00,8,23,7,823,16,10,7,8,9,2,8,20,11,1.29 
2015,08,26,21:00,8,215,4,823,6,16,5,10,1,6,8,11,19,0.71 
2015,08,26,21:00,8,215,6,823,13,16,8,7,5,9,8,23,22,0.98 
2015,08,26,21:00,215,8,2,823,13,16,8,7,5,9,8,23,16,1.11 
2015,08,23,15:30,210,8,14,846,16,7,8,7,8,0,8,16,19,0.80 
2015,08,23,15:30,8,210,6,846,14,16,7,8,7,8,8,18,22,0.89 
2015,08,23,15:30,210,8,0,846,6,16,6,9,0,7,8,14,12,1.09 
2015,08,22,18:00,8,250,6,846,16,5,11,4,5,1,8,22,11,1.51 
2015,08,22,18:00,250,8,2,846,14,16,9,6,5,10,8,18,22,0.83 
2015,08,20,21:05,8,257,14,846,16,8,8,7,8,1,8,22,14,1.32 
2015,08,20,18:15,8,429,14,846,16,8,9,6,7,2,8,20,10,1.24 
2015,07,26,22:15,215,8,0,871,15,19,10,5,5,10,8,21,23,0.95 
2015,07,26,22:15,8,215,14,871,7,16,6,9,1,7,8,13,18,0.80 
2015,07,26,22:15,215,8,7,871,11,16,10,5,1,11,8,22,16,1.34 
2015,07,26,22:15,8,215,4,871,16,8,11,4,5,4,8,19,14,1.12 
2015,07,26,19:15,8,257,6,871,16,11,14,1,2,10,8,15,17,0.85 
2015,07,26,19:15,8,257,7,871,7,16,4,11,3,5,8,17,17,0.84 
2015,07,26,19:15,8,257,2,871,16,5,13,2,3,3,8,21,12,1.56 
2015,07,25,16:45,215,8,2,871,5,16,5,10,0,6,8,9,16,0.58 
2015,07,25,16:45,8,215,4,871,19,15,6,9,9,6,8,22,23,0.94 
2015,07,24,23:00,8,424,7,871,16,13,11,4,5,9,8,28,17,1.42 
2015,07,24,23:00,424,8,2,871,9,16,8,7,1,9,8,15,15,0.90 
2015,07,17,12:15,23,8,7,874,16,0,15,0,1,0,8,9,16,0.58 
2015,07,17,12:15,23,8,1,874,16,12,7,8,9,4,8,16,19,0.78 
2015,07,17,12:15,8,23,2,874,21,17,9,6,6,9,8,24,26,0.88 
2015,07,16,14:00,8,215,4,874,12,16,7,8,5,8,8,16,20,0.83 
2015,07,04,18:30,8,210,1,877,9,16,4,11,5,5,8,16,18,0.88 
2015,07,04,18:30,8,210,4,877,3,16,3,12,0,4,8,6,17,0.44 
2015,07,04,18:30,8,210,7,877,16,12,7,8,9,4,8,18,18,0.99 
2015,07,02,18:15,8,257,4,877,16,10,10,5,6,5,8,20,14,1.15 
2015,07,02,12:50,70,8,14,877,4,16,4,11,0,5,8,22,10,1.59 
2015,06,30,20:00,8,711,7,878,16,13,9,6,7,7,8,23,22,1.04 
2015,06,27,19:30,8,214,2,880,20,22,7,8,8,7,8,28,27,0.99 
2015,06,27,19:30,214,8,0,880,16,13,11,4,5,9,8,23,21,1.21 
2015,06,27,19:30,214,8,1,880,15,19,11,4,4,11,8,20,22,0.90 
2015,06,27,15:15,257,8,1,880,5,16,4,11,1,5,8,21,11,1.45 
2015,06,27,15:15,257,8,4,880,13,16,9,6,4,10,8,31,20,1.51 
2015,06,26,21:30,214,8,7,880,16,5,11,4,5,1,8,10,19,0.56 
2015,06,26,21:30,8,214,14,880,20,22,4,11,11,4,8,31,29,1.08 
2015,06,24,20:15,8,258,4,878,16,5,11,4,5,1,8,20,11,1.60 
2015,06,24,17:00,215,8,14,883,10,16,5,10,5,6,8,20,14,1.11 
2015,06,24,17:00,8,215,6,883,16,6,13,2,3,4,8,17,11,1.16 
2015,06,23,20:00,258,8,7,889,16,11,8,7,8,4,8,19,19,0.96 
2015,06,23,20:00,258,8,2,889,16,5,10,5,6,0,8,14,17,0.77 
2015,06,23,20:00,258,8,1,889,16,12,9,6,7,6,8,21,23,0.92 
2015,06,23,19:00,210,8,4,878,16,12,6,9,10,3,8,29,18,1.49 
2015,06,23,18:00,258,8,7,878,2,16,2,13,0,3,8,23,11,1.84 
2015,06,22,20:00,8,711,0,878,14,16,7,8,7,8,8,26,20,1.23 
2015,06,22,19:00,8,22,4,888,16,13,9,6,7,7,8,30,18,1.49 
2015,06,18,21:00,210,8,14,888,16,2,13,2,3,0,8,5,18,0.23 
2015,06,17,21:00,8,215,7,888,16,8,11,4,5,4,8,24,12,1.68 
2015,06,17,19:00,250,8,2,878,21,17,11,4,4,11,8,27,30,0.90 
2015,06,16,21:15,8,214,6,888,16,8,10,5,6,3,8,21,13,1.30 
2015,06,16,20:15,8,214,2,888,16,14,7,8,9,6,8,15,24,0.64 
2015,06,15,20:15,59,8,6,888,12,16,8,7,4,9,8,20,19,0.96 
2015,06,11,22:30,8,22,0,593,12,16,9,6,3,10,8,27,18,1.53 
2015,06,11,22:30,22,8,14,593,26,23,11,4,4,11,8,31,37,0.82 
2015,06,11,20:00,8,215,14,878,16,2,13,2,3,0,8,19,11,1.46 
2015,06,11,19:00,59,8,0,888,19,22,10,5,5,10,8,25,27,0.92 
2015,06,10,21:00,8,270,4,888,10,16,9,6,1,10,8,15,21,0.68 
2015,06,10,20:00,8,711,7,888,16,7,9,6,7,1,8,16,12,1.15 
2015,06,09,22:00,292,8,1,802,8,16,6,9,2,7,8,21,12,1.45 
2015,06,09,22:00,292,8,4,802,7,16,6,9,1,7,8,19,12,1.33 
2015,06,09,20:15,8,711,0,883,16,8,8,7,8,1,8,19,12,1.21 
2015,06,09,20:15,711,8,14,883,16,13,7,8,9,5,8,21,16,1.11 
2015,06,09,19:00,215,8,1,888,6,16,4,11,2,5,8,21,11,1.36 
2015,06,08,20:00,8,13,14,888,16,10,7,8,9,2,8,11,18,0.69 
2015,06,03,22:00,8,270,4,878,16,4,15,0,1,4,8,12,8,1.08 
2015,06,03,20:00,8,214,7,883,16,14,8,7,8,7,8,22,18,1.09 
2015,06,03,20:00,214,8,14,883,16,11,8,7,8,4,8,23,21,1.06 
2015,06,03,18:00,22,8,0,860,16,4,12,3,4,1,8,7,18,0.40 
2015,06,03,18:00,8,22,7,860,13,16,7,8,6,8,8,21,22,1.00 
2015,05,31,19:00,210,8,14,888,16,13,8,7,8,6,8,14,21,0.75 
2015,05,31,17:00,258,8,1,888,16,11,8,7,8,4,8,16,20,0.84 
2015,05,28,21:00,8,711,4,888,16,10,11,4,5,6,8,23,14,1.41 
2015,05,27,19:00,22,8,0,909,16,12,6,9,10,3,8,12,20,0.67 
2015,05,27,17:00,210,8,0,909,16,12,8,7,8,5,8,14,23,0.65 
2015,05,27,17:00,210,8,6,909,16,3,13,2,3,1,8,10,18,0.70 
2015,05,26,20:00,215,8,2,802,17,19,11,4,4,11,8,20,29,0.74 
2015,05,26,20:00,8,215,14,802,8,16,7,8,1,8,8,12,19,0.66 
2015,05,25,21:30,8,749,14,909,16,13,8,7,8,6,8,16,22,0.82 
2015,05,25,21:30,749,8,6,909,10,16,10,5,0,11,8,17,14,1.06 
2015,05,25,20:00,13,8,0,888,14,16,10,5,4,11,8,28,21,1.24 
2015,05,21,23:00,8,292,14,593,16,13,11,4,5,9,8,34,21,1.62 
2015,05,21,22:15,292,8,0,593,14,16,13,2,1,14,8,22,20,1.04 
2015,05,21,19:00,22,8,7,802,16,12,6,9,10,3,8,22,18,1.11 
2015,05,21,19:00,8,22,2,802,16,4,11,4,5,0,8,15,11,1.14 
2015,05,20,22:15,8,250,4,883,22,25,8,7,7,8,8,40,35,1.08 
2015,05,20,22:15,8,250,7,883,10,16,6,9,4,7,8,16,20,0.81 
2015,05,20,20:15,8,196,6,888,16,10,11,4,5,6,8,26,15,1.47 
2015,05,19,22:50,59,8,1,909,16,8,9,6,7,2,8,17,18,0.92 
2015,05,19,22:50,8,59,2,909,9,16,8,7,1,9,8,22,18,1.36 
2015,05,19,22:50,8,59,4,909,19,16,6,9,9,6,8,22,21,0.96 
2015,05,19,19:20,13,8,0,860,11,16,4,11,7,5,8,19,18,0.90 
2015,05,19,19:20,8,13,14,860,16,4,13,2,3,2,8,20,9,1.63 
2015,05,17,21:00,210,8,1,921,19,16,7,8,8,7,8,20,23,0.82 
2015,05,17,21:00,210,8,7,921,16,9,12,3,4,6,8,23,20,1.16 
2015,05,17,21:00,210,8,14,921,16,10,11,4,5,6,8,11,20,0.68 
2015,05,17,16:30,8,215,6,921,25,22,12,3,3,12,8,32,28,1.05 
2015,05,17,16:30,215,8,2,921,17,19,10,5,5,10,8,18,23,0.84 
2015,05,16,21:00,8,429,0,921,16,4,13,2,3,2,8,19,11,1.45 
2015,05,16,21:00,8,429,7,921,16,7,12,3,4,4,8,23,13,1.47 
2015,05,16,18:30,8,258,7,921,16,4,12,3,4,1,8,25,9,1.78 
2015,05,16,18:30,258,8,2,921,10,16,10,5,0,11,8,18,17,1.13 
2015,05,16,13:15,8,711,0,921,10,16,4,11,6,5,8,19,20,0.90 
2015,05,16,13:15,711,8,14,921,16,4,11,4,5,0,8,10,18,0.53 
2015,05,15,20:45,8,257,2,921,16,7,12,3,4,4,8,16,13,1.11 
2015,05,15,20:45,8,257,7,921,16,9,9,6,7,3,8,23,13,1.42 
2015,05,13,22:15,8,258,2,888,15,19,8,7,7,8,8,26,21,1.07 
2015,05,13,19:00,8,215,14,593,14,16,7,8,7,8,8,21,23,0.93 
2015,05,13,18:00,8,215,0,593,16,11,7,8,9,3,8,15,19,0.83 
2015,05,12,19:00,270,8,1,888,9,16,7,8,2,8,8,25,14,1.38 
2015,05,11,22:15,8,1045,4,883,5,16,4,11,1,5,8,13,19,0.73 
2015,05,11,22:15,1045,8,0,883,8,16,7,8,1,8,8,20,14,1.12 
2015,05,11,20:15,250,8,2,888,11,16,10,5,1,11,8,24,15,1.41 
2015,05,07,23:45,59,8,0,883,4,16,4,11,0,5,8,18,12,1.43 
2015,05,07,20:00,196,8,6,888,9,16,4,11,5,5,8,21,14,1.27 
2015,05,07,19:00,8,250,7,888,16,3,12,3,4,0,8,23,9,1.75 
2015,05,06,22:15,8,292,2,883,16,2,13,2,3,0,8,15,8,1.34 
2015,05,06,22:15,292,8,14,883,12,16,7,8,5,8,8,18,17,0.98 
2015,05,06,20:25,8,676,7,883,16,4,14,1,2,3,8,20,9,1.52 
2015,05,06,20:25,676,8,4,883,6,16,3,12,3,4,8,25,12,1.74 
2015,05,06,18:00,749,8,0,909,10,16,9,6,1,10,8,20,20,1.01 
2015,05,06,18:00,749,8,6,909,14,16,4,11,10,5,8,23,17,1.13 
2015,05,05,18:00,210,8,7,860,16,5,12,3,4,2,8,19,16,1.17 
2015,05,05,18:00,210,8,14,860,7,16,5,10,2,6,8,22,15,1.36 
2015,05,05,18:00,210,8,0,860,19,15,10,5,5,10,8,25,26,0.88 
2015,05,03,18:53,8,250,7,929,14,16,8,7,6,9,8,21,24,0.79 
2015,05,03,16:00,8,250,4,929,16,5,11,4,5,1,8,19,11,1.48 
2015,05,03,16:00,8,250,6,929,6,16,3,12,3,4,8,13,18,0.72 
2015,05,02,18:15,8,270,4,929,16,12,7,8,9,4,8,17,17,0.89 
2015,05,02,18:15,8,270,6,929,6,16,6,9,0,7,8,13,17,0.84 
2015,05,02,18:15,8,270,0,929,16,4,11,4,5,0,8,19,11,1.47 
2015,05,01,16:15,8,1035,14,929,16,10,8,7,8,3,8,21,17,1.25 
2015,05,01,16:15,8,1035,5,929,16,14,11,4,5,10,8,19,17,0.96 
2015,04,29,20:00,517,8,2,883,5,16,4,11,1,5,8,22,9,1.59 
2015,04,29,20:00,8,517,7,883,16,10,7,8,9,2,8,16,17,0.91 
2015,04,28,22:00,8,22,0,593,11,16,10,5,1,11,8,20,18,1.06 
2015,04,28,21:00,8,22,7,593,16,7,12,3,4,4,8,15,18,0.90 
2015,04,23,21:00,8,1045,4,935,12,16,10,5,2,11,8,15,18,0.82 
2015,04,23,20:00,8,1045,0,935,16,14,7,8,9,6,8,30,19,1.48 
2015,04,23,19:00,8,215,14,935,9,16,8,7,1,9,8,15,18,0.80 
2015,04,22,22:00,8,258,4,935,16,9,11,4,5,5,8,18,16,1.03 
2015,04,19,21:40,8,210,7,939,16,13,9,6,7,7,8,24,16,1.34 
2015,04,19,21:40,8,210,6,939,9,16,6,9,3,7,8,12,19,0.62 
2015,04,19,21:40,210,8,8,939,14,16,3,12,11,4,8,23,22,1.09 
2015,04,19,03:00,711,8,6,939,4,16,4,11,0,5,8,20,7,1.68 
2015,04,19,03:00,8,711,7,939,16,13,9,6,7,7,8,27,18,1.37 
2015,04,19,03:00,8,711,5,939,11,16,7,8,4,8,8,10,18,0.73 
2015,04,18,21:15,8,214,7,939,16,11,7,8,9,3,8,20,16,1.21 
2015,04,18,21:15,8,214,0,939,16,6,12,3,4,3,8,15,9,1.22 
2015,04,17,23:00,1057,8,6,939,13,16,9,6,4,10,8,18,18,0.95 
2015,04,17,23:00,8,1057,7,939,16,7,12,3,4,4,8,16,11,1.16 
2015,04,14,21:35,8,711,0,935,21,17,4,11,11,4,8,33,27,1.12 
2015,04,11,10:00,8,215,6,946,9,16,3,12,6,4,8,9,19,0.54 
2015,04,11,10:00,215,8,0,946,16,4,12,3,4,1,8,10,18,0.59 
2015,04,11,10:00,8,215,7,946,16,5,10,5,6,0,8,17,12,1.39 
2015,04,10,10:30,8,270,0,946,12,16,11,4,1,12,8,18,21,0.95 
2015,04,10,10:30,270,8,7,946,14,16,11,4,3,12,8,23,19,1.15 
2015,04,10,10:30,8,270,4,946,12,16,6,9,6,7,8,15,20,0.76 
2015,04,06,23:00,8,210,0,935,16,6,9,6,7,0,8,17,11,1.21 
2015,04,06,22:00,8,270,6,935,6,16,6,9,0,7,8,14,18,0.81 
2015,04,06,18:00,8,13,6,947,9,16,6,9,3,7,8,16,20,0.86 
2015,04,06,18:00,8,13,5,947,21,19,10,5,5,10,8,22,27,0.78 
2015,04,06,18:00,8,13,14,947,14,16,7,8,7,8,8,18,19,0.97 
2015,04,04,22:00,8,270,6,948,16,10,11,4,5,6,8,21,16,1.08 
2015,04,04,22:00,270,8,14,948,14,16,4,11,10,5,8,22,20,1.08 
2015,04,04,17:00,270,8,7,948,14,16,10,5,4,11,8,14,19,0.73 
2015,04,04,17:00,270,8,5,948,14,16,9,6,5,10,8,21,18,1.10 
2015,04,04,17:00,8,270,0,948,12,16,10,5,2,11,8,13,21,0.63 
2015,04,04,13:30,8,292,7,948,16,13,10,5,6,8,8,27,19,1.46 
2015,04,04,13:30,8,292,0,948,16,0,15,0,1,0,8,11,10,0.95 
2015,04,04,10:00,8,749,4,948,16,13,10,5,6,8,8,16,21,0.81 
2015,04,04,10:00,749,8,7,948,4,16,4,11,0,5,8,19,8,1.46 
2015,04,03,22:30,8,800,6,948,16,4,12,3,4,1,8,7,13,0.58 
2015,04,03,22:30,8,800,0,948,16,8,13,2,3,6,8,24,12,1.53 
2015,04,03,15:30,8,517,7,948,16,5,11,4,5,1,8,25,12,1.76 
2015,04,03,15:30,8,517,0,948,16,2,14,1,2,1,8,22,8,1.80 
2015,04,03,12:00,8,400,5,948,16,2,14,1,2,1,8,19,8,1.59 
2015,04,03,12:00,400,8,6,948,11,16,4,11,7,5,8,23,17,1.25 
2015,03,28,13:00,270,8,4,950,19,17,12,3,3,12,8,22,25,0.94 
2015,03,28,13:00,270,8,6,950,12,16,11,4,1,12,8,22,16,1.17 
2015,03,28,13:00,8,270,7,950,12,16,10,5,2,11,8,14,19,0.74 
2015,03,27,18:00,250,8,6,950,16,6,12,3,4,3,8,8,18,0.45 
2015,03,27,18:00,250,8,0,950,16,6,14,1,2,5,8,14,18,0.79 
2015,03,25,22:00,711,8,14,935,15,21,8,7,7,8,8,33,24,1.31 
2015,03,25,19:00,8,250,0,935,7,16,7,8,0,8,8,17,17,0.91 
2015,03,22,19:00,8,257,6,953,16,3,12,3,4,0,8,23,10,1.79 
2015,03,22,19:00,8,257,5,953,16,13,8,7,8,6,8,20,18,1.05 
2015,03,22,13:00,250,8,6,953,16,12,5,10,11,2,8,14,20,0.71 
2015,03,22,13:00,8,250,0,953,16,7,9,6,7,1,8,9,10,0.78 
2015,03,22,13:00,8,250,5,953,10,16,9,6,1,10,8,18,17,0.97 
2015,03,21,20:42,8,257,6,953,16,5,13,2,3,3,8,16,11,1.19 
2015,03,21,17:40,257,8,5,953,8,16,5,10,3,6,8,12,13,0.82 
2015,03,21,17:40,257,8,14,953,16,9,7,8,9,1,8,19,21,0.86 
2015,03,20,20:00,315,8,6,953,10,16,7,8,3,8,8,29,15,1.57 
2015,03,20,20:00,8,315,7,953,16,10,7,8,9,2,8,17,16,0.97 
2015,03,18,20:00,258,8,4,952,16,9,14,1,2,8,8,15,17,0.86 
2015,03,18,20:00,8,258,6,952,10,16,8,7,2,9,8,18,18,0.94 
2015,03,18,20:00,258,8,0,952,10,16,6,9,4,7,8,15,13,0.93 
2015,03,18,16:00,8,250,6,952,4,16,3,12,1,4,8,14,18,0.81 
2015,03,18,16:00,8,250,0,952,14,16,12,3,2,13,8,15,22,0.69 
2015,03,17,16:45,258,8,7,952,16,5,10,5,6,0,8,9,20,0.48 
2015,03,14,19:36,210,8,0,954,16,8,8,7,8,1,8,17,17,0.90 
2015,03,14,17:00,8,210,14,954,17,19,9,6,6,9,8,20,26,0.80 
2015,03,13,19:45,8,404,5,954,16,1,14,1,2,0,8,14,7,1.44 
2015,03,13,19:45,404,8,4,954,19,17,11,4,4,11,8,20,27,0.75 
2015,03,13,19:45,8,404,0,954,16,4,12,3,4,1,8,18,10,1.36 
2015,03,12,21:40,8,257,6,954,16,11,12,3,4,8,8,22,17,1.13 
2015,03,12,19:35,8,1106,4,954,16,5,12,3,4,2,8,18,12,1.34 
2015,02,26,21:15,8,215,0,935,16,7,10,5,6,2,8,11,13,0.83 
2015,02,25,21:00,210,8,0,935,14,16,6,9,8,7,8,27,18,1.37 
2015,02,19,21:15,250,8,5,935,16,6,14,1,2,5,8,13,18,0.69 
2015,02,19,19:00,8,270,0,935,16,13,9,6,7,7,8,22,16,1.12 
2015,02,18,19:00,8,258,14,935,16,10,12,3,4,7,8,21,13,1.26 
2015,02,17,23:00,8,210,5,957,14,16,11,4,3,12,8,25,19,1.20 
2015,02,17,23:00,8,210,7,957,9,16,3,12,6,4,8,15,22,0.62 
2015,02,17,20:07,250,8,5,957,11,16,8,7,3,9,8,20,14,1.12 
2015,02,17,20:07,8,250,7,957,9,16,6,9,3,7,8,12,18,0.68 
2015,02,17,19:50,250,8,0,957,9,16,6,9,3,7,8,17,17,0.95 
2015,02,16,23:24,258,8,7,957,3,16,3,12,0,4,8,19,7,1.69 
2015,02,16,23:24,258,8,14,957,10,16,3,12,7,4,8,17,16,0.95 
2015,02,16,17:00,210,8,7,957,16,3,12,3,4,0,8,17,17,1.11 
2015,02,16,17:00,8,210,7,957,10,16,7,8,3,8,8,17,21,0.75 
2015,02,07,18:00,8,711,7,961,16,2,13,2,3,0,8,19,5,1.73 
2015,02,07,16:00,8,250,5,961,15,15,11,4,4,11,8,19,19,0.93 
2015,02,07,14:00,8,210,0,961,15,15,12,3,3,12,8,19,20,0.93 
2015,02,07,13:00,1045,8,7,961,16,11,8,7,8,4,8,14,17,0.82 
2015,02,07,12:00,258,8,7,961,16,10,7,8,9,2,8,19,19,0.94 
2015,01,30,20:30,59,8,6,962,16,10,9,6,7,4,8,17,17,0.91 
2015,01,30,18:55,8,196,0,962,9,16,7,8,2,8,8,24,18,1.38 
2015,01,30,16:30,8,888,7,962,16,3,14,1,2,2,8,14,9,1.20 
2015,01,21,18:00,59,8,0,964,16,8,11,4,5,4,8,7,19,0.41 
2015,01,21,18:00,59,8,6,964,9,16,8,7,1,9,8,17,10,1.22 
2015,01,21,18:00,59,8,1,964,16,12,13,2,3,10,8,8,22,0.48 
2015,01,20,21:15,8,1147,14,964,16,3,13,2,3,1,8,19,9,1.45 
2015,01,20,21:15,8,1147,5,964,16,8,9,6,7,2,8,11,12,0.86 
2014,12,21,23:50,8,314,5,971,16,7,12,3,4,4,8,19,13,1.12 
2014,12,21,23:50,314,8,14,971,11,16,8,7,3,9,8,28,17,1.56 
2014,12,21,17:15,314,8,0,971,6,16,5,10,1,6,8,18,11,1.36 
2014,12,21,17:15,314,8,14,971,12,16,10,5,2,11,8,23,17,1.19 
2014,12,21,15:00,8,214,4,971,16,13,9,6,7,7,8,20,16,1.00 
2014,12,21,15:00,214,8,7,971,4,16,4,11,0,5,8,19,9,1.50 
2014,12,20,19:25,8,196,0,971,16,11,9,6,7,5,8,29,15,1.54 
2014,12,20,19:25,196,8,7,971,8,16,4,11,4,5,8,19,10,1.33 
2014,12,20,19:25,8,196,1,971,11,16,9,6,2,10,8,17,19,1.00 
2014,12,20,17:20,8,1151,14,971,16,4,12,3,4,1,8,20,8,1.67 
2014,12,20,17:20,1151,8,7,971,5,16,5,10,0,6,8,21,7,1.55 
2014,12,20,13:00,995,8,7,971,7,16,4,11,3,5,8,12,13,0.87 
2014,12,20,13:00,995,8,5,971,14,16,5,10,9,6,8,27,19,1.32 
2014,12,18,21:37,8,287,14,965,16,3,13,2,3,1,8,23,10,1.76 
2014,12,18,21:30,287,8,6,965,12,16,9,6,3,10,8,26,16,1.29 
2014,12,15,19:10,934,935,5,976,10,16,8,7,2,9,934,8,22,0.40 
2014,12,15,19:10,935,934,14,976,9,16,4,11,5,5,934,18,9,1.38 
2014,12,15,19:10,934,935,7,976,12,16,10,5,2,11,934,14,18,0.83 
2014,12,15,14:30,937,934,4,976,11,16,8,7,3,9,934,24,17,1.20 
2014,12,15,14:30,937,934,0,976,14,16,6,9,8,7,934,26,23,1.19 
2014,12,15,14:30,934,937,7,976,10,16,8,7,2,9,934,24,18,1.22 
2014,12,15,13:00,1155,1156,0,977,7,16,3,12,4,4,1155,19,17,1.18 
2014,12,14,22:15,934,935,14,976,17,19,9,6,6,9,934,21,22,0.89 
2014,12,14,22:15,935,934,4,976,16,8,11,4,5,4,934,20,18,1.09 
2014,12,14,12:30,940,934,7,976,11,16,9,6,2,10,934,18,16,1.02 
2014,12,14,12:30,934,940,1,976,16,8,10,5,6,3,934,19,14,1.17 
2014,12,07,20:20,210,8,2,980,16,13,9,6,7,7,8,24,23,1.04 
2014,12,07,20:20,8,210,1,980,13,16,6,9,7,7,8,13,17,0.77 
2014,12,07,20:20,8,210,0,980,10,16,5,10,5,6,8,19,19,1.03 
2014,12,07,20:20,210,8,7,980,16,10,7,8,9,2,8,7,20,0.44 
2014,12,07,04:45,210,8,0,980,14,16,11,4,3,12,8,28,16,1.42 
2014,12,07,04:45,8,210,7,980,16,12,9,6,7,6,8,19,17,1.03 
2014,12,06,18:45,257,8,6,980,10,16,5,10,5,6,8,15,16,0.84 
2014,12,06,18:45,257,8,2,980,12,16,4,11,8,5,8,18,18,0.93 
2014,12,06,18:45,8,257,8,980,7,16,6,9,1,7,8,9,18,0.53 
2014,12,06,02:05,1152,8,6,980,22,25,10,5,5,10,8,26,33,0.84 
2014,12,06,02:05,1152,8,2,980,10,16,9,6,1,10,8,26,16,1.48 
2014,12,06,02:05,8,1152,7,980,4,16,3,12,1,4,8,21,17,1.29 
2014,11,29,13:10,250,8,6,983,16,8,14,1,2,7,8,19,17,1.04 
2014,11,29,13:10,250,8,7,983,9,16,5,10,4,6,8,20,18,1.13 
2014,11,29,13:10,8,250,5,983,20,22,12,3,3,12,8,32,30,1.05 
2014,11,28,14:30,196,8,0,983,5,16,3,12,2,4,8,18,10,1.42 
2014,11,28,14:30,8,196,7,983,16,9,12,3,4,6,8,14,14,0.92 
2014,11,27,20:45,8,215,5,983,16,2,14,1,2,1,8,18,9,1.36 
2014,11,27,18:45,8,854,6,983,16,2,14,1,2,1,8,12,7,1.25 
2014,11,17,19:00,8,214,0,989,14,16,7,8,7,8,8,29,20,1.33 
2014,11,16,20:45,8,257,7,991,16,8,10,5,6,3,8,18,17,1.20 
2014,11,16,20:45,8,257,4,991,16,12,11,4,5,8,8,20,19,1.15 
2014,11,16,15:00,250,8,0,991,8,16,5,10,3,6,8,29,12,1.78 
2014,11,16,15:00,250,8,6,991,9,16,7,8,2,8,8,22,15,1.33 
2014,11,14,22:00,8,776,4,991,16,5,11,4,5,1,8,18,14,1.15 
2014,11,14,22:00,776,8,7,991,10,16,5,10,5,6,8,20,17,1.17 
2014,11,13,21:00,711,8,6,991,8,16,6,9,2,7,8,13,15,0.83 
2014,11,13,21:00,711,8,7,991,22,25,4,11,11,4,8,39,32,1.25 
2014,11,08,21:00,8,210,7,996,9,16,3,12,6,4,8,11,18,0.64 
2014,11,08,21:00,210,8,4,996,16,3,12,3,4,0,8,8,17,0.47 
2014,11,08,17:00,301,8,6,996,16,0,15,0,1,0,8,7,16,0.44 
2014,11,08,17:00,301,8,1,996,16,5,13,2,3,3,8,10,16,0.65 
2014,11,08,17:00,301,8,4,996,9,16,6,9,3,7,8,16,15,0.95 
2014,11,05,22:15,934,941,7,993,12,16,9,6,3,10,934,17,20,0.93 
2014,11,05,22:15,934,941,1,993,14,16,11,4,3,12,934,22,20,1.15 
2014,11,02,10:45,8,215,6,998,16,3,12,3,4,0,8,16,11,1.25 
2014,11,02,10:45,8,215,5,998,11,16,11,4,0,12,8,18,22,0.79 
2014,11,02,10:45,215,8,0,998,12,16,5,10,7,6,8,27,14,1.59 
2014,11,01,15:30,210,8,6,998,16,12,10,5,6,7,8,12,22,0.60 
2014,11,01,15:30,8,210,4,998,7,16,6,9,1,7,8,22,14,1.32 
2014,11,01,12:02,8,22,0,998,16,12,10,5,6,7,8,17,16,0.96 
2014,11,01,12:00,22,8,6,998,16,14,9,6,7,8,8,23,21,1.08 
2014,11,01,12:00,8,22,4,998,16,9,11,4,5,5,8,26,15,1.47 
2014,10,30,18:00,8,500,5,998,16,5,14,1,2,4,8,14,11,1.06 
2014,10,30,16:20,301,8,4,998,13,16,9,6,4,10,8,24,20,1.24 
2014,10,30,15:00,8,257,7,998,11,16,7,8,4,8,8,21,19,1.15 
2014,10,30,11:34,8,869,0,998,16,0,15,0,1,0,8,10,7,1.05 
2014,10,30,11:30,8,278,7,998,16,10,12,3,4,7,8,20,15,1.17 
2014,10,25,19:18,210,8,0,1001,16,7,10,5,6,2,8,18,17,1.12 
2014,10,25,18:32,210,8,6,1001,16,8,14,1,2,7,8,14,18,0.82 
2014,10,25,11:58,257,8,6,1001,6,16,6,9,0,7,8,14,12,1.06 
2014,10,25,10:52,8,257,7,1001,11,16,3,12,8,4,8,20,20,1.07 
2014,10,24,19:04,8,301,6,1001,14,16,12,3,2,13,8,25,21,1.15 
2014,10,24,15:45,8,301,7,1001,7,16,6,9,1,7,8,10,19,0.53 
2014,10,21,18:00,8,22,0,996,16,11,10,5,6,6,8,27,13,1.46 
2014,10,21,18:00,22,8,4,996,12,16,9,6,3,10,8,17,17,0.87 
2014,10,20,20:00,22,8,4,997,16,9,13,2,3,7,8,16,18,0.83 
2014,10,20,20:00,8,22,6,997,7,16,6,9,1,7,8,13,14,0.97 
2014,10,20,20:00,22,8,7,997,6,16,5,10,1,6,8,14,13,0.92 
2014,10,17,20:00,934,139,1,993,16,10,10,5,6,5,934,20,17,1.10 
2014,10,16,20:00,8,59,6,996,16,9,10,5,6,4,8,22,13,1.38 
2014,10,16,20:00,8,59,4,996,22,20,14,1,1,14,8,29,27,0.96 
2014,10,16,20:00,8,59,7,996,2,16,2,13,0,3,8,10,17,0.70 
2014,10,12,17:15,8,711,0,996,16,12,6,9,10,3,8,15,20,0.76 
2014,10,12,17:15,8,711,7,996,16,4,11,4,5,0,8,12,15,0.91 
2014,10,09,23:00,8,210,7,1011,16,7,13,2,3,5,8,17,12,1.26 
2014,10,09,19:00,8,49,6,997,16,4,12,3,4,1,8,25,7,2.15 
2014,10,09,19:00,8,49,0,997,14,16,10,5,4,11,8,12,21,0.66 
2014,10,09,19:00,8,49,7,997,19,17,7,8,8,7,8,24,28,0.92 
2014,10,09,18:00,8,22,4,1011,16,7,9,6,7,1,8,18,8,1.34 
2014,10,08,20:10,8,52,0,1011,16,6,12,3,4,3,8,15,12,1.10 
2014,10,07,22:01,8,301,7,1011,16,21,8,7,7,8,8,32,24,1.32 
2014,10,06,22:10,711,8,5,1011,7,16,6,9,1,7,8,24,16,1.45 
2014,10,05,08:30,8,59,4,1017,9,16,3,12,6,4,8,12,20,0.59 
2014,10,05,08:30,8,59,6,1017,16,8,12,3,4,5,8,16,16,0.97 
2014,10,05,08:30,8,59,0,1017,19,22,10,5,5,10,8,35,29,1.11 
2014,10,04,08:30,8,854,1,1017,16,13,7,8,9,5,8,14,20,0.70 
2014,10,04,08:30,8,854,0,1017,16,6,13,2,3,4,8,17,10,1.28 
2014,10,03,12:27,8,215,6,1017,7,16,4,11,3,5,8,13,14,0.94 
2014,10,03,12:27,8,215,8,1017,14,16,9,6,5,10,8,14,22,0.67 
2014,10,03,12:00,8,215,0,1017,19,16,12,3,3,12,8,28,23,1.15 
2014,10,01,18:50,250,8,8,1011,16,12,9,6,7,6,8,20,19,1.09 
2014,09,30,20:00,711,8,7,1021,16,14,6,9,10,5,8,19,23,0.78 
2014,09,30,00:16,934,145,6,993,16,3,12,3,4,0,934,20,9,1.66 
2014,09,29,22:00,8,944,7,1021,16,5,12,3,4,2,8,22,8,1.71 
2014,09,28,23:14,1199,8,7,1021,5,16,4,11,1,5,8,21,12,1.46 
2014,09,28,17:00,8,250,6,1011,16,7,11,4,5,3,8,19,12,1.29 
2014,09,28,16:00,8,59,6,1011,16,2,13,2,3,0,8,13,9,1.17 
2014,09,27,18:00,711,8,7,1021,12,16,6,9,6,7,8,28,19,1.45 
2014,09,27,18:00,1149,8,0,1021,15,15,10,5,5,10,8,24,18,1.15 
2014,09,25,20:10,8,944,7,1021,4,16,4,11,0,5,8,7,16,0.51 
2014,09,25,19:00,8,215,8,1021,16,13,5,10,11,3,8,17,20,0.92 
2014,09,23,21:27,8,214,0,1026,13,16,7,8,6,8,8,14,17,0.78 
2014,09,18,22:00,8,711,0,1011,11,16,10,5,1,11,8,13,16,0.82 
2014,09,18,19:00,214,8,0,997,14,16,11,4,3,12,8,20,19,0.99 
2014,09,18,19:00,214,8,4,997,19,15,12,3,3,12,8,22,24,0.92 
2014,09,18,19:00,8,214,7,997,16,11,10,5,6,6,8,28,15,1.57 
2014,09,18,17:50,384,8,7,1021,15,15,8,7,7,8,8,22,20,1.08 
2014,09,17,20:00,301,8,7,1011,16,14,9,6,7,8,8,22,21,0.97 
2014,09,16,20:00,854,8,4,1026,13,16,5,10,8,6,8,15,22,0.71 
2014,09,16,19:00,8,1208,0,1021,16,1,14,1,2,0,8,17,6,1.57 
2014,09,16,18:20,935,934,1,993,16,11,13,2,3,9,934,21,19,1.15 
2014,09,15,19:15,8,297,0,1026,10,16,5,10,5,6,8,11,23,0.49 
2014,09,15,19:15,722,8,0,1026,6,16,5,10,1,6,8,19,10,1.46 
2014,09,14,20:40,841,8,0,1021,15,15,12,3,3,12,8,27,20,1.22 
2014,09,11,20:00,8,52,7,1011,26,22,10,5,5,10,8,30,34,0.84 
2014,09,10,21:10,8,210,7,1011,14,16,12,3,2,13,8,18,20,0.81 
2014,09,10,19:00,854,8,0,997,3,16,3,12,0,4,8,12,8,1.09 
2014,09,10,19:00,854,8,4,997,13,16,9,6,4,10,8,21,17,1.14 
2014,09,08,18:30,210,8,6,1031,16,7,13,2,3,5,8,16,20,0.76 
2014,09,08,18:30,210,8,0,1031,16,3,12,3,4,0,8,12,16,0.72 
2014,09,08,18:30,8,210,7,1031,14,16,12,3,2,13,8,16,18,0.83 
2014,09,04,23:00,22,8,8,1011,11,16,7,8,4,8,8,17,16,0.92 
2014,09,04,22:20,939,934,0,993,5,16,2,13,3,3,934,17,12,1.25 
2014,09,03,22:35,8,59,0,1011,16,3,12,3,4,0,8,13,7,1.27 
2014,09,01,18:45,250,8,1,1033,13,16,9,6,4,10,8,12,17,0.72 
2014,09,01,18:45,250,8,6,1033,19,16,10,5,5,10,8,34,23,1.54 
2014,09,01,18:45,250,8,4,1033,16,11,8,7,8,4,8,18,20,1.09 
2014,09,01,18:45,8,250,0,1033,16,1,14,1,2,0,8,13,10,1.25 
2014,09,01,18:45,250,8,5,1033,9,16,8,7,1,9,8,18,15,1.07 
2014,08,27,18:00,8,59,6,1037,7,16,5,10,2,6,8,12,16,0.79 
2014,08,27,18:00,8,59,5,1037,9,16,6,9,3,7,8,17,18,0.94 
2014,08,27,18:00,59,8,4,1037,9,16,7,8,2,8,8,19,19,0.99 
2014,08,16,15:45,301,8,0,1043,16,12,10,5,6,7,8,19,22,0.82 
2014,08,16,15:45,8,301,1,1043,14,16,7,8,7,8,8,18,23,0.77 
2014,08,15,17:45,8,1152,7,1043,16,2,13,2,3,0,8,15,5,1.41 
2014,08,15,15:55,8,210,4,1043,16,19,10,5,5,10,8,28,25,1.07 
2014,08,14,14:30,8,1149,4,1043,16,7,9,6,7,1,8,19,10,1.30 
2014,08,07,20:20,8,214,0,1044,16,12,9,6,7,6,8,19,20,0.91 
2014,08,07,19:27,711,8,6,1044,14,16,6,9,8,7,8,18,19,0.92 
2014,08,06,19:00,301,8,6,1044,16,11,9,6,7,5,8,19,19,0.94 
2014,08,05,19:10,8,944,0,1044,16,10,7,8,9,2,8,19,14,1.14 
2014,08,03,22:15,711,8,5,1046,12,16,12,3,0,13,8,19,17,1.12 
2014,08,03,22:15,711,8,0,1046,4,16,4,11,0,5,8,26,11,1.80 
2014,08,03,19:30,22,8,6,1046,12,16,10,5,2,11,8,23,13,1.29 
2014,08,03,19:30,8,22,7,1046,16,2,13,2,3,0,8,12,5,1.31 
2014,08,03,19:30,22,8,1,1046,16,7,12,3,4,4,8,11,17,0.61 
2014,08,03,12:55,776,8,5,1046,3,16,2,13,1,3,8,13,10,1.08 
2014,08,03,12:55,8,776,7,1046,16,4,14,1,2,3,8,11,10,0.95 
2014,08,03,12:55,776,8,6,1046,16,14,11,4,5,10,8,22,19,1.07 
2014,08,03,01:00,8,599,0,1046,16,1,14,1,2,0,8,16,5,1.70 
2014,08,02,21:35,8,22,5,1046,7,16,2,13,5,3,8,6,17,0.48 
2014,08,02,18:30,711,8,0,1046,15,15,6,9,9,6,8,12,23,0.58 
2014,08,02,15:50,214,8,7,1046,16,9,11,4,5,5,8,13,20,0.66 
2014,08,02,14:00,1219,8,7,1046,12,16,8,7,4,9,8,21,18,1.21 
2014,07,29,22:25,8,841,0,1044,16,10,9,6,7,4,8,9,17,0.62 
2014,07,28,20:00,8,215,0,1044,13,16,4,11,9,5,8,14,22,0.62 
2014,07,25,21:00,8,52,6,1044,6,16,3,12,3,4,8,14,19,0.71 
2014,07,25,20:00,8,844,0,1044,16,7,11,4,5,3,8,20,9,1.50 
2014,07,25,19:00,8,210,6,1044,15,15,8,7,7,8,8,18,22,0.80 
2014,07,09,21:15,1219,8,2,1044,16,13,7,8,9,5,8,19,21,0.91 
2014,07,09,20:00,8,722,0,1044,16,6,10,5,6,1,8,20,11,1.38 
2014,07,09,19:00,1218,8,6,1044,4,16,4,11,0,5,8,16,8,1.30 
2014,07,08,21:00,8,743,0,1044,16,8,9,6,7,2,8,15,12,1.03 
2014,07,08,20:20,314,8,6,1044,6,16,6,9,0,7,8,9,13,0.68 
2014,07,08,19:00,59,8,6,1044,11,16,7,8,4,8,8,12,17,0.70 
2014,07,06,18:00,841,8,0,1055,12,16,8,7,4,9,8,35,12,2.15 
2014,07,06,18:00,8,841,2,1055,16,13,8,7,8,6,8,27,20,1.19 
2014,06,29,19:10,8,116,8,1056,13,16,8,7,5,9,8,21,21,1.05 
2014,06,29,19:10,8,116,6,1056,7,16,3,12,4,4,8,14,15,0.94 
2014,06,29,19:10,116,8,7,1056,11,16,9,6,2,10,8,22,19,1.06 
2014,06,29,16:00,8,215,2,1056,16,9,9,6,7,3,8,20,18,1.04 
2014,06,29,16:00,8,215,0,1056,14,16,10,5,4,11,8,14,22,0.65 
2014,06,29,16:00,215,8,8,1056,10,16,7,8,3,8,8,18,20,0.83 
2014,06,29,06:00,250,8,7,1056,8,16,4,11,4,5,8,20,14,1.16 
2014,06,29,06:00,250,8,2,1056,16,12,8,7,8,5,8,19,21,0.85 
2014,06,29,06:00,8,250,6,1056,16,14,9,6,7,8,8,15,19,0.77 
2014,06,29,03:00,1152,8,8,1056,16,14,10,5,6,9,8,14,19,0.73 
2014,06,29,03:00,1152,8,6,1056,14,16,11,4,3,12,8,20,16,1.02 
2014,06,29,03:00,8,1152,7,1056,8,16,5,10,3,6,8,12,18,0.77 
2014,06,29,01:30,8,1171,7,1056,16,3,12,3,4,0,8,18,8,1.42 
2014,06,29,01:30,8,1171,0,1056,16,0,15,0,1,0,8,13,5,1.31 
2014,06,16,10:00,215,8,0,1061,16,9,10,5,6,4,8,25,18,1.46 
2014,06,16,10:00,8,215,6,1061,9,16,7,8,2,8,8,16,15,1.16 
2014,06,14,21:35,8,302,2,1061,16,12,13,2,3,10,8,25,16,1.37 
2014,06,14,20:30,776,8,0,1061,4,16,4,11,0,5,8,20,10,1.53 
2014,06,11,20:20,8,648,5,1060,16,4,12,3,4,1,8,18,11,1.29 
2014,06,10,20:00,8,1241,6,1060,16,9,9,6,7,3,8,13,10,0.99 
2014,06,02,21:30,8,403,0,1060,16,6,12,3,4,3,8,24,9,1.74 
2014,06,01,21:20,8,22,8,1064,16,14,10,5,6,9,8,15,24,0.70 
2014,06,01,21:20,8,22,6,1064,16,10,10,5,6,5,8,16,16,0.89 
2014,06,01,18:15,8,711,7,1064,16,4,11,4,5,0,8,21,11,1.65 
2014,06,01,18:15,711,8,0,1064,8,16,7,8,1,8,8,14,14,0.97 
2014,06,01,18:15,22,8,0,1064,16,7,9,6,7,1,8,10,18,0.57 
2014,06,01,18:15,22,8,1,1064,16,5,11,4,5,1,8,5,17,0.38 
2014,06,01,18:15,22,8,8,1064,13,16,4,11,9,5,8,12,19,0.67 
2014,05,31,17:15,301,8,8,1064,4,16,4,11,0,5,8,12,12,0.91 
2014,05,31,17:15,301,8,6,1064,16,13,8,7,8,6,8,16,24,0.70 
2014,05,31,17:15,301,8,2,1064,9,16,8,7,1,9,8,15,17,0.88 
2014,05,27,21:00,8,1242,7,1064,16,8,9,6,7,2,8,19,12,1.21 
2014,05,27,20:00,8,711,0,1064,16,7,13,2,3,5,8,16,17,0.89 
2014,05,24,18:30,1255,1256,0,1067,16,5,10,5,6,0,1256,10,18,0.54 
2014,05,24,18:30,1256,1255,2,1067,14,16,10,5,4,11,1256,28,21,1.20 
2014,05,22,20:30,8,1045,1,1064,6,16,5,10,1,6,8,17,16,1.05 
2014,05,21,20:15,250,8,1,1064,10,16,2,13,8,3,8,24,14,1.34 
2014,05,21,19:00,8,301,6,1064,7,16,6,9,1,7,8,12,18,0.69 
2014,05,14,21:30,210,8,0,1064,6,16,6,9,0,7,8,21,11,1.47 
2014,05,08,20:00,8,1001,0,1064,16,2,13,2,3,0,8,18,6,1.67 
2014,05,07,22:00,8,711,7,1064,16,11,8,7,8,4,8,13,18,0.76 
2014,05,03,15:00,250,8,1,1071,16,12,12,3,4,9,8,20,20,1.00 
2014,05,03,15:00,250,8,2,1071,10,16,8,7,2,9,8,12,20,0.69 
2014,05,03,15:00,250,8,6,1071,16,14,6,9,10,5,8,22,23,0.96 
2014,05,02,18:30,8,711,0,1071,17,19,11,4,4,11,8,26,28,0.95 
2014,05,02,18:30,711,8,1,1071,16,10,5,10,11,0,8,16,20,0.86 
2014,04,30,20:00,8,22,6,1064,13,16,8,7,5,9,8,20,19,0.96 
2014,04,27,22:20,1045,8,6,1073,16,11,10,5,6,6,8,19,22,0.93 
2014,04,27,21:30,8,59,0,1073,16,7,12,3,4,4,8,22,11,1.44 
2014,04,26,20:20,59,8,6,1073,11,16,9,6,2,10,8,16,13,1.04 
2014,04,26,19:20,8,1001,0,1073,16,8,8,7,8,1,8,21,14,1.26 
2014,04,19,19:00,250,8,1,1076,16,13,7,8,9,5,8,22,18,1.28 
2014,04,19,19:00,250,8,6,1076,16,6,9,6,7,0,8,15,18,0.96 
2014,04,19,19:00,250,8,2,1076,12,16,4,11,8,5,8,26,19,1.31 
2014,04,19,14:00,8,301,0,1076,16,5,12,3,4,2,8,15,8,1.21 
2014,04,19,14:00,301,8,1,1076,16,12,10,5,6,7,8,21,21,0.98 
2014,04,19,14:00,8,301,6,1076,16,11,10,5,6,6,8,20,15,1.17 
2014,04,19,10:00,8,1045,0,1076,16,9,11,4,5,5,8,17,13,1.05 
2014,04,19,10:00,1045,8,5,1076,13,16,8,7,5,9,8,20,18,1.03 
2014,04,18,21:00,841,8,1,1076,3,16,3,12,0,4,8,15,9,1.36 
2014,04,18,21:00,8,841,2,1076,16,8,10,5,6,3,8,16,12,1.16 
2014,04,18,17:00,8,1272,6,1076,16,2,13,2,3,0,8,9,5,1.04 
2014,04,18,17:00,8,1272,2,1076,16,2,14,1,2,1,8,17,6,1.59 
2014,04,12,20:00,8,287,1,1077,16,3,12,3,4,0,8,18,6,1.53 
2014,04,10,18:00,8,210,6,1077,15,15,8,7,7,8,8,13,21,0.68 
2014,04,08,20:15,711,8,6,1077,5,16,5,10,0,6,8,17,10,1.46 
2014,04,07,18:00,8,1069,0,1077,16,7,12,3,4,4,8,15,13,1.08 
2014,04,06,22:00,8,1280,0,1077,15,15,6,9,9,6,8,16,20,0.89 
2014,04,06,20:00,8,1274,0,1077,16,5,11,4,5,1,8,26,9,1.86 
2014,04,03,22:15,8,250,2,1077,9,16,8,7,1,9,8,20,18,1.12 
2014,04,03,21:10,215,8,2,1077,16,9,12,3,4,6,8,15,19,0.81 
2014,04,02,18:00,8,214,6,1077,16,4,12,3,4,1,8,27,6,2.19 
2014,03,30,00:00,711,8,7,1080,16,11,9,6,7,5,8,11,22,0.56 
2014,03,30,00:00,711,8,1,1080,16,3,12,3,4,0,8,3,17,0.22 
2014,03,29,18:15,22,8,6,1080,19,17,13,2,2,13,8,21,28,0.76 
2014,03,29,18:15,22,8,0,1080,16,8,10,5,6,3,8,10,18,0.60 
2014,03,27,19:30,711,8,6,1080,15,19,13,2,2,13,8,20,24,0.82 
2014,03,27,19:30,711,8,1,1080,12,16,5,10,7,6,8,17,21,0.81 
2014,03,27,19:30,8,711,7,1080,5,16,5,10,0,6,8,10,16,0.70 
2014,03,25,21:00,8,49,1,1077,16,4,11,4,5,0,8,18,9,1.43 
2014,03,25,19:15,1244,8,6,1077,8,16,5,10,3,6,8,15,15,1.02 
2014,03,21,21:15,1244,8,0,1080,3,16,3,12,0,4,8,17,9,1.54 
2014,03,21,21:15,8,1244,1,1080,16,9,8,7,8,2,8,10,14,0.74 
2014,03,19,20:00,8,301,6,1077,16,8,10,5,6,3,8,28,12,1.77 
2014,03,16,13:00,8,250,6,1082,16,10,11,4,5,6,8,20,14,1.22 
2014,03,16,13:00,250,8,0,1082,9,16,4,11,5,5,8,25,12,1.63 
2014,03,15,19:00,1045,8,2,1082,7,16,7,8,0,8,8,24,16,1.37 
2014,03,15,19:00,1045,8,0,1082,19,17,11,4,4,11,8,26,25,1.03 
2014,03,15,19:00,8,1045,6,1082,16,8,11,4,5,4,8,15,12,1.00 
2014,03,14,16:00,8,301,6,1082,16,8,13,2,3,6,8,23,12,1.45 
2014,03,14,16:00,301,8,0,1082,3,16,0,15,3,1,8,30,9,2.27 
2014,03,13,15:45,711,8,0,1082,7,16,6,9,1,7,8,18,11,1.43 
2014,03,13,14:00,8,59,0,1082,19,16,10,5,5,10,8,22,24,0.91 
2014,03,10,23:15,59,8,0,1080,8,16,8,7,0,9,8,22,12,1.37 
2014,03,10,20:15,8,1045,2,1080,20,22,5,10,10,5,8,25,27,0.87 
2014,03,10,19:15,8,59,0,1080,16,2,13,2,3,0,8,20,7,1.91 
2014,03,06,18:00,8,1273,1,1077,16,4,11,4,5,0,8,16,8,1.33 
2014,03,02,21:00,8,59,6,1077,16,4,14,1,2,3,8,13,9,1.08 
2014,02,26,19:00,49,8,0,1085,10,16,9,6,1,10,8,22,11,1.45 
2014,02,26,19:00,8,49,1,1085,16,10,6,9,10,1,8,19,14,1.37 
2014,02,25,19:00,8,856,0,1085,16,8,8,7,8,1,8,11,17,0.65 
2014,02,25,19:00,8,856,6,1085,16,3,12,3,4,0,8,17,9,1.33 
2013,12,22,19:00,215,1310,5,1096,8,16,8,7,0,9,1310,30,12,1.84 
2013,12,22,19:00,215,1310,0,1096,16,14,9,6,7,8,1310,16,22,0.76 
2013,12,22,19:00,215,1310,2,1096,14,16,8,7,6,9,1310,15,20,0.79 
2013,12,21,20:15,284,1310,2,1096,12,16,9,6,3,10,1310,19,14,1.10 
2013,12,21,20:15,1310,284,6,1096,21,18,11,4,4,11,1310,35,27,1.33 
2013,12,20,20:40,215,1310,6,1096,9,16,5,10,4,6,1310,19,17,1.10 
2013,12,20,20:40,1310,215,1,1096,7,16,6,9,1,7,1310,10,19,0.58 
2013,12,20,20:40,215,1310,7,1096,4,16,4,11,0,5,1310,24,9,1.83 
2013,12,10,23:00,214,1322,7,1104,9,16,3,12,6,4,1322,23,14,1.34 
2013,12,10,22:15,1322,215,1,1103,14,16,7,8,7,8,1322,28,19,1.29 
2013,12,10,20:15,250,1322,6,1103,16,11,12,3,4,8,1322,22,19,1.14 
2013,12,10,19:15,1322,1324,1,1103,16,11,10,5,6,6,1322,23,15,1.31 
2013,12,10,17:00,215,1322,0,1104,16,5,11,4,5,1,1322,5,19,0.28 
2013,12,09,22:00,1322,1305,7,1104,16,2,13,2,3,0,1322,14,5,1.40 
2013,12,09,19:15,1322,1045,2,1104,14,16,8,7,6,9,1322,21,22,1.00 
2013,12,08,22:30,1322,49,7,1104,16,7,12,3,4,4,1322,14,9,1.13 
2013,12,08,17:45,844,1322,1,1104,6,16,1,14,5,2,1322,19,15,1.19 
2013,12,08,17:00,1069,1322,2,1104,4,16,4,11,0,5,1322,22,8,1.70 
2013,12,04,19:00,1322,1244,7,1104,16,5,11,4,5,1,1322,12,11,0.95 
2013,12,03,22:00,1106,1322,1,1104,4,16,3,12,1,4,1322,14,12,1.14 
2013,12,03,21:15,275,1322,2,1104,6,16,4,11,2,5,1322,16,12,1.19 
2013,12,02,22:00,943,934,0,1098,16,9,8,7,8,2,934,11,18,0.64 
2013,12,02,22:00,943,934,2,1098,10,16,8,7,2,9,934,21,17,1.25 
2013,12,02,22:00,943,934,1,1098,16,7,8,7,8,0,934,18,18,1.06 
2013,11,28,20:00,1322,545,6,1105,13,16,12,3,1,13,1322,11,21,0.64 
2013,11,28,18:15,1322,250,6,1105,4,16,3,12,1,4,1322,8,14,0.64 
2013,11,28,15:45,1322,1152,1,1105,16,9,10,5,6,4,1322,20,12,1.32 
2013,11,22,21:00,1322,287,1,1104,16,12,11,4,5,8,1322,24,16,1.44 
2013,11,22,20:00,722,1322,0,1104,14,16,7,8,7,8,1322,26,20,1.16 
2013,11,22,19:00,1311,1322,1,1104,14,16,4,11,10,5,1322,21,20,0.95 
2013,11,17,07:30,1311,1322,5,1107,16,3,12,3,4,0,1322,10,16,0.66 
2013,11,17,07:30,1311,1322,6,1107,16,5,10,5,6,0,1322,10,17,0.58 
2013,11,17,07:30,1322,1311,7,1107,16,11,7,8,9,3,1322,20,15,1.20 
2013,11,16,15:30,215,1322,6,1107,14,16,7,8,7,8,1322,18,20,0.85 
2013,11,16,15:30,1322,215,2,1107,16,4,11,4,5,0,1322,14,8,1.19 
2013,11,16,07:00,1106,1322,1,1107,11,16,2,13,9,3,1322,20,14,1.17 
2013,11,16,06:59,1322,1106,5,1107,16,8,11,4,5,4,1322,16,13,1.08 
2013,11,14,23:30,940,934,10,1098,3,16,3,12,0,4,934,19,9,1.69 
2013,11,13,22:00,1322,132,1,1104,15,15,9,6,6,9,1322,15,22,0.81 
2013,11,09,18:00,934,936,9,1098,9,16,5,10,4,6,934,11,19,0.59 
2013,10,30,20:00,1106,1322,8,1111,16,14,7,8,9,6,1322,19,17,1.06 
2013,10,30,20:00,1322,1106,6,1111,18,21,6,9,9,6,1322,27,29,0.95 
2013,10,27,17:00,1317,1322,6,1112,21,17,9,6,6,9,1322,18,26,0.71 
2013,10,27,17:00,1317,1322,5,1112,16,4,11,4,5,0,1322,8,19,0.40 
2013,10,27,13:30,1322,215,6,1112,16,5,13,2,3,3,1322,19,14,1.33 
2013,10,26,22:00,214,1322,6,1112,11,16,9,6,2,10,1322,21,17,1.15 
2013,10,26,17:30,1322,215,1,1112,28,31,4,11,11,4,1322,43,36,1.16 
2013,10,07,22:00,934,74,10,1098,16,6,10,5,6,1,934,20,12,1.37 
2013,10,07,21:00,934,71,9,1098,16,13,7,8,9,5,934,24,18,1.18 
2013,10,01,22:20,841,132,12,1116,16,7,12,3,4,4,841,19,15,1.28 
2013,10,01,20:00,1317,841,11,1116,16,6,10,5,6,1,841,12,20,0.74 
2013,10,01,19:00,841,132,10,1116,16,10,8,7,8,3,841,18,15,1.08 
2013,09,26,20:15,1323,841,7,1120,3,16,3,12,0,4,841,16,8,1.39 
2013,09,26,18:00,215,841,10,1120,6,16,3,12,3,4,841,15,10,1.12 
2013,09,25,21:00,384,841,11,1125,16,6,10,5,6,1,841,10,18,0.58 
2013,09,25,18:00,1311,841,10,1120,16,3,12,3,4,0,841,10,17,0.62 
2013,09,24,23:30,749,841,12,1120,13,16,6,9,7,7,841,24,19,1.19 
2013,09,24,21:00,1347,841,11,1125,17,21,11,4,4,11,841,22,24,0.88 
2013,09,24,20:00,1312,841,10,1125,1,16,1,14,0,2,841,18,7,1.54 
2013,09,24,19:00,841,1354,10,1125,16,3,13,2,3,1,841,13,9,1.09 
2013,09,23,22:10,841,1317,10,1120,6,16,4,11,2,5,841,14,18,0.79 
2013,09,23,19:00,844,841,10,1120,4,16,1,14,3,2,841,15,12,1.07 
2013,09,19,20:15,841,210,10,1120,11,16,8,7,3,9,841,23,21,1.09 
2013,09,17,20:00,841,1311,10,1125,17,21,10,5,5,10,841,26,30,0.88 
2013,09,11,22:00,698,841,10,1120,11,16,9,6,2,10,841,17,17,0.96 
2013,09,10,21:00,1347,841,13,1125,16,4,13,2,3,2,841,12,17,0.68 
2013,09,10,20:00,210,841,7,1125,10,16,2,13,8,3,841,14,15,0.86 
2013,09,10,19:00,841,1320,10,1125,16,4,11,4,5,0,841,19,12,1.35 
2013,09,09,21:00,841,1106,12,1120,16,2,13,2,3,0,841,15,7,1.32 
2013,09,09,20:00,1312,841,10,1120,4,16,4,11,0,5,841,13,12,1.07 
2013,09,05,22:00,841,287,7,1120,16,1,14,1,2,0,841,13,7,1.36 
2013,09,03,19:00,544,1367,10,1125,21,18,9,6,6,9,1367,19,33,0.65 
2013,07,14,13:45,1384,722,12,1135,9,16,7,8,2,8,1384,15,19,0.81 
2013,07,14,13:45,1384,722,10,1135,8,16,4,11,4,5,1384,15,20,0.73 
2013,07,14,13:45,1384,722,13,1135,16,10,11,4,5,6,1384,13,15,0.85 
2013,07,14,11:00,1384,1313,11,1135,16,5,14,1,2,4,1384,15,11,1.15 
2013,07,14,11:00,1384,1313,13,1135,16,10,12,3,4,7,1384,23,13,1.40 
2013,07,13,14:30,1384,1246,13,1135,16,3,12,3,4,0,1384,25,7,2.07 
2013,07,13,13:30,1384,215,10,1135,8,16,3,12,5,4,1384,8,17,0.59 
2013,07,13,12:30,336,1384,13,1135,7,16,5,10,2,6,1384,18,14,1.15 
2013,07,13,11:45,1384,1389,13,1135,16,3,12,3,4,0,1384,20,7,1.64 
2013,03,10,12:00,1384,1439,13,1165,13,16,8,7,5,9,1384,25,25,1.01 
2013,03,10,12:00,1439,1384,11,1165,16,1,14,1,2,0,1384,9,17,0.48 
2013,03,09,18:00,1384,838,11,1165,16,0,15,0,1,0,1384,19,6,1.76 
2013,03,09,18:00,838,1384,10,1165,9,16,8,7,1,9,1384,20,14,1.19 
2013,03,09,14:00,1384,841,13,1165,7,16,6,9,1,7,1384,14,20,0.69 
2013,03,09,14:00,1384,841,10,1165,16,14,8,7,8,7,1384,26,22,1.19 
2013,03,09,14:00,841,1384,12,1165,16,12,10,5,6,7,1384,22,19,1.06 
