2016,06,22,17:15,152,350,0,499,19,17,9,6,6,9,350,17,25,0.69 
2016,06,22,17:15,350,152,1,499,4,16,4,11,0,5,350,12,17,0.74 
2016,06,14,21:30,49,350,0,550,19,16,9,6,6,9,350,16,25,0.66 
2016,06,14,21:30,350,49,1,550,7,16,7,8,0,8,350,11,16,0.77 
2016,06,13,20:45,297,358,4,499,16,9,8,7,8,2,358,14,20,0.72 
2016,06,13,20:45,297,358,0,499,16,12,7,8,9,4,358,27,21,1.26 
2016,05,11,21:00,262,444,14,556,16,9,8,7,8,2,444,18,19,0.94 
2016,04,26,22:00,379,444,0,556,16,6,11,4,5,2,444,12,21,0.57 
2016,04,22,19:00,444,276,14,556,14,16,7,8,7,8,444,16,23,0.73 
2016,04,11,21:15,406,444,1,556,19,16,6,9,9,6,444,26,28,0.92 
2016,04,07,20:15,157,444,0,556,16,10,8,7,8,3,444,21,20,1.02 
2016,04,04,19:00,444,457,0,556,17,19,8,7,7,8,444,33,25,1.26 
2016,03,31,20:15,444,275,0,556,16,11,9,6,7,5,444,24,19,1.31 
2016,03,19,17:50,29,594,0,625,16,3,12,3,4,0,594,7,17,0.45 
2016,02,24,21:15,444,406,0,645,12,16,4,11,8,5,444,17,21,0.84 
2016,02,24,21:15,444,406,6,645,14,16,7,8,7,8,444,20,24,0.89 
2016,02,24,20:00,379,444,1,645,5,16,4,11,1,5,444,18,13,1.22 
2016,02,22,23:00,444,656,4,645,16,11,8,7,8,4,444,22,19,1.07 
2016,02,22,21:15,444,657,1,645,16,7,11,4,5,3,444,23,17,1.35 
2016,02,22,20:00,406,444,14,645,16,13,5,10,11,3,444,20,25,0.81 
2015,06,25,12:30,292,1055,4,882,16,12,11,4,5,8,1055,18,20,0.96 
2015,06,25,12:30,292,1055,7,882,16,12,6,9,10,3,1055,16,20,0.73 
2015,06,25,12:30,1055,292,14,882,16,6,10,5,6,1,1055,19,15,1.22 
2015,06,24,20:30,23,1055,7,882,16,10,13,2,3,8,1055,22,22,1.10 
2015,06,24,20:30,1055,23,4,882,14,16,10,5,4,11,1055,14,21,0.68 
2015,06,04,19:00,1067,1055,6,903,16,4,13,2,3,2,1055,9,17,0.59 
2015,06,04,19:00,1055,1067,7,903,12,16,8,7,4,9,1055,20,21,1.00 
2015,05,18,18:00,1054,1055,7,903,12,16,7,8,5,8,1055,19,18,1.02 
2015,05,18,18:00,1054,1055,1,903,12,16,7,8,5,8,1055,33,13,1.92 
2015,05,14,19:00,441,1055,7,887,4,16,4,11,0,5,1055,21,10,1.52 
2015,05,14,19:00,1055,441,6,887,16,9,12,3,4,6,1055,20,15,1.20 
2015,05,12,18:00,1055,379,4,887,7,16,4,11,3,5,1055,9,18,0.58 
2015,05,12,18:00,379,1055,14,887,16,14,6,9,10,5,1055,20,20,0.98 
2015,05,12,18:00,1055,379,7,887,16,5,13,2,3,3,1055,20,9,1.46 
2015,05,11,20:00,1055,656,1,903,16,12,10,5,6,7,1055,22,19,1.12 
2015,05,11,19:00,1055,398,7,903,16,6,13,2,3,4,1055,19,15,1.27 
2015,05,09,16:00,1055,1054,6,560,13,16,9,6,4,10,1055,16,24,0.64 
2015,05,09,16:00,1054,1055,7,560,16,8,13,2,3,6,1055,13,19,0.70 
2015,05,08,13:40,29,1055,1,560,16,13,11,4,5,9,1055,28,21,1.25 
2015,05,08,13:40,29,1055,14,560,16,5,13,2,3,3,1055,6,18,0.36 
2015,05,08,10:00,1054,1055,1,560,14,16,6,9,8,7,1055,25,22,1.05 
2015,05,08,10:00,1054,1055,6,560,13,16,7,8,6,8,1055,20,21,1.02 
2015,05,08,10:00,1055,1054,7,560,11,16,2,13,9,3,1055,11,20,0.59 
2015,05,06,16:30,1055,441,6,887,16,11,8,7,8,4,1055,27,16,1.38 
2015,05,06,16:30,1055,441,14,887,16,11,12,3,4,8,1055,23,16,1.22 
2015,04,29,18:00,1055,29,7,560,16,9,9,6,7,3,1055,19,18,0.96 
2015,04,29,18:00,1055,29,1,560,16,14,6,9,10,5,1055,25,23,1.27 
2015,04,27,22:00,1093,1055,1,903,12,16,8,7,4,9,1055,22,17,1.12 
2015,04,27,21:00,1055,433,7,903,16,3,12,3,4,0,1055,19,8,1.61 
2015,04,23,22:15,398,1055,6,560,13,16,11,4,2,12,1055,16,20,0.77 
2015,04,23,22:15,1055,398,1,560,16,11,9,6,7,5,1055,21,17,1.23 
2015,04,23,21:45,1055,1095,7,560,16,13,6,9,10,4,1055,16,17,0.86 
2015,04,23,19:55,1055,1095,1,560,16,6,10,5,6,1,1055,25,10,1.84 
2015,04,20,21:00,1055,13,6,937,6,16,5,10,1,6,1055,9,17,0.69 
2015,04,20,21:00,1055,13,14,937,16,6,9,6,7,0,1055,18,12,1.24 
2015,04,20,21:00,1055,13,7,937,14,16,8,7,6,9,1055,25,23,1.10 
2015,04,19,18:00,1055,159,6,560,11,16,8,7,3,9,1055,11,19,0.65 
2015,04,19,18:00,1055,159,14,560,4,16,3,12,1,4,1055,11,20,0.52 
2015,04,19,18:00,1055,159,7,560,16,8,12,3,4,5,1055,23,17,1.39 
2015,04,15,21:15,1055,159,6,903,11,16,10,5,1,11,1055,20,20,1.09 
2015,04,15,20:00,1055,1067,6,903,9,16,9,6,0,10,1055,12,18,0.75 
2015,01,30,18:50,59,888,0,962,16,10,10,5,6,5,888,16,19,0.85 
2015,01,30,16:30,8,888,7,962,16,3,14,1,2,2,888,8,18,0.49 
2015,01,11,17:45,888,712,7,968,16,10,11,4,5,6,888,17,18,0.91 
2015,01,11,17:45,888,712,14,968,19,21,8,7,7,8,888,34,30,1.12 
2015,01,11,17:45,888,712,0,968,16,9,12,3,4,6,888,10,18,0.63 
2015,01,11,15:30,53,888,6,968,6,16,3,12,3,4,888,29,10,2.03 
2015,01,11,14:15,888,1148,6,968,7,16,7,8,0,8,888,8,19,0.48 
2015,01,03,21:20,1150,888,6,969,16,9,10,5,6,4,888,15,22,0.66 
2015,01,03,21:20,1150,888,0,969,16,4,11,4,5,0,888,16,16,1.01 
2015,01,02,18:00,888,1054,0,969,11,16,6,9,5,7,888,8,22,0.42 
2015,01,02,18:00,888,1054,6,969,16,13,10,5,6,8,888,17,21,0.83 
2015,01,02,18:00,1054,888,1,969,16,6,11,4,5,2,888,13,17,0.81 
