2016,04,19,04:15,334,270,0,590,5,16,4,11,1,5,334,29,18,1.68 
2016,04,19,04:15,270,334,1,590,16,6,12,3,4,3,334,17,17,1.04 
2016,03,17,04:00,334,70,6,590,9,16,6,9,3,7,334,20,20,1.02 
2016,03,17,04:00,70,334,7,590,16,3,12,3,4,0,334,10,18,0.57 
2015,10,25,04:15,818,903,14,775,9,16,7,8,2,8,903,26,18,1.49 
2015,10,25,01:15,818,903,1,775,8,16,7,8,1,8,903,17,18,0.87 
2015,10,25,01:15,818,903,7,775,8,16,3,12,5,4,903,31,14,1.85 
2015,09,30,02:00,291,334,14,725,16,6,12,3,4,3,334,13,21,0.69 
2015,09,23,02:00,334,738,14,725,10,16,3,12,7,4,334,15,21,0.73 
2015,09,15,03:30,334,707,7,725,16,8,12,3,4,5,334,18,15,1.03 
2015,09,06,20:50,334,702,1,827,10,16,3,12,7,4,334,17,22,0.81 
2015,09,06,20:50,334,702,7,827,13,16,7,8,6,8,334,26,21,1.17 
2015,09,06,20:50,702,334,14,827,7,16,6,9,1,7,334,17,16,1.12 
2015,09,06,16:00,796,334,14,827,14,16,7,8,7,8,334,22,21,1.05 
2015,09,06,16:00,796,334,7,827,16,13,10,5,6,8,334,13,21,0.64 
2015,09,06,16:00,334,796,4,827,16,13,12,3,4,10,334,25,23,1.19 
2015,09,06,01:30,334,805,1,827,11,16,10,5,1,11,334,17,19,0.98 
2015,09,06,01:30,805,334,14,827,19,15,10,5,5,10,334,19,24,0.81 
2015,09,05,04:00,334,1011,0,827,16,2,13,2,3,0,334,16,7,1.47 
2015,09,05,02:55,291,334,1,827,16,6,10,5,6,1,334,10,16,0.68 
2015,09,05,02:00,334,1011,14,827,16,3,14,1,2,2,334,17,11,1.27 
2015,08,12,02:45,334,1034,2,863,14,16,12,3,2,13,334,29,21,1.40 
2015,08,12,02:45,1034,334,7,863,6,16,5,10,1,6,334,24,9,1.66 
2015,08,12,02:45,334,1034,14,863,12,16,6,9,6,7,334,17,20,0.89 
2015,07,10,19:00,404,1049,0,875,16,3,12,3,4,0,1049,6,17,0.41 
2015,07,10,17:30,13,1049,7,875,16,4,12,3,4,1,1049,11,20,0.55 
2015,07,10,16:00,257,1049,14,875,16,4,14,1,2,3,1049,6,19,0.32 
2015,05,25,04:15,760,257,7,883,2,16,2,13,0,3,760,9,17,0.66 
2015,05,21,02:00,1035,760,7,883,17,19,6,9,9,6,760,32,29,1.13 
2015,05,05,04:15,760,1056,0,883,16,10,7,8,9,2,760,18,17,0.99 
