2016,07,15,21:00,241,287,7,521,16,7,12,3,4,4,287,16,17,0.97 
2016,07,15,21:00,241,287,5,521,17,19,10,5,5,10,287,37,27,1.32 
2016,07,15,21:00,287,241,4,521,8,16,5,10,3,6,287,18,19,0.94 
2016,06,29,17:15,287,30,6,499,7,16,5,10,2,6,287,14,17,0.87 
2016,06,29,17:15,30,287,2,499,3,16,3,12,0,4,287,18,10,1.39 
2016,06,29,17:15,287,30,1,499,1,16,1,14,0,2,287,5,14,0.42 
2016,06,28,20:00,117,287,2,488,19,17,8,7,7,8,287,38,27,1.44 
2016,06,14,17:10,216,287,7,499,11,16,10,5,1,11,287,20,20,0.96 
2016,06,14,17:10,216,287,14,499,9,16,4,11,5,5,287,16,17,0.87 
2016,06,14,17:10,287,216,0,499,9,16,7,8,2,8,287,13,21,0.63 
2016,06,13,17:15,287,196,4,499,5,16,4,11,1,5,287,15,19,0.78 
2016,06,13,17:15,196,287,7,499,19,17,5,10,10,5,287,20,29,0.72 
2016,06,13,17:15,287,196,14,499,16,9,10,5,6,4,287,15,16,0.86 
2016,06,05,20:30,360,287,1,496,16,10,11,4,5,6,287,14,20,0.91 
2016,06,05,20:30,360,287,2,496,16,9,8,7,8,2,287,16,21,0.85 
2016,05,31,17:15,392,287,7,499,16,7,9,6,7,1,287,12,20,0.59 
2016,05,31,17:15,287,392,0,499,8,16,3,12,5,4,287,15,20,0.78 
2016,04,09,22:10,278,287,7,612,16,12,10,5,6,7,287,25,19,1.34 
2016,04,09,22:10,287,278,6,612,9,16,5,10,4,6,287,16,21,0.73 
2016,04,09,11:30,288,287,0,612,13,16,7,8,6,8,287,17,23,0.78 
2016,04,09,11:30,288,287,7,612,5,16,4,11,1,5,287,26,16,1.64 
2016,04,08,18:00,287,287,0,612,16,14,6,9,10,5,287,22,26,0.86 
2016,04,08,18:00,287,287,7,612,6,16,4,11,2,5,287,16,18,0.99 
2016,04,08,18:00,287,287,14,612,6,16,4,11,2,5,287,24,15,1.51 
2016,03,29,21:45,287,196,0,605,9,16,5,10,4,6,287,11,22,0.49 
2016,03,29,21:45,196,287,14,605,16,10,8,7,8,3,287,12,18,0.68 
2016,03,14,19:00,472,287,7,605,22,19,7,8,8,7,287,27,26,1.08 
2016,03,14,19:00,472,287,1,605,16,5,10,5,6,0,287,9,20,0.42 
2016,03,13,19:00,288,287,6,630,11,16,10,5,1,11,287,17,20,0.89 
2016,03,13,19:00,287,288,7,630,16,4,14,1,2,3,287,12,12,1.00 
2016,03,02,21:00,278,287,2,630,4,16,4,11,0,5,287,21,15,1.46 
2016,03,02,21:00,287,278,6,630,16,14,8,7,8,7,287,24,20,1.13 
2016,02,28,19:15,517,287,1,630,8,16,5,10,3,6,287,19,17,1.21 
2016,02,28,19:15,287,517,7,630,7,16,4,11,3,5,287,14,20,0.77 
2016,02,25,21:00,287,458,6,630,16,7,14,1,2,6,287,20,15,1.21 
2016,02,25,21:00,458,287,14,630,12,16,5,10,7,6,287,19,20,0.88 
2016,02,16,19:00,683,281,2,630,8,16,7,8,1,8,683,8,22,0.37 
2016,02,16,19:00,683,281,6,630,16,7,8,7,8,0,683,17,11,1.14 
2016,01,29,22:00,683,496,14,656,6,16,1,14,5,2,683,9,18,0.52 
2016,01,29,22:00,683,496,7,656,9,16,7,8,2,8,683,25,20,1.35 
2016,01,28,17:00,683,137,7,656,16,10,10,5,6,5,683,20,17,1.01 
2015,12,02,18:00,52,776,4,720,1,16,1,14,0,2,52,7,15,0.47 
2015,11,29,19:00,52,439,7,652,19,17,10,5,5,10,52,14,25,0.59 
2015,11,29,19:00,52,439,2,652,16,8,11,4,5,4,52,25,13,1.78 
2015,11,29,16:00,52,825,4,652,16,7,11,4,5,3,52,13,13,0.95 
2015,11,29,16:00,52,825,6,652,16,14,5,10,11,4,52,29,19,1.40 
2015,11,29,16:00,825,52,7,652,16,8,12,3,4,5,52,13,19,0.72 
2015,11,21,15:55,287,52,1,736,16,10,7,8,9,2,52,18,20,1.03 
2015,11,21,15:55,287,52,4,736,16,3,12,3,4,0,52,6,18,0.40 
2015,11,20,14:10,52,404,2,736,12,16,4,11,8,5,52,21,20,1.03 
2015,11,20,12:40,52,850,7,736,16,3,12,3,4,0,52,15,10,1.41 
2015,11,20,11:25,52,851,7,736,16,3,13,2,3,1,52,20,9,1.61 
2015,11,17,19:01,841,52,7,746,16,10,10,5,6,5,52,19,22,0.87 
2015,11,17,19:01,841,52,4,746,19,16,9,6,6,9,52,29,27,1.16 
2015,11,16,21:30,52,458,7,746,16,6,10,5,6,1,52,12,14,0.83 
2015,11,16,18:45,52,841,7,746,16,12,6,9,10,3,52,20,20,1.00 
2015,11,16,16:00,52,53,2,746,22,25,6,9,9,6,52,45,28,1.38 
2015,11,09,21:15,52,584,2,755,19,17,4,11,11,4,52,31,25,1.19 
2015,11,09,20:59,584,52,4,755,16,12,11,4,5,8,52,23,21,1.06 
2015,11,09,20:59,584,52,6,755,16,3,13,2,3,1,52,3,18,0.17 
2015,11,05,22:10,517,52,0,764,8,16,6,9,2,7,52,14,14,0.97 
2015,11,05,22:10,517,52,2,764,10,16,9,6,1,10,52,22,12,1.35 
2015,11,05,19:30,400,52,7,764,8,16,8,7,0,9,52,16,18,0.86 
2015,11,05,17:30,52,517,7,764,5,16,4,11,1,5,52,7,18,0.42 
2015,11,05,17:30,52,517,0,764,8,16,3,12,5,4,52,18,18,0.95 
2015,11,04,20:00,400,52,4,764,7,16,3,12,4,4,52,26,12,1.86 
2015,11,04,20:00,400,52,2,764,12,16,7,8,5,8,52,28,15,1.42 
2015,10,27,23:15,52,825,7,769,16,13,4,11,12,2,52,18,16,1.02 
2015,10,27,18:45,897,52,2,769,7,16,6,9,1,7,52,11,15,0.81 
2015,10,27,18:45,52,897,7,769,16,11,6,9,10,2,52,22,21,1.16 
2015,10,27,18:45,52,897,0,769,13,16,8,7,5,9,52,13,19,0.70 
2015,10,26,18:00,52,490,4,769,16,14,6,9,10,5,52,23,19,1.00 
2015,10,26,18:00,490,52,7,769,9,16,5,10,4,6,52,21,20,1.07 
2015,10,26,18:00,490,52,0,769,16,11,9,6,7,5,52,21,20,1.01 
2015,10,04,14:45,944,52,2,794,5,16,4,11,1,5,52,24,13,1.71 
2015,10,04,14:45,52,944,0,794,16,2,14,1,2,1,52,22,6,1.98 
2015,10,04,10:30,676,52,7,794,10,16,5,10,5,6,52,29,14,1.64 
2015,10,04,10:30,52,676,0,794,11,16,10,5,1,11,52,12,20,0.71 
2015,10,04,10:30,676,52,4,794,15,21,3,12,12,3,52,27,21,1.21 
2015,09,15,18:30,124,959,0,799,8,16,6,9,2,7,959,22,14,1.28 
2015,09,13,18:00,841,52,7,818,16,13,11,4,5,9,52,27,22,1.23 
2015,09,13,18:00,52,841,0,818,13,16,8,7,5,9,52,16,22,0.76 
2015,09,12,19:55,52,987,0,766,7,16,5,) (,:,),52,16,18,0.96 
2015,09,05,19:15,52,264,7,766,13,16,10,5,3,11,52,13,23,0.62 
2015,09,01,22:00,52,380,7,836,24,26,4,11,11,4,52,37,34,1.01 
2015,09,01,18:00,52,841,6,836,16,5,11,4,5,1,52,16,12,1.18 
2015,08,31,20:45,52,380,0,836,7,16,6,9,1,7,52,19,18,1.17 
2015,08,31,20:45,380,52,7,836,16,4,11,4,5,0,52,13,19,0.70 
2015,08,11,20:00,52,472,7,841,14,16,6,9,8,7,52,16,24,0.67 
2015,08,11,20:00,472,52,0,841,13,16,4,11,9,5,52,13,22,0.63 
2015,08,11,20:00,52,472,4,841,11,16,5,10,6,6,52,21,21,0.96 
2015,06,04,18:00,52,458,6,902,11,16,8,7,3,9,52,20,21,1.06 
2015,06,03,21:00,52,22,0,841,13,16,8,7,5,9,52,17,19,0.79 
2015,05,26,21:30,52,1052,0,841,16,12,10,5,6,7,52,18,19,0.92 
2015,05,23,19:00,841,52,0,916,7,16,5,10,2,6,52,19,14,1.21 
2015,05,23,19:00,841,52,6,916,7,16,6,9,1,7,52,21,11,1.37 
2015,05,23,19:00,52,841,14,916,16,10,11,4,5,6,52,15,17,0.81 
2015,05,23,18:00,52,508,2,916,16,4,12,3,4,1,52,20,9,1.55 
2015,05,23,15:00,52,383,0,916,16,11,11,4,5,7,52,18,20,0.96 
2015,05,22,18:00,841,52,7,916,16,13,4,11,12,2,52,20,23,0.84 
2015,05,22,18:00,52,841,2,916,16,11,10,5,6,6,52,12,15,0.76 
2015,05,22,18:00,841,52,0,916,16,7,9,6,7,1,52,17,19,0.84 
2015,05,21,22:00,52,508,1,841,13,16,10,5,3,11,52,16,22,0.78 
2015,05,21,21:00,22,52,6,841,14,16,10,5,4,11,52,13,18,0.77 
2015,05,19,21:00,287,52,14,901,16,7,11,4,5,3,52,14,20,0.77 
2015,04,25,18:15,287,800,7,654,16,10,7,8,9,2,800,19,18,1.15 
2015,04,04,10:00,800,314,7,948,14,16,10,5,4,11,800,22,23,1.04 
2015,04,03,22:30,8,800,6,948,16,4,12,3,4,1,800,17,16,1.16 
2015,04,03,22:30,8,800,0,948,16,8,13,2,3,6,800,11,20,0.66 
2015,04,03,19:00,1112,800,6,948,1,16,1,14,0,2,800,15,10,1.21 
2015,04,03,19:00,800,1112,0,948,16,5,13,2,3,3,800,21,11,1.47 
2015,04,03,15:30,800,552,1,948,16,11,7,8,9,3,800,22,15,1.30 
2015,04,03,15:30,552,800,7,948,7,16,6,9,1,7,800,16,13,1.16 
2015,04,03,12:00,800,1112,5,948,13,16,9,6,4,10,800,16,22,0.84 
2015,04,03,12:00,1112,800,0,948,22,20,4,11,11,4,800,30,30,1.00 
2015,04,03,12:00,1112,800,7,948,6,16,5,10,1,6,800,16,13,1.26 
2014,09,28,18:00,1201,500,6,1023,12,16,9,6,3,10,1201,15,20,0.78 
2014,07,19,11:30,59,1201,1,1052,16,6,11,4,5,2,1201,11,20,0.62 
2014,07,19,11:30,59,1201,0,1052,13,16,11,4,2,12,1201,24,20,1.12 
2014,07,19,11:30,1201,59,6,1052,14,16,8,7,6,9,1201,17,22,0.83 
2014,07,18,16:15,1227,1201,1,1052,16,19,5,10,10,5,1201,26,22,1.06 
2014,07,18,14:00,1229,1201,6,1052,7,16,3,12,4,4,1201,18,15,1.11 
2014,07,18,11:30,1227,1201,6,1052,19,17,10,5,5,10,1201,17,26,0.70 
2013,10,24,20:00,74,959,11,1098,16,3,13,2,3,1,959,9,19,0.52 
2013,10,17,21:30,940,959,10,1098,16,3,12,3,4,0,959,6,19,0.26 
2013,10,17,20:00,959,71,11,1098,16,14,11,4,5,10,959,26,20,1.19 
2013,10,05,18:00,959,936,13,1098,7,16,6,9,1,7,959,15,19,0.81 
2013,09,23,22:00,0,959,9,1124,3,16,3,12,0,4,959,21,10,1.77 
2013,09,23,22:00,959,0,11,1124,16,11,10,5,6,6,959,25,17,1.40 
2013,03,19,22:00,1432,49,11,1154,3,16,3,12,0,4,1432,9,16,0.59 
2013,03,19,21:00,250,1432,13,1154,16,2,13,2,3,0,1432,11,17,0.75 
2013,03,19,20:00,1383,1432,13,1154,16,7,9,6,7,1,1432,14,18,0.89 
2013,03,13,20:00,210,1001,10,1164,16,2,15,0,1,2,1001,7,17,0.40 
