2016,08,12,04:35,90,91,7,485,16,10,11,4,5,6,90,28,16,1.46 
2016,08,12,04:35,90,91,1,485,19,17,5,10,10,5,90,19,26,0.73 
2016,08,12,04:35,91,90,0,485,16,5,12,3,4,2,90,17,18,1.04 
2016,08,11,04:15,77,90,14,485,12,16,5,10,7,6,90,25,16,1.26 
2016,08,11,04:15,77,90,1,485,6,16,5,10,1,6,90,16,16,1.04 
2016,08,11,04:15,90,77,0,485,14,16,9,6,5,10,90,22,20,1.10 
2016,08,10,04:20,90,126,7,485,16,8,11,4,5,4,90,30,11,2.02 
2016,08,10,04:20,126,90,0,485,7,16,2,13,5,3,90,20,14,1.37 
2016,08,10,04:20,90,126,14,485,12,16,7,8,5,8,90,16,24,0.72 
2016,07,14,04:15,90,7,4,522,16,12,6,9,10,3,90,22,20,1.03 
2016,07,14,04:15,7,90,2,522,16,14,10,5,6,9,90,25,23,1.04 
2016,07,14,04:15,7,90,7,522,11,16,6,9,5,7,90,24,20,1.32 
2016,07,13,04:10,113,90,7,522,17,19,7,8,8,7,90,31,25,1.21 
2016,07,13,04:10,113,90,0,522,9,16,9,6,0,10,90,24,14,1.32 
2016,07,13,04:10,90,113,2,522,10,16,6,9,4,7,90,22,20,1.10 
2016,05,23,20:10,384,287,14,499,16,12,6,9,10,3,287,22,21,1.11 
2016,05,23,20:10,287,384,1,499,4,16,3,12,1,4,287,6,18,0.39 
2016,05,11,17:20,430,287,0,499,16,4,11,4,5,0,287,13,18,0.77 
2016,05,11,17:20,287,430,1,499,11,16,7,8,4,8,287,28,20,1.44 
2016,05,11,17:20,287,430,14,499,22,20,7,8,8,7,287,25,31,0.81 
2016,05,04,20:20,287,147,7,499,19,15,9,6,6,9,287,30,22,1.33 
2016,05,04,20:20,147,287,14,499,13,16,10,5,3,11,287,25,21,1.13 
2016,04,10,17:30,287,281,6,612,16,10,11,4,5,6,287,23,15,1.44 
2016,04,10,17:30,287,281,0,612,16,14,5,10,11,4,287,22,21,1.09 
2016,04,10,17:30,287,281,7,612,8,16,2,13,6,3,287,12,19,0.68 
2016,04,09,18:00,287,281,14,612,16,11,7,8,9,3,287,26,16,1.44 
2016,04,09,18:00,287,281,7,612,16,8,9,6,7,2,287,28,12,1.75 
2016,04,09,18:00,281,287,0,612,16,4,12,3,4,1,287,9,18,0.49 
2016,04,08,18:00,287,287,0,612,16,14,6,9,10,5,287,25,22,1.09 
2016,04,08,18:00,287,287,7,612,6,16,4,11,2,5,287,9,16,0.64 
2016,04,08,18:00,287,287,14,612,6,16,4,11,2,5,287,10,18,0.55 
2016,04,08,11:20,287,432,14,612,16,5,12,3,4,2,287,17,13,1.26 
2016,04,08,11:20,432,287,7,612,2,16,2,13,0,3,287,18,11,1.31 
2016,03,24,22:00,287,484,14,605,10,16,8,7,2,9,287,17,21,0.81 
2016,03,24,22:00,287,484,0,605,13,16,10,5,3,11,287,11,22,0.57 
2016,03,21,22:15,439,287,14,605,19,17,5,10,10,5,287,30,27,1.01 
2016,03,21,22:15,287,439,7,605,5,16,4,11,1,5,287,8,19,0.45 
2016,03,16,21:00,287,281,0,630,9,16,5,10,4,6,287,15,19,0.86 
2016,03,16,21:00,287,281,14,630,14,16,4,11,10,5,287,23,18,1.14 
2016,03,12,21:00,617,621,14,548,16,3,12,3,4,0,621,20,16,1.47 
2016,03,07,23:45,287,278,7,630,16,12,12,3,4,9,287,28,18,1.38 
2016,03,07,23:45,287,278,14,630,12,16,8,7,4,9,287,23,21,1.12 
2016,03,07,21:00,287,458,0,630,22,19,8,7,7,8,287,42,26,1.54 
2016,03,07,21:00,287,458,14,630,19,17,7,8,8,7,287,35,23,1.33 
2016,02,25,19:00,287,647,14,605,16,12,6,9,10,3,287,28,16,1.58 
2016,02,25,19:00,647,287,7,605,16,13,8,7,8,6,287,17,20,0.86 
2016,02,25,19:00,287,647,1,605,16,10,10,5,6,5,287,22,15,1.23 
2016,02,23,21:15,287,288,7,630,16,9,7,8,9,1,287,24,15,1.36 
2016,02,23,21:15,287,288,14,630,16,11,9,6,7,5,287,23,16,1.26 
2016,02,21,23:00,287,432,6,630,13,16,7,8,6,8,287,24,20,1.16 
2016,02,21,23:00,287,432,7,630,16,3,12,3,4,0,287,18,6,1.50 
2016,02,16,23:00,287,517,7,630,3,16,3,12,0,4,287,12,16,0.81 
2016,02,16,23:00,517,287,0,630,16,9,6,9,10,0,287,26,20,1.47 
2016,01,03,21:00,287,719,14,683,13,16,2,13,11,3,287,24,24,1.05 
2016,01,03,21:00,287,719,0,683,12,16,5,10,7,6,287,21,17,1.22 
2015,12,16,21:00,287,719,1,683,6,16,4,11,2,5,287,4,17,0.36 
2015,12,14,21:00,287,517,14,683,16,14,6,9,10,5,287,19,18,0.99 
2015,11,22,19:00,287,360,14,736,13,16,6,9,7,7,287,18,22,0.88 
2015,11,22,19:00,360,287,1,736,16,14,4,11,12,3,287,25,21,1.19 
2015,11,22,11:30,743,287,6,736,13,16,9,6,4,10,287,22,18,1.12 
2015,11,22,11:30,287,743,1,736,16,7,12,3,4,4,287,20,14,1.25 
2015,11,21,15:55,287,52,1,736,16,10,7,8,9,2,287,18,13,1.08 
2015,11,21,15:55,287,52,4,736,16,3,12,3,4,0,287,21,7,1.81 
2015,11,20,23:00,287,360,0,736,16,9,8,7,8,2,287,22,12,1.46 
2015,11,20,22:10,287,848,7,736,16,7,9,6,7,1,287,16,8,1.24 
2015,11,20,20:25,287,847,1,736,16,8,12,3,4,5,287,18,17,1.01 
2015,10,25,12:00,404,901,0,772,16,14,8,7,8,7,901,23,21,1.16 
2015,10,25,12:00,901,404,4,772,14,16,5,10,9,6,901,26,22,1.12 
2015,10,25,12:00,901,404,6,772,22,19,12,3,3,12,901,29,28,1.01 
2015,10,24,18:30,901,287,6,772,16,11,8,7,8,4,901,26,15,1.53 
2015,10,24,15:45,278,901,0,772,16,7,8,7,8,0,901,17,17,1.01 
2015,10,24,15:45,278,901,6,772,16,3,12,3,4,0,901,11,16,0.67 
2015,10,20,22:00,300,901,2,778,10,16,4,11,6,5,901,22,15,1.16 
2015,10,19,23:00,287,901,6,778,16,12,6,9,10,3,901,19,22,0.78 
2015,10,12,22:00,300,901,6,778,8,16,6,9,2,7,901,31,14,1.78 
2015,10,08,20:00,281,944,7,789,16,3,12,3,4,0,944,7,17,0.42 
2015,10,08,20:00,281,944,2,789,16,7,9,6,7,1,944,12,19,0.65 
2015,10,07,18:30,676,944,0,789,12,16,10,5,2,11,944,31,19,1.46 
2015,10,07,18:30,676,944,7,789,5,16,5,10,0,6,944,26,12,1.69 
2015,10,04,14:45,944,52,2,794,5,16,4,11,1,5,944,5,21,0.23 
2015,10,04,14:45,52,944,0,794,16,2,14,1,2,1,944,9,16,0.51 
2015,10,03,15:00,951,944,7,794,7,16,2,13,5,3,944,21,14,1.33 
2015,10,03,15:00,944,951,6,794,16,8,11,4,5,4,944,17,14,1.10 
2015,09,30,21:00,958,939,4,799,12,16,5,10,7,6,958,27,20,1.25 
2015,09,30,21:00,958,939,7,799,21,25,9,6,6,9,958,31,34,0.91 
2015,09,30,21:00,939,958,1,799,14,16,3,12,11,4,958,20,22,0.87 
2015,09,16,18:00,957,958,1,799,3,16,2,13,1,3,958,15,8,1.28 
2015,09,16,17:00,958,1,1,799,16,11,6,9,10,2,958,22,15,1.34 
2015,09,14,18:00,103,958,1,799,3,16,2,13,1,3,958,10,12,0.80 
2015,09,13,12:00,944,380,7,766,8,16,7,8,1,8,944,13,16,0.80 
2015,09,13,12:00,380,944,4,766,16,3,12,3,4,0,944,9,17,0.60 
2015,09,12,19:45,944,383,7,766,16,0,15,0,1,0,944,18,4,2.02 
2015,09,05,19:50,944,776,7,766,6,16,5,10,1,6,944,9,16,0.62 
2015,08,20,21:45,944,314,1,847,6,16,2,13,4,3,944,9,18,0.52 
2015,08,20,21:45,314,944,6,847,16,13,10,5,6,8,944,23,19,1.10 
2015,08,20,20:30,944,841,14,847,19,16,10,5,5,10,944,22,22,0.99 
2015,08,20,18:00,314,944,0,847,19,17,11,4,4,11,944,28,26,1.05 
2015,08,20,18:00,314,944,4,847,16,6,9,6,7,0,944,17,17,1.25 
2015,08,19,20:00,944,1029,6,847,16,12,9,6,7,6,944,15,22,0.75 
2015,08,19,20:00,1029,944,7,847,5,16,3,12,2,4,944,18,13,1.14 
2015,08,17,20:00,22,944,0,815,16,12,13,2,3,10,944,21,21,1.06 
2015,08,17,20:00,944,22,7,815,4,16,4,11,0,5,944,17,17,1.04 
2015,08,17,19:00,517,944,7,815,13,16,9,6,4,10,944,19,18,1.02 
2015,08,12,18:00,196,944,0,862,16,5,13,2,3,3,944,10,17,0.61 
2015,08,12,18:00,196,944,6,862,16,6,10,5,6,1,944,16,20,0.92 
2015,08,11,21:45,278,944,7,862,12,16,3,12,9,4,944,18,17,1.00 
2015,08,11,21:45,944,278,1,862,16,4,11,4,5,0,944,12,9,1.01 
2015,08,11,18:00,1037,944,0,862,12,16,8,7,4,9,944,20,19,1.00 
2015,08,11,18:00,944,1037,1,862,16,14,9,6,7,8,944,16,25,0.70 
2015,08,11,18:00,1037,944,7,862,16,11,10,5,6,6,944,8,21,0.45 
2015,07,25,18:15,944,383,0,872,8,16,8,7,0,9,944,14,20,0.74 
2015,07,25,17:15,490,944,7,872,8,16,6,9,2,7,944,25,13,1.56 
2015,07,25,13:30,944,22,1,872,9,16,9,6,0,10,944,17,19,0.95 
2015,05,25,19:00,1050,1079,7,841,16,6,11,4,5,2,1079,7,18,0.57 
2015,05,14,18:00,1079,458,7,909,7,16,6,9,1,7,1079,17,20,0.93 
2015,05,14,18:00,458,1079,1,909,16,9,10,5,6,4,1079,13,21,0.63 
2015,05,13,21:00,1079,1062,7,909,12,16,7,8,5,8,1079,15,23,0.74 
2015,05,13,21:00,1062,1079,1,909,16,6,10,5,6,1,1079,17,16,1.11 
2015,05,06,19:00,1079,292,14,918,5,16,4,11,1,5,1079,16,16,0.94 
2015,05,06,19:00,292,1079,1,918,13,16,9,6,4,10,1079,19,21,0.91 
2015,05,06,19:00,1079,292,0,918,8,16,8,7,0,9,1079,11,18,0.68 
2015,04,29,18:00,292,287,0,932,16,2,13,2,3,0,287,10,18,0.53 
2015,04,29,18:00,287,292,7,932,12,16,10,5,2,11,287,12,24,0.52 
2015,04,28,21:15,383,287,6,932,13,16,6,9,7,7,287,21,19,1.05 
2015,04,28,21:15,383,287,1,932,14,16,10,5,4,11,287,21,19,1.04 
2015,04,28,21:15,383,287,7,932,16,12,8,7,8,5,287,18,20,0.87 
2015,04,25,19:30,383,287,0,654,16,2,13,2,3,0,287,9,18,0.51 
2015,04,25,19:30,287,383,7,654,12,16,6,9,6,7,287,26,21,1.19 
2015,04,25,19:30,383,287,1,654,12,16,10,5,2,11,287,21,18,1.04 
2015,04,25,18:15,287,800,7,654,16,10,7,8,9,2,287,20,18,1.03 
2015,04,22,18:00,287,59,0,937,8,16,7,8,1,8,287,12,19,0.68 
2015,04,22,18:00,59,287,1,937,16,9,8,7,8,2,287,16,19,0.82 
2015,04,22,18:00,287,59,6,937,11,16,5,10,6,6,287,9,21,0.49 
2015,04,20,21:00,287,292,0,937,16,14,12,3,4,11,287,17,22,0.79 
2015,04,20,21:00,292,287,7,937,16,14,13,2,3,12,287,16,22,0.86 
2015,04,20,21:00,292,287,1,937,8,16,7,8,1,8,287,23,18,1.17 
2014,12,21,19:00,278,287,7,972,6,16,6,9,0,7,287,15,15,0.99 
2014,12,21,19:00,278,287,5,972,11,16,9,6,2,10,287,20,17,1.07 
2014,12,21,19:00,287,278,6,972,20,22,13,2,2,13,287,23,30,0.80 
2014,12,18,21:37,8,287,14,965,16,3,13,2,3,1,287,9,17,0.57 
2014,12,18,21:30,287,8,6,965,12,16,9,6,3,10,287,16,21,0.72 
2014,11,24,18:30,500,287,5,984,16,3,13,2,3,1,287,8,18,0.52 
2014,11,24,17:55,500,287,1,984,16,9,8,7,8,2,287,13,21,0.63 
2014,11,15,15:30,214,287,1,992,16,7,9,6,7,1,287,12,19,0.65 
2014,11,15,15:30,214,287,7,992,16,1,14,1,2,0,287,7,17,0.41 
2014,10,30,17:00,795,287,1,998,12,16,8,7,4,9,287,22,21,1.07 
2014,10,30,15:00,210,287,6,998,16,9,13,2,3,7,287,10,21,0.51 
2014,10,30,13:25,287,143,7,998,16,8,12,3,4,5,287,21,14,1.31 
2014,10,30,12:00,776,287,6,998,8,16,6,9,2,7,287,20,14,1.33 
2014,10,30,10:00,215,287,6,998,16,5,11,4,5,1,287,12,17,0.74 
2014,10,10,19:00,940,958,1,993,16,12,5,10,11,2,958,17,20,0.86 
2014,09,23,22:10,945,287,1,1023,16,8,10,5,6,3,287,8,23,0.31 
2014,09,23,22:10,287,945,6,1023,10,16,3,12,7,4,287,12,20,0.64 
2014,09,23,19:00,1207,287,1,1023,9,16,3,12,6,4,287,23,16,1.36 
2014,09,04,21:00,958,124,6,993,14,16,8,7,6,9,958,22,19,1.05 
2014,08,29,20:00,1017,958,0,1035,9,16,3,12,6,4,958,13,19,0.70 
2014,08,29,20:00,958,1017,5,1035,16,19,9,6,6,9,958,37,24,1.44 
2014,08,29,20:00,1017,958,6,1035,10,16,6,9,4,7,958,19,17,0.98 
2014,07,27,15:30,1052,287,6,1050,16,9,12,3,4,6,287,11,16,0.71 
2014,07,27,15:30,1052,287,1,1050,16,12,10,5,6,7,287,21,20,1.07 
2014,07,26,20:30,844,287,1,1050,13,16,7,8,6,8,287,25,23,1.07 
2014,07,26,20:30,287,844,6,1050,21,18,10,5,5,10,287,20,27,0.90 
2014,07,26,13:00,287,776,5,1050,9,16,9,6,0,10,287,5,20,0.33 
2014,07,26,13:00,287,776,1,1050,16,14,7,8,9,6,287,22,22,1.00 
2014,07,26,13:00,776,287,6,1050,16,7,12,3,4,4,287,11,17,0.61 
2014,07,19,22:45,287,59,5,1052,14,16,9,6,5,10,287,19,22,0.84 
2014,07,19,22:45,287,59,6,1052,11,16,10,5,1,11,287,23,20,1.18 
2014,07,19,22:45,59,287,1,1052,12,16,8,7,4,9,287,19,20,0.92 
2014,07,19,18:20,287,301,2,1052,9,16,8,7,1,9,287,16,20,0.79 
2014,07,19,18:20,301,287,1,1052,8,16,4,11,4,5,287,26,13,1.76 
2014,07,19,18:20,287,301,6,1052,20,22,11,4,4,11,287,22,26,0.91 
2014,07,19,11:15,509,287,5,1052,20,22,10,5,5,10,287,29,26,1.03 
2014,07,19,11:15,509,287,1,1052,14,16,8,7,6,9,287,23,21,1.14 
2014,07,19,11:15,509,287,6,1052,16,6,10,5,6,1,287,12,16,0.78 
2014,07,18,18:45,287,944,6,1052,16,9,13,2,3,7,287,18,13,1.18 
2014,07,18,17:30,287,1051,5,1052,16,2,13,2,3,0,287,18,5,1.68 
2014,05,30,19:00,287,314,6,1065,7,16,6,9,1,7,287,18,17,1.06 
2014,04,15,22:00,1069,287,2,1077,14,16,6,9,8,7,287,12,24,0.63 
2014,04,15,21:00,287,1244,6,1077,9,16,2,13,7,3,287,14,18,0.82 
2014,04,15,18:00,1244,287,1,1075,16,12,7,8,9,4,287,21,24,0.83 
2014,04,15,18:00,1244,287,6,1075,16,8,11,4,5,4,287,11,16,0.70 
2014,04,13,20:00,250,287,6,1077,16,7,11,4,5,3,287,14,19,0.83 
2014,04,13,19:00,210,287,6,1077,16,5,11,4,5,1,287,14,17,0.80 
2014,04,12,20:00,8,287,1,1077,16,3,12,3,4,0,287,6,18,0.34 
2014,04,12,19:00,49,287,1,1077,16,10,7,8,9,2,287,13,20,0.72 
2014,04,10,19:20,287,215,6,1077,10,16,6,9,4,7,287,20,19,0.95 
2014,04,08,21:00,59,287,6,1077,15,15,3,12,12,3,287,12,21,0.66 
2014,04,08,20:15,287,132,5,1075,11,16,6,9,5,7,287,21,21,0.98 
2014,04,08,19:00,214,287,1,1077,12,16,10,5,2,11,287,21,16,1.12 
2014,04,06,19:00,1280,287,6,1077,16,7,9,6,7,1,287,13,18,0.78 
2014,04,01,21:10,1264,287,0,1075,13,16,7,8,6,8,287,17,17,1.01 
2014,04,01,20:00,1274,287,2,1077,16,7,14,1,2,6,287,15,19,0.94 
2014,03,31,22:00,711,287,1,1077,16,3,12,3,4,0,287,8,15,0.63 
2014,03,25,20:30,287,284,2,1075,16,3,12,3,4,0,287,12,13,0.85 
2014,03,23,22:55,210,287,5,1080,16,12,11,4,5,8,287,15,23,0.66 
2014,03,23,19:45,287,22,5,1080,5,16,1,14,4,2,287,10,15,0.74 
2014,03,23,19:45,22,287,1,1080,6,16,2,13,4,3,287,14,12,1.03 
2014,03,23,19:45,22,287,0,1080,16,2,13,2,3,0,287,6,18,0.28 
2014,03,12,22:00,284,287,6,1077,12,16,5,10,7,6,287,16,19,0.82 
2014,03,12,21:00,287,1273,6,1077,15,15,6,9,9,6,287,26,19,1.24 
2014,03,09,20:00,250,287,6,1083,16,5,10,5,6,0,287,13,19,0.71 
2014,03,09,20:00,287,250,5,1083,10,16,4,11,6,5,287,15,20,0.76 
2014,03,08,23:45,287,215,1,1080,16,13,4,11,12,2,287,18,18,0.91 
2014,03,08,22:30,287,1106,6,1080,16,13,6,9,10,4,287,22,18,1.04 
2014,03,08,18:15,250,287,5,1080,16,9,15,0,1,9,287,13,19,0.72 
2014,03,07,21:40,1244,287,5,1083,16,9,7,8,9,1,287,17,17,0.97 
2014,03,07,21:40,1244,287,6,1083,21,19,7,8,8,7,287,26,32,0.81 
2014,03,05,22:20,1264,287,6,1083,11,16,5,10,6,6,287,18,18,0.94 
2014,03,05,21:00,1274,287,6,1083,15,15,8,7,7,8,287,17,21,0.83 
2014,03,05,20:00,250,287,5,1083,16,7,13,2,3,5,287,5,20,0.31 
2014,03,04,20:00,1244,287,1,1075,9,16,8,7,1,9,287,18,14,1.08 
2014,03,02,22:00,301,287,5,1077,16,9,12,3,4,6,287,21,17,1.15 
2014,01,26,22:00,1297,1298,5,570,16,6,12,3,4,3,1298,14,17,0.90 
2014,01,26,22:00,1297,1298,6,570,16,9,8,7,8,2,1298,18,18,0.92 
2013,12,11,22:45,1317,287,1,1103,16,7,11,4,5,3,287,10,17,0.65 
2013,12,11,20:30,1311,287,6,1103,16,13,12,3,4,10,287,15,22,0.71 
2013,12,11,19:15,1317,287,6,1103,14,16,9,6,5,10,287,17,24,0.79 
2013,12,10,20:30,844,287,6,1104,10,16,4,11,6,5,287,11,14,0.80 
2013,12,10,19:00,1323,287,5,1104,14,16,8,7,6,9,287,15,21,0.70 
2013,12,08,20:00,275,287,6,1104,16,8,11,4,5,4,287,25,18,1.36 
2013,12,05,21:00,1106,287,6,1104,9,16,6,9,3,7,287,16,13,1.02 
2013,12,05,20:00,287,215,6,1104,16,9,7,8,9,1,287,14,10,1.07 
2013,12,02,22:00,287,1069,6,1104,16,10,12,3,4,7,287,13,15,0.83 
2013,12,02,21:00,132,287,5,1104,16,9,11,4,5,5,287,25,19,1.36 
2013,11,22,21:00,1322,287,1,1104,16,12,11,4,5,8,287,23,19,1.20 
2013,11,21,22:30,287,1244,1,1104,16,9,7,8,9,1,287,11,15,0.71 
2013,11,21,21:30,722,287,6,1104,14,16,8,7,6,9,287,26,21,1.12 
2013,11,21,20:30,1311,287,7,1104,16,3,12,3,4,0,287,11,16,0.77 
2013,11,18,22:00,287,49,6,1104,9,16,6,9,3,7,287,10,15,0.71 
2013,11,17,22:00,1305,287,7,1104,4,16,3,12,1,4,287,12,8,1.08 
2013,11,17,20:00,214,287,7,1104,16,13,4,11,12,2,287,19,20,0.97 
2013,11,12,23:00,1045,287,1,1104,16,11,6,9,10,2,287,11,24,0.54 
2013,10,31,16:30,287,1340,6,1110,16,2,13,2,3,0,287,21,6,1.91 
2013,10,31,15:30,1317,287,5,1110,16,2,13,2,3,0,287,10,17,0.61 
2013,10,31,14:30,287,384,1,1110,8,16,6,9,2,7,287,9,21,0.44 
2013,10,13,21:00,958,124,11,1098,13,16,4,11,9,5,958,15,18,0.78 
2013,10,13,20:00,943,958,9,1098,16,10,11,4,5,6,958,5,20,0.35 
2013,10,02,21:15,939,958,11,1098,15,15,10,5,5,10,958,19,21,0.85 
2013,09,26,23:30,1317,287,13,1120,16,4,11,4,5,0,287,13,19,0.76 
2013,09,26,22:00,1312,287,13,1120,12,16,6,9,6,7,287,23,20,1.17 
2013,09,25,23:00,287,250,1,1120,16,14,6,9,10,5,287,13,20,0.73 
2013,09,25,22:00,287,844,11,1120,16,3,12,3,4,0,287,14,9,1.14 
2013,09,25,20:00,210,287,10,1120,16,14,10,5,6,9,287,18,22,0.80 
2013,09,25,19:00,1311,287,11,1120,16,4,15,0,1,4,287,7,20,0.32 
2013,09,24,22:30,1106,287,9,1120,16,12,11,4,5,8,287,18,21,0.84 
2013,09,24,21:00,1323,287,13,1120,14,16,5,10,9,6,287,19,20,0.90 
2013,09,23,22:00,1312,287,10,1117,16,10,10,5,6,5,287,27,20,1.55 
2013,09,23,22:00,1312,287,13,1117,17,19,7,8,8,7,287,25,25,0.87 
2013,09,23,22:00,1312,287,9,1117,16,11,9,6,7,5,287,15,20,0.78 
2013,09,16,20:00,287,749,9,1120,16,13,8,7,8,6,287,15,16,0.82 
2013,09,13,21:40,1280,287,11,1120,8,16,4,11,4,5,287,14,14,0.88 
2013,09,10,21:30,287,698,9,1117,5,16,3,12,2,4,287,7,20,0.34 
2013,09,09,21:00,287,215,11,1117,16,11,10,5,6,6,287,18,20,0.92 
2013,09,08,19:00,215,287,9,1120,5,16,4,11,1,5,287,17,12,1.25 
2013,09,05,22:00,841,287,7,1120,16,1,14,1,2,0,287,10,16,0.61 
2013,09,05,18:00,1317,287,9,1117,16,2,13,2,3,0,287,6,16,0.50 
2013,09,02,22:20,1106,287,9,1117,14,16,6,9,8,7,287,15,17,0.89 
2013,09,02,21:00,287,210,11,1117,16,11,11,4,5,7,287,16,17,0.88 
2013,06,25,19:00,1391,287,9,1138,3,16,3,12,0,4,287,22,8,1.78 
2013,06,20,22:00,287,210,13,1138,13,16,7,8,6,8,287,18,20,0.94 
2013,06,20,22:00,841,287,13,1138,16,7,9,6,7,1,287,17,20,0.85 
2013,06,13,21:00,250,287,13,1138,16,7,10,5,6,2,287,8,19,0.46 
2013,06,11,21:00,287,749,9,1138,16,14,7,8,9,6,287,22,20,1.11 
2013,06,10,20:00,1106,287,9,1138,16,4,11,4,5,0,287,11,16,0.68 
2013,06,07,21:00,215,287,9,1138,10,16,6,9,4,7,287,18,16,1.04 
2013,06,06,22:00,8,287,11,1138,15,15,10,5,5,10,287,28,19,1.23 
2013,06,06,19:00,287,49,9,1138,6,16,4,11,2,5,287,16,21,0.80 
2013,06,04,19:00,1328,287,9,1143,16,11,5,10,11,1,287,11,21,0.65 
2013,06,03,21:30,841,287,9,1142,10,16,5,10,5,6,287,11,16,0.69 
2013,06,03,20:00,287,250,13,1142,4,16,3,12,1,4,287,17,19,0.95 
2013,05,31,21:00,1312,287,9,1138,9,16,2,13,7,3,287,13,13,0.92 
2013,05,30,22:00,287,210,9,1142,13,16,8,7,5,9,287,19,22,0.86 
2013,05,30,21:00,287,301,11,1142,10,16,7,8,3,8,287,18,17,1.03 
2013,05,29,20:30,287,1323,13,1138,11,16,10,5,1,11,287,22,17,1.24 
2013,05,28,19:00,1106,287,11,1143,16,13,10,5,6,8,287,17,21,0.82 
2013,05,27,22:00,287,275,13,1142,16,12,12,3,4,9,287,26,16,1.35 
2013,05,27,20:00,287,705,11,1138,16,8,9,6,7,2,287,20,14,1.25 
2013,05,21,19:00,287,8,9,1143,12,16,10,5,2,11,287,13,23,0.62 
2013,05,19,22:00,1093,287,13,1138,11,16,9,6,2,10,287,27,16,1.46 
2013,05,14,20:00,287,841,13,1143,14,16,9,6,5,10,287,23,19,1.17 
