2016,04,25,21:15,473,474,7,551,16,13,7,8,9,5,473,22,21,0.96 
2016,04,25,21:15,473,474,14,551,16,14,10,5,6,9,473,19,20,0.99 
2016,03,18,22:30,82,80,1,603,4,16,1,14,3,2,82,12,17,0.74 
2016,03,11,22:30,82,80,1,603,16,11,8,7,8,4,82,15,18,0.87 
2016,03,04,22:30,82,80,1,603,16,8,13,2,3,6,82,8,17,0.54 
2016,02,26,22:30,81,82,0,603,6,16,5,10,1,6,82,20,17,1.10 
2016,02,19,22:30,82,83,6,603,21,19,8,7,7,8,82,24,28,0.89 
2016,02,19,21:30,81,82,1,603,14,16,7,8,7,8,82,18,19,0.90 
2015,10,21,18:30,484,868,4,727,14,16,10,5,4,11,484,24,22,1.02 
2015,10,21,18:30,484,868,1,727,16,13,5,10,11,3,484,19,22,0.86 
2015,10,21,18:30,868,484,2,727,16,12,9,6,7,6,484,18,22,0.84 
2015,10,13,18:00,484,270,4,721,4,16,3,12,1,4,484,6,19,0.35 
2015,10,13,18:00,270,484,7,721,19,15,11,4,4,11,484,21,26,0.81 
2015,10,09,22:45,484,841,14,788,16,2,14,1,2,1,484,13,12,1.13 
2015,10,09,22:45,484,841,2,788,13,16,11,4,2,12,484,20,20,0.93 
2015,10,09,22:45,484,841,7,788,16,12,9,6,7,6,484,19,21,0.92 
2015,10,09,17:00,484,137,1,788,16,3,12,3,4,0,484,20,13,1.66 
2015,10,09,17:00,137,484,14,788,9,16,4,11,5,5,484,20,16,1.22 
2015,10,09,17:00,484,137,2,788,8,16,6,9,2,7,484,16,21,0.83 
2015,10,08,21:30,331,484,0,788,12,16,5,10,7,6,484,24,16,1.29 
2015,10,08,19:30,484,892,7,788,16,3,12,3,4,0,484,14,13,0.93 
2015,10,08,18:15,314,484,14,788,16,10,10,5,6,5,484,18,19,1.07 
2015,10,06,19:30,320,484,6,790,9,16,6,9,3,7,484,19,19,0.99 
2015,10,06,19:30,320,484,2,790,8,16,7,8,1,8,484,22,14,1.32 
2015,10,04,17:00,13,484,6,790,16,5,13,2,3,3,484,10,19,0.53 
2015,10,04,17:00,484,13,1,790,10,16,6,9,4,7,484,23,20,1.17 
2015,10,04,17:00,484,13,2,790,16,13,7,8,9,5,484,18,20,0.87 
2015,09,24,20:45,484,841,2,805,10,16,10,5,0,11,484,13,22,0.61 
2015,09,24,20:45,484,841,7,805,12,16,7,8,5,8,484,18,22,0.82 
2015,09,24,20:45,484,841,0,805,16,4,11,4,5,0,484,22,11,1.61 
2015,09,24,17:00,137,484,14,805,13,16,7,8,6,8,484,27,20,1.25 
2015,09,24,17:00,137,484,7,805,14,16,6,9,8,7,484,28,18,1.53 
2015,09,23,20:00,484,379,7,805,16,5,11,4,5,1,484,26,9,2.08 
2015,09,23,20:00,379,484,14,805,1,16,1,14,0,2,484,14,8,1.29 
2015,09,13,12:00,484,719,6,766,12,16,9,6,3,10,484,15,21,0.82 
2015,09,13,12:00,719,484,0,766,14,16,5,10,9,6,484,17,22,0.79 
2015,09,13,12:00,484,719,7,766,14,16,12,3,2,13,484,14,19,0.79 
2015,09,06,16:40,29,484,7,766,19,21,10,5,5,10,484,31,27,1.12 
2015,09,06,15:15,980,484,2,766,10,16,5,10,5,6,484,21,18,1.17 
2015,09,06,12:00,484,196,6,766,14,16,11,4,3,12,484,18,23,0.87 
2015,09,06,12:00,484,196,7,766,16,12,8,7,8,5,484,20,19,1.07 
2015,09,06,12:00,196,484,14,766,16,10,11,4,5,6,484,18,21,0.87 
2015,09,05,19:00,484,840,7,766,16,14,12,3,4,11,484,22,20,1.21 
2015,09,03,18:00,860,458,7,834,12,16,5,10,7,6,860,26,21,1.21 
2015,09,03,18:00,458,860,0,834,16,6,10,5,6,1,860,15,18,0.98 
2015,08,18,20:30,484,287,4,849,15,21,10,5,5,10,484,28,24,1.05 
2015,08,18,20:30,287,484,0,849,16,4,11,4,5,0,484,8,19,0.40 
2015,08,17,22:30,1026,484,7,849,6,16,2,13,4,3,484,21,13,1.32 
2015,08,17,22:30,1026,484,0,849,5,16,2,13,3,3,484,12,11,0.92 
2015,08,17,20:15,484,287,0,849,16,11,12,3,4,8,484,25,21,1.28 
2015,08,17,20:15,484,287,14,849,7,16,6,9,1,7,484,11,17,0.69 
2015,08,17,20:15,287,484,7,849,5,16,5,10,0,6,484,17,11,1.20 
2015,08,11,18:00,214,484,7,854,16,4,14,1,2,3,484,11,18,0.72 
2015,08,11,18:00,214,484,1,854,16,6,11,4,5,2,484,17,18,0.95 
2015,08,10,22:45,13,980,14,858,16,3,12,3,4,0,980,7,18,0.35 
2015,08,10,22:45,13,980,7,858,16,14,8,7,8,7,980,20,26,0.74 
2015,07,31,20:00,137,1044,0,870,16,14,8,7,8,7,1044,21,21,0.96 
2015,07,31,18:00,400,1044,0,870,11,16,7,8,4,8,1044,18,21,0.78 
2015,07,31,16:00,1043,1044,1,870,16,11,8,7,8,4,1044,16,19,0.84 
2015,05,31,16:30,980,250,7,896,7,16,6,9,1,7,980,15,17,0.86 
2015,05,31,16:30,980,250,2,896,6,16,4,11,2,5,980,8,21,0.37 
2015,05,24,22:35,980,1072,14,915,19,21,11,4,4,11,980,35,29,1.13 
2015,05,05,20:30,937,941,1,830,6,16,4,11,2,5,937,10,17,0.64 
2014,09,28,20:40,500,297,6,1023,16,7,10,5,6,2,297,7,21,0.38 
2014,09,28,20:40,500,297,0,1023,16,7,9,6,7,1,297,10,21,0.48 
2014,09,28,18:00,297,1202,0,1023,16,13,10,5,6,8,297,18,19,0.90 
2014,09,26,16:00,297,59,0,1021,6,16,5,10,1,6,297,10,20,0.51 
2014,09,23,21:15,301,297,0,1021,16,8,13,2,3,6,297,11,20,0.57 
2014,09,23,19:00,1206,297,1,1023,16,3,14,1,2,2,297,10,18,0.57 
2014,09,21,20:30,1204,297,0,1021,13,16,8,7,5,9,297,25,19,1.26 
2014,09,21,19:25,854,297,8,1021,13,16,9,6,4,10,297,18,20,0.91 
2014,08,25,20:10,674,1149,0,1039,6,16,3,12,3,4,674,15,16,0.98 
2014,08,02,12:30,674,545,6,1047,11,16,6,9,5,7,674,15,19,0.77 
2014,08,02,12:30,674,545,1,1047,14,16,7,8,7,8,674,29,21,1.46 
2014,08,01,17:25,674,793,0,1047,16,2,13,2,3,0,674,17,8,1.48 
2014,08,01,16:00,674,1223,1,1047,19,16,13,2,2,13,674,22,23,0.89 
