2016,06,10,03:30,95,94,7,548,16,13,6,9,10,4,95,19,17,1.01 
2016,06,10,03:30,94,95,2,548,13,16,8,7,5,9,95,19,20,0.98 
2016,06,09,03:00,95,43,14,548,16,13,5,10,11,3,95,16,21,0.69 
2016,06,09,03:00,95,43,1,548,8,16,6,9,2,7,95,14,20,0.70 
2016,06,03,02:00,78,95,7,548,3,16,3,12,0,4,95,11,10,0.99 
2016,06,03,02:00,78,95,0,548,16,7,12,3,4,4,95,9,20,0.48 
2016,06,02,01:30,194,95,1,532,16,10,7,8,9,2,95,16,19,0.87 
2016,06,02,01:30,194,95,0,532,31,28,6,9,9,6,95,40,37,0.96 
2016,06,02,01:30,194,95,7,532,14,16,8,7,6,9,95,17,21,0.83 
2016,06,01,02:00,95,194,0,548,16,13,11,4,5,9,95,23,20,1.10 
2016,06,01,02:00,194,95,14,548,16,3,13,2,3,1,95,9,18,0.50 
2016,05,24,02:15,142,95,14,548,12,16,8,7,4,9,95,15,18,0.90 
2016,05,24,02:15,95,142,7,548,16,7,10,5,6,2,95,17,12,1.23 
2016,05,18,00:00,95,113,0,548,6,16,5,10,1,6,95,14,20,0.76 
2016,05,18,00:00,95,113,2,548,9,16,8,7,1,9,95,8,21,0.42 
2016,05,10,04:10,95,113,0,580,8,16,5,10,3,6,95,9,19,0.53 
2016,05,10,04:10,95,113,14,580,16,9,10,5,6,4,95,11,12,0.79 
2016,05,10,04:10,95,113,7,580,18,22,5,10,10,5,95,26,32,0.82 
2016,05,07,04:15,386,95,2,580,8,16,7,8,1,8,95,20,13,1.26 
2016,05,07,04:15,386,95,0,580,13,16,7,8,6,8,95,21,20,1.06 
2016,05,07,04:15,386,95,7,580,16,14,3,12,13,2,95,24,25,1.04 
2016,05,06,04:00,95,194,0,580,16,8,10,5,6,3,95,11,15,0.86 
2016,05,06,04:00,95,194,7,580,16,14,7,8,9,6,95,19,18,1.09 
2016,04,27,01:10,95,194,1,599,10,16,6,9,4,7,95,19,22,0.85 
2016,04,27,01:10,194,95,4,599,16,5,12,3,4,2,95,9,19,0.57 
2016,04,26,02:00,95,6,7,599,16,7,9,6,7,1,95,13,13,0.93 
2016,04,26,02:00,95,6,14,599,19,16,4,11,11,4,95,17,27,0.69 
2016,04,24,03:20,95,113,7,600,12,16,8,7,4,9,95,23,17,1.19 
2016,04,24,01:15,95,6,4,600,3,16,3,12,0,4,95,11,17,0.69 
2016,03,14,02:10,140,95,2,548,14,16,10,5,4,11,95,22,20,1.12 
2016,03,14,00:05,95,600,14,548,16,14,5,10,11,4,95,22,20,1.00 
2016,01,08,16:30,95,70,0,677,2,16,2,13,0,3,95,7,17,0.43 
2016,01,08,00:45,95,497,14,677,9,16,5,10,4,6,95,15,21,0.79 
2016,01,07,14:30,6,95,7,677,15,15,6,9,9,6,95,19,22,0.86 
2016,01,06,19:00,95,194,7,677,15,15,8,7,7,8,95,32,22,1.57 
