2016,06,14,20:00,356,156,4,551,14,16,8,7,6,9,156,17,23,0.72 
2016,06,14,20:00,356,156,0,551,16,14,5,10,11,4,156,8,21,0.47 
2016,06,14,20:00,156,356,7,551,16,11,7,8,9,3,156,12,16,0.77 
2016,06,14,18:00,357,156,0,551,3,16,3,12,0,4,156,14,8,1.21 
2016,06,14,18:00,156,357,7,551,16,3,12,3,4,0,156,14,10,1.19 
2016,04,24,15:00,132,184,14,573,16,7,11,4,5,3,184,11,20,0.56 
2016,04,24,15:00,132,184,4,573,6,16,5,10,1,6,184,18,11,1.28 
2016,04,24,15:00,184,132,7,573,9,16,8,7,1,9,184,8,19,0.51 
2016,04,13,20:45,184,302,2,590,14,16,6,9,8,7,184,20,22,0.95 
2016,04,13,20:45,302,184,0,590,16,13,6,9,10,4,184,13,25,0.57 
2016,03,27,19:00,184,489,0,579,14,16,11,4,3,12,184,20,20,0.98 
2016,03,25,18:30,59,184,14,619,16,8,9,6,7,2,184,16,22,0.75 
2016,03,25,18:30,59,184,0,619,17,19,8,7,7,8,184,15,23,0.68 
2016,03,25,18:30,59,184,1,619,16,5,11,4,5,1,184,9,18,0.47 
2016,03,25,15:45,184,49,7,619,16,11,9,6,7,5,184,19,18,1.01 
2016,03,25,13:30,184,22,0,619,14,16,5,10,9,6,184,23,21,1.02 
2016,03,25,12:00,49,184,14,619,8,16,4,11,4,5,184,17,15,1.07 
2016,03,24,23:00,538,184,7,623,13,16,6,9,7,7,184,20,16,1.04 
2016,03,24,23:00,538,184,6,623,7,16,4,11,3,5,184,15,13,1.00 
2016,03,24,15:30,184,559,14,623,16,13,6,9,10,4,184,12,15,0.80 
2016,03,24,13:00,570,184,1,623,2,16,2,13,0,3,184,14,7,1.28 
2016,03,13,13:15,13,184,14,625,19,17,4,11,11,4,184,21,25,0.82 
2016,03,13,13:15,13,184,4,625,16,9,8,7,8,2,184,14,18,0.74 
2016,03,13,13:15,184,13,6,625,19,17,8,7,7,8,184,29,23,1.27 
2016,03,12,18:20,59,184,6,625,8,16,5,10,3,6,184,14,10,1.06 
2016,03,09,19:20,184,13,2,590,3,16,3,12,0,4,184,10,16,0.66 
2016,03,09,19:20,13,184,7,590,16,6,12,3,4,3,184,11,18,0.62 
2016,02,28,20:00,49,184,7,640,12,16,7,8,5,8,184,33,17,1.91 
2016,02,28,20:00,49,184,0,640,8,16,3,12,5,4,184,24,15,1.48 
2016,02,28,15:00,584,184,6,640,16,10,14,1,2,9,184,17,19,0.99 
2016,02,28,15:00,584,184,0,640,16,14,5,10,11,4,184,12,21,0.60 
2016,02,27,15:50,184,644,6,640,16,3,13,2,3,1,184,10,10,0.89 
2016,02,27,14:15,132,184,0,640,17,19,9,6,6,9,184,26,22,1.08 
2016,02,27,13:00,507,184,14,640,1,16,1,14,0,2,184,18,7,1.71 
2016,02,21,22:45,484,184,14,648,19,17,4,11,11,4,184,19,29,0.63 
2016,02,21,19:30,360,184,7,648,16,11,7,8,9,3,184,12,21,0.66 
2016,02,21,19:30,184,360,0,648,11,16,7,8,4,8,184,16,17,0.88 
2016,02,21,15:00,147,184,7,648,14,16,3,12,11,4,184,23,22,1.03 
2016,02,21,15:00,147,184,0,648,19,22,8,7,7,8,184,30,25,1.13 
2016,02,19,21:00,184,678,7,648,16,11,8,7,8,4,184,18,17,1.07 
2016,02,19,21:00,678,184,6,648,9,16,8,7,1,9,184,11,12,0.82 
2016,02,19,15:15,517,184,0,648,16,13,8,7,8,6,184,13,24,0.56 
2016,02,19,15:15,517,184,7,648,16,6,13,2,3,4,184,9,18,0.57 
2016,02,19,14:45,184,680,6,648,16,12,7,8,9,4,184,21,15,1.30 
2015,11,18,21:15,196,776,0,654,16,9,12,3,4,6,776,20,21,1.03 
2015,11,18,21:15,776,196,1,654,5,16,5,10,0,6,776,10,18,0.60 
2015,11,18,19:00,472,776,7,654,16,9,9,6,7,3,776,15,18,0.87 
2015,06,13,19:45,1062,250,1,896,5,16,3,12,2,4,1062,16,18,0.90 
2015,06,13,19:45,250,1062,2,896,16,5,12,3,4,2,1062,12,17,0.66 
2015,06,03,21:10,1062,196,4,654,16,14,6,9,10,5,1062,19,20,0.89 
2015,06,03,21:10,196,1062,1,654,7,16,7,8,0,8,1062,20,14,1.22 
2015,06,02,21:00,1062,302,2,654,6,16,6,9,0,7,1062,8,18,0.48 
2015,06,02,21:00,1062,302,0,654,10,16,7,8,3,8,1062,16,16,0.96 
2015,06,02,21:00,302,1062,4,654,14,16,10,5,4,11,1062,21,20,0.97 
2015,05,31,16:30,1062,1061,1,896,16,11,6,9,10,2,1062,13,19,0.72 
2015,05,31,12:15,1062,1061,0,896,16,11,6,9,10,2,1062,16,20,0.75 
2015,05,31,12:15,1061,1062,7,896,16,7,9,6,7,1,1062,12,22,0.50 
2015,05,29,18:00,258,1062,1,909,16,9,10,5,6,4,1062,11,19,0.61 
2015,05,29,18:00,1062,258,0,909,16,6,13,2,3,4,1062,19,13,1.32 
2015,05,29,18:00,258,1062,7,909,19,17,7,8,8,7,1062,32,23,1.26 
2015,05,26,21:00,749,1062,7,909,13,16,10,5,3,11,1062,12,19,0.65 
2015,05,26,19:00,1062,647,14,841,12,16,5,10,7,6,1062,23,18,1.25 
2015,05,25,21:30,1062,1054,14,654,16,13,11,4,5,9,1062,22,19,1.04 
2015,05,25,21:30,1054,1062,0,654,12,16,3,12,9,4,1062,16,16,0.91 
2015,05,24,22:00,1062,214,4,654,3,16,3,12,0,4,1062,7,17,0.39 
2015,05,24,22:00,1062,214,0,654,11,16,7,8,4,8,1062,20,20,0.98 
2015,05,24,22:00,1062,214,1,654,16,13,7,8,9,5,1062,16,20,0.73 
2015,05,24,19:00,1062,1045,0,841,16,10,12,3,4,7,1062,28,18,1.50 
2015,05,23,23:55,1062,1070,0,915,13,16,6,9,7,7,1062,19,20,0.85 
2015,05,23,22:30,1062,23,1,915,16,9,10,5,6,4,1062,22,12,1.41 
2015,05,22,21:30,59,1062,2,909,16,13,9,6,7,7,1062,20,22,1.01 
2015,05,22,21:30,59,1062,14,909,16,13,9,6,7,7,1062,18,21,0.94 
2015,05,20,21:00,1062,458,14,909,16,3,12,3,4,0,1062,24,4,1.97 
2015,05,20,21:00,1062,458,4,909,16,14,10,5,6,9,1062,26,16,1.34 
2015,05,20,21:00,1062,458,1,909,11,16,7,8,4,8,1062,20,18,1.14 
2015,05,19,21:00,210,1062,4,909,16,14,11,4,5,10,1062,25,22,1.07 
2015,05,19,21:00,1062,210,14,909,11,16,6,9,5,7,1062,14,21,0.64 
2015,05,19,21:00,1062,210,0,909,16,10,13,2,3,8,1062,18,14,1.09 
2015,05,18,21:30,29,1062,7,841,16,9,9,6,7,3,1062,18,19,0.96 
2015,05,13,21:00,1079,1062,7,909,12,16,7,8,5,8,1062,16,17,0.92 
2015,05,13,21:00,1062,1079,1,909,16,6,10,5,6,1,1062,23,12,1.69 
2015,05,12,21:00,1062,1087,14,925,16,9,8,7,8,2,1062,19,13,1.12 
2015,05,12,21:00,1087,1062,1,925,13,16,7,8,6,8,1062,23,14,1.38 
2015,05,11,21:00,1052,1062,7,654,14,16,10,5,4,11,1062,24,17,1.25 
2015,05,11,21:00,1052,1062,0,654,12,16,9,6,3,10,1062,17,16,0.94 
2015,05,10,22:00,490,1062,0,920,12,16,5,10,7,6,1062,30,17,1.63 
2015,05,10,22:00,1062,490,7,920,16,8,12,3,4,5,1062,19,15,1.16 
2015,05,05,21:00,1062,1044,7,920,16,14,8,7,8,7,1062,23,18,1.13 
2015,05,05,21:00,1044,1062,0,920,5,16,2,13,3,3,1062,13,12,0.95 
2015,04,21,19:15,674,1062,1,936,16,12,12,3,4,9,1062,20,21,0.93 
2015,04,04,10:00,674,1062,0,948,16,4,13,2,3,2,1062,3,19,0.20 
2015,04,03,22:30,1062,749,7,948,14,16,6,9,8,7,1062,14,23,0.62 
2015,04,03,22:30,1062,749,5,948,11,16,6,9,5,7,1062,9,20,0.51 
2015,04,03,19:30,1062,1117,1,948,16,14,4,11,12,3,1062,16,17,0.95 
2015,04,03,19:30,1117,1062,0,948,13,16,11,4,2,12,1062,19,17,1.07 
2015,04,03,15:30,270,1062,14,948,16,5,11,4,5,1,1062,11,16,0.71 
2015,04,03,15:30,270,1062,5,948,16,4,13,2,3,2,1062,9,18,0.52 
2015,04,03,12:00,1062,1117,5,948,16,2,13,2,3,0,1062,16,6,1.54 
2015,04,03,12:00,1117,1062,0,948,10,16,6,9,4,7,1062,26,12,1.56 
