2016,06,13,17:00,360,361,7,496,16,2,14,1,2,1,361,16,17,1.01 
2016,06,13,17:00,361,360,14,496,8,16,4,11,4,5,361,11,20,0.62 
2016,05,25,21:15,405,406,7,496,7,16,7,8,0,8,405,14,16,0.93 
2016,05,25,21:15,406,405,14,496,16,11,7,8,9,3,405,19,23,0.90 
2016,05,17,22:15,360,236,6,496,8,16,4,11,4,5,236,13,14,0.89 
2016,05,17,22:15,360,236,1,496,16,13,7,8,9,5,236,28,21,1.31 
2016,05,17,22:15,236,360,7,496,16,4,11,4,5,0,236,19,12,1.35 
2016,05,07,23:00,49,236,2,585,12,16,8,7,4,9,236,23,19,1.13 
2016,05,07,23:00,49,236,1,585,11,16,7,8,4,8,236,15,21,0.84 
2016,05,07,23:00,49,236,7,585,16,6,12,3,4,3,236,15,19,0.87 
2016,05,07,17:35,236,425,2,585,16,7,11,4,5,3,236,18,15,1.14 
2016,05,07,17:35,236,425,14,585,8,16,4,11,4,5,236,15,19,0.86 
2016,05,07,17:35,236,425,7,585,16,12,8,7,8,5,236,29,16,1.51 
2015,12,21,22:00,722,690,0,684,14,16,5,10,9,6,690,32,20,1.53 
2015,12,18,21:15,147,742,6,694,16,19,10,5,5,10,742,18,31,0.56 
2015,12,18,21:15,147,742,0,694,9,16,9,6,0,10,742,23,18,1.18 
2015,12,18,18:00,742,383,2,694,16,8,9,6,7,2,742,21,14,1.19 
2015,12,18,18:00,383,742,7,694,12,16,10,5,2,11,742,18,20,0.92 
2015,12,18,18:00,383,742,1,694,16,14,6,9,10,5,742,14,26,0.56 
2015,11,25,21:00,264,839,1,661,16,13,7,8,9,5,839,20,24,0.88 
2015,11,25,21:00,264,839,14,661,16,12,8,7,8,5,839,28,22,1.34 
2015,11,06,22:30,314,839,14,763,16,14,10,5,6,9,839,30,23,1.24 
2015,11,06,22:30,314,839,6,763,16,6,12,3,4,3,839,11,20,0.52 
2015,11,06,17:15,743,839,0,763,4,16,1,14,3,2,839,11,13,0.80 
2015,11,06,17:15,839,743,4,763,16,9,12,3,4,6,839,10,18,0.61 
2015,11,04,20:45,839,137,14,763,16,9,12,3,4,6,839,22,16,1.26 
2015,11,04,18:15,314,839,0,763,13,16,5,10,8,6,839,25,19,1.32 
2015,10,31,20:00,888,839,7,752,8,16,2,13,6,3,839,13,19,0.77 
2015,10,31,20:00,888,839,6,752,14,16,4,11,10,5,839,16,21,0.85 
2015,10,22,21:45,839,826,1,776,16,9,9,6,7,3,839,17,16,0.93 
2015,10,22,21:45,826,839,7,776,8,16,5,10,3,6,839,20,15,1.20 
2015,10,22,18:00,839,909,1,776,16,3,13,2,3,1,839,22,4,2.01 
2015,10,22,18:00,909,839,6,776,2,16,1,14,1,2,839,18,8,1.48 
2015,10,20,18:00,912,839,1,776,15,19,9,6,6,9,839,24,24,1.07 
2015,10,20,18:00,912,839,0,776,16,14,8,7,8,7,839,13,23,0.63 
2015,10,20,18:00,912,839,7,776,7,16,5,10,2,6,839,24,14,1.52 
2015,09,22,23:15,970,971,4,806,16,12,8,7,8,5,971,20,21,0.99 
2015,09,22,23:15,970,971,7,806,16,13,4,11,12,2,971,25,16,1.31 
2015,09,22,19:00,517,971,14,806,4,16,3,12,1,4,971,20,12,1.39 
2015,09,22,19:00,971,517,0,806,14,16,8,7,6,9,971,19,23,0.97 
2015,09,22,19:00,971,517,7,806,16,1,14,1,2,0,971,13,6,1.34 
2015,09,21,18:00,971,970,1,806,16,1,14,1,2,0,971,13,8,1.21 
2015,09,21,18:00,971,970,7,806,16,10,10,5,6,5,971,17,14,1.03 
2015,09,21,18:00,970,971,0,806,16,14,11,4,5,10,971,14,21,0.69 
2014,12,20,22:45,1151,995,0,971,16,6,12,3,4,3,1151,22,16,1.43 
2014,12,20,19:35,995,1151,7,971,21,18,9,6,6,9,1151,18,31,0.63 
2014,12,20,19:35,995,1151,4,971,14,16,11,4,3,12,1151,27,19,1.40 
2014,12,20,17:20,8,1151,14,971,16,4,12,3,4,1,1151,8,19,0.46 
2014,12,20,17:20,1151,8,7,971,5,16,5,10,0,6,1151,4,18,0.28 
2014,12,20,15:15,196,1151,7,971,16,11,12,3,4,8,1151,14,21,0.72 
2014,12,20,15:15,1151,196,1,971,8,16,5,10,3,6,1151,8,21,0.40 
2014,12,13,13:15,500,1151,6,978,16,9,9,6,7,3,1151,16,22,0.84 
2014,12,13,13:15,500,1151,1,978,16,3,12,3,4,0,1151,13,18,0.92 
2014,11,11,21:15,1151,49,7,978,5,16,4,11,1,5,1151,13,17,0.69 
2014,11,11,19:00,214,1151,7,978,21,17,7,8,8,7,1151,20,28,0.78 
2013,11,26,21:45,1220,1106,7,978,21,26,5,10,10,5,1220,36,33,1.01 
2013,11,26,20:00,1220,1260,8,978,8,16,3,12,5,4,1220,11,18,0.66 
2013,11,26,19:00,1220,1106,1,978,16,6,12,3,4,3,1220,13,11,1.01 
2013,11,04,21:00,1260,1220,6,978,21,16,13,2,2,13,1220,18,25,0.77 
2013,11,04,20:00,544,1220,1,978,3,16,3,12,0,4,1220,10,11,1.00 
2013,11,04,19:00,1335,1220,0,978,2,16,2,13,0,3,1220,10,9,0.94 
2013,10,28,19:00,1220,1334,7,978,14,16,10,5,4,11,1220,15,23,0.69 
2013,10,21,20:00,1220,1259,0,978,12,16,8,7,4,9,1220,18,22,0.92 
2013,10,21,19:00,1220,749,6,978,16,12,11,4,5,8,1220,16,19,0.88 
2013,10,14,20:10,544,1220,1,978,16,12,9,6,7,6,1220,19,20,0.97 
2013,10,14,19:00,1334,1220,1,978,4,16,3,12,1,4,1220,22,11,1.55 
2013,10,07,22:25,1220,1260,1,978,16,9,9,6,7,3,1220,15,15,0.92 
2013,10,07,21:25,1220,383,7,978,16,12,7,8,9,4,1220,23,17,1.15 
2013,10,07,20:00,1220,1336,0,978,16,7,11,4,5,3,1220,20,14,1.27 
2013,10,07,19:00,1220,1335,0,978,16,10,10,5,6,5,1220,23,13,1.41 
