2016,08,08,13:00,150,105,1,478,9,16,8,7,1,9,150,20,18,1.13 
2016,08,08,13:00,150,105,0,478,7,16,4,11,3,5,150,19,18,1.12 
2016,08,02,13:00,35,150,14,482,16,4,13,2,3,2,150,11,18,0.69 
2016,08,02,13:00,35,150,1,482,16,12,5,10,11,2,150,22,20,1.06 
2016,08,02,13:00,35,150,7,482,2,16,2,13,0,3,150,20,12,1.52 
2016,07,28,15:00,62,150,7,504,7,16,5,10,2,6,150,21,11,1.49 
2016,07,28,15:00,62,150,14,504,9,16,5,10,4,6,150,22,17,1.16 
2016,07,28,15:00,150,62,0,504,14,16,6,9,8,7,150,20,19,0.97 
2016,07,14,11:00,266,294,7,517,16,9,10,5,6,4,294,14,20,0.75 
2016,07,14,11:00,266,294,1,517,2,16,1,14,1,2,294,10,8,0.95 
2016,07,14,11:00,266,294,14,517,16,10,9,6,7,4,294,23,19,1.23 
2016,07,13,14:30,295,294,7,517,15,19,5,10,10,5,294,33,23,1.31 
2016,07,13,14:30,295,294,1,517,9,16,4,11,5,5,294,23,12,1.40 
2016,07,13,14:30,294,295,0,517,8,16,5,10,3,6,294,13,21,0.65 
2016,07,13,12:15,293,294,14,517,16,10,11,4,5,6,294,18,20,0.86 
2016,07,13,11:00,295,294,1,517,12,16,6,9,6,7,294,29,19,1.60 
2016,07,02,14:00,321,294,7,517,2,16,2,13,0,3,294,14,11,1.10 
2016,07,02,14:00,321,294,1,517,4,16,3,12,1,4,294,17,12,1.30 
2016,06,28,11:00,294,330,0,517,16,14,10,5,6,9,294,26,21,1.24 
2016,06,28,11:00,294,330,7,517,16,11,11,4,5,7,294,22,19,1.14 
2016,06,23,14:00,294,348,0,517,16,11,10,5,6,6,294,21,18,1.07 
2016,06,23,14:00,294,348,7,517,16,14,10,5,6,9,294,15,21,0.80 
2016,06,15,12:00,191,150,1,504,10,16,8,7,2,9,150,31,20,1.68 
2016,06,15,12:00,150,191,7,504,6,16,4,11,2,5,150,20,18,1.20 
2016,06,15,12:00,191,150,0,504,8,16,7,8,1,8,150,27,12,1.66 
2016,06,08,12:00,65,150,0,504,16,3,14,1,2,2,150,9,16,0.59 
2016,06,08,12:00,65,150,14,504,14,16,8,7,6,9,150,24,22,1.08 
2016,06,08,12:00,65,150,7,504,16,10,8,7,8,3,150,21,18,1.08 
2016,05,20,12:30,61,150,1,571,12,16,5,10,7,6,150,19,17,1.05 
2016,05,20,12:30,61,150,0,571,7,16,4,11,3,5,150,25,11,1.76 
2016,05,18,07:35,150,429,4,571,10,16,9,6,1,10,150,12,19,0.72 
2016,05,18,07:35,429,150,7,571,16,11,6,9,10,2,150,15,18,0.89 
2016,05,05,12:50,150,35,7,584,13,16,5,10,8,6,150,19,21,0.95 
2016,05,05,12:50,150,35,2,584,12,16,8,7,4,9,150,27,21,1.30 
2016,05,05,06:15,429,150,4,584,21,16,8,7,7,8,150,32,24,1.20 
2016,05,05,06:15,429,150,7,584,21,18,7,8,8,7,150,28,29,1.06 
2016,05,05,06:15,429,150,1,584,7,16,5,10,2,6,150,19,15,1.18 
2016,05,05,03:30,164,150,7,584,5,16,2,13,3,3,150,29,7,2.36 
2016,04,23,13:00,256,150,7,602,6,16,3,12,3,4,150,16,10,1.21 
2016,04,23,13:00,256,150,1,602,10,16,2,13,8,3,150,25,15,1.48 
2016,04,22,14:15,150,61,0,602,16,11,6,9,10,2,150,29,18,1.58 
2016,04,22,14:15,61,150,7,602,10,16,7,8,3,8,150,16,18,0.92 
2016,04,20,14:30,483,150,7,602,10,16,8,7,2,9,150,16,17,0.86 
2016,04,20,13:10,191,150,1,602,14,16,8,7,6,9,150,21,23,0.85 
2016,04,17,16:10,62,150,6,607,3,16,3,12,0,4,150,20,10,1.57 
2016,04,17,16:10,62,150,7,607,5,16,5,10,0,6,150,18,14,1.15 
2016,03,13,09:00,61,150,1,633,16,12,9,6,7,6,150,17,18,0.88 
2016,03,13,09:00,61,150,14,633,5,16,4,11,1,5,150,11,14,0.79 
2016,03,13,09:00,61,150,0,633,16,8,8,7,8,1,150,13,20,0.71 
2016,03,13,06:40,615,150,1,633,3,16,0,15,3,1,150,21,9,1.66 
2016,03,13,06:40,615,150,0,633,5,16,4,11,1,5,150,25,9,1.76 
2016,03,02,21:20,215,150,14,637,16,6,9,6,7,0,150,9,20,0.57 
2016,03,02,20:30,210,150,7,637,16,4,13,2,3,2,150,5,18,0.32 
2016,03,02,18:40,70,150,6,637,16,6,12,3,4,3,150,9,19,0.56 
2016,03,02,17:00,150,250,0,637,5,16,2,13,3,3,150,11,18,0.61 
2016,03,02,14:40,214,150,1,637,16,7,10,5,6,2,150,12,19,0.70 
2016,02,01,06:30,150,286,6,663,16,2,13,2,3,0,150,13,4,1.40 
2016,02,01,06:30,150,286,14,663,16,9,8,7,8,2,150,21,18,1.09 
2016,01,31,04:00,150,3,14,663,16,9,9,6,7,3,150,19,10,1.29 
2016,01,31,04:00,3,150,1,663,10,16,7,8,3,8,150,25,13,1.52 
2016,01,31,04:00,3,150,6,663,16,13,12,3,4,10,150,23,21,1.09 
2016,01,30,05:10,286,150,7,663,13,16,4,11,9,5,150,29,18,1.47 
2016,01,09,11:00,150,501,6,680,4,16,4,11,0,5,150,7,18,0.40 
2016,01,09,11:00,501,150,7,680,16,14,4,11,12,3,150,15,26,0.58 
2016,01,09,06:00,150,34,14,680,14,16,5,10,9,6,150,15,24,0.70 
2016,01,09,06:00,150,34,0,680,4,16,4,11,0,5,150,5,17,0.36 
2016,01,09,06:00,150,34,1,680,16,11,5,10,11,1,150,25,15,1.42 
2015,12,18,13:00,65,150,6,691,15,19,7,8,8,7,150,27,24,1.06 
2015,12,18,13:00,150,65,14,691,16,8,10,5,6,3,150,20,13,1.29 
2015,12,13,12:00,150,767,6,707,16,1,14,1,2,0,150,22,7,1.97 
2015,12,13,12:00,150,767,1,707,16,1,15,0,1,1,150,14,6,1.49 
2015,12,12,13:40,173,150,0,707,14,16,9,6,5,10,150,22,19,1.14 
2015,12,12,13:40,150,173,6,707,13,16,3,12,10,4,150,25,21,1.15 
2015,12,11,12:00,778,150,1,707,2,16,2,13,0,3,150,16,5,1.56 
2015,12,11,12:00,150,778,6,707,16,3,12,3,4,0,150,16,10,1.21 
2015,12,10,14:05,762,150,1,707,9,16,8,7,1,9,150,19,11,1.23 
2015,12,10,14:05,762,150,0,707,9,16,7,8,2,8,150,19,16,1.02 
2015,12,09,16:00,150,643,0,691,16,8,10,5,6,3,150,20,12,1.39 
2015,12,09,13:00,483,150,1,691,16,14,7,8,9,6,150,24,19,1.12 
2015,12,07,13:00,643,150,6,691,3,16,3,12,0,4,150,8,9,0.81 
2015,12,04,12:00,34,150,2,707,16,3,12,3,4,0,150,6,18,0.37 
2015,12,04,12:00,150,34,6,707,6,16,2,13,4,3,150,11,21,0.53 
2015,12,03,13:00,697,150,7,711,16,13,9,6,7,7,150,16,22,0.78 
2015,12,03,13:00,697,150,6,711,16,11,9,6,7,5,150,14,19,0.78 
2015,11,28,12:00,150,179,0,707,16,12,7,8,9,4,150,25,14,1.40 
2015,11,28,12:00,150,179,6,707,16,8,11,4,5,4,150,22,13,1.33 
2015,11,27,12:00,483,150,1,707,16,9,11,4,5,5,150,17,21,0.86 
2015,11,27,12:00,483,150,7,707,16,5,13,2,3,3,150,13,20,0.75 
2015,11,21,11:00,150,34,6,691,8,16,5,10,3,6,150,14,20,0.70 
2015,11,21,11:00,34,150,7,691,16,5,13,2,3,3,150,10,16,0.70 
2015,11,14,11:00,150,164,0,691,16,10,9,6,7,4,150,18,15,1.19 
2015,11,14,11:00,150,164,7,691,19,16,7,8,8,7,150,36,23,1.37 
2015,11,08,12:00,150,256,1,691,16,3,12,3,4,0,150,16,8,1.45 
2015,11,08,11:00,150,752,7,691,16,2,13,2,3,0,150,12,10,1.02 
2015,11,07,12:00,150,256,0,691,8,16,2,13,6,3,150,13,18,0.85 
2015,10,16,17:20,150,889,7,642,16,4,11,4,5,0,150,12,8,1.08 
2015,10,16,14:45,150,164,6,642,16,3,13,2,3,1,150,18,10,1.61 
2015,10,05,14:30,256,150,2,642,16,9,8,7,8,2,150,9,21,0.50 
2015,10,05,14:30,150,256,0,642,6,16,5,10,1,6,150,16,17,0.92 
2015,10,05,14:30,256,150,1,642,16,8,7,8,9,0,150,14,18,0.81 
2015,10,05,14:30,150,256,7,642,16,6,11,4,5,2,150,15,11,1.08 
2015,10,05,14:30,256,150,6,642,23,25,9,6,6,9,150,40,35,1.15 
2015,10,04,13:30,34,150,6,642,11,16,6,9,5,7,150,23,19,1.25 
2015,10,04,13:30,150,34,7,642,22,20,9,6,6,9,150,29,28,1.00 
2015,10,02,15:30,150,752,14,642,16,3,12,3,4,0,150,13,11,0.95 
2015,10,02,15:30,752,150,6,642,6,16,4,11,2,5,150,19,13,1.19 
2015,09,11,18:00,150,149,1,642,16,14,8,7,8,7,150,18,22,0.78 
2015,09,11,13:15,150,106,0,642,16,9,12,3,4,6,150,25,16,1.31 
2015,07,18,10:15,150,648,6,873,14,16,10,5,4,11,150,21,23,0.89 
2015,07,18,05:45,150,429,0,873,10,16,8,7,2,9,150,21,20,1.04 
2014,10,30,18:00,278,869,1,998,16,6,9,6,7,0,869,21,17,1.27 
2014,10,30,16:10,257,869,1,998,16,6,11,4,5,2,869,12,18,0.68 
2014,10,30,13:00,500,869,0,998,16,6,11,4,5,2,869,15,21,0.66 
2014,10,30,11:34,8,869,0,998,16,0,15,0,1,0,869,5,16,0.30 
2014,10,30,09:35,301,869,6,998,16,0,15,0,1,0,869,7,16,0.44 
