2014,08,04,21:30,1221,544,2,1032,7,16,6,9,1,7,1221,17,19,0.89 
2014,08,04,19:00,1221,500,6,1032,12,16,6,9,6,7,1221,9,19,0.55 
2013,12,14,18:30,214,1260,8,978,16,7,9,6,7,1,1260,14,16,0.86 
2013,12,14,18:30,1260,214,7,978,12,16,7,8,5,8,1260,17,22,0.79 
2013,12,14,13:15,544,1260,8,978,10,16,6,9,4,7,1260,16,18,0.90 
2013,12,14,13:15,544,1260,7,978,3,16,3,12,0,4,1260,26,9,2.21 
2013,12,14,13:15,544,1260,1,978,16,11,5,10,11,1,1260,15,23,0.71 
2013,11,26,20:00,1220,1260,8,978,8,16,3,12,5,4,1260,26,15,1.48 
2013,11,26,19:00,1260,1328,5,978,16,4,12,3,4,1,1260,20,10,1.48 
2013,11,04,22:20,214,1260,1,978,16,12,8,7,8,5,1260,18,25,0.75 
2013,11,04,21:00,1260,1220,6,978,21,16,13,2,2,13,1260,34,25,1.42 
2013,11,04,20:00,1260,1106,1,978,16,9,12,3,4,6,1260,22,18,1.15 
2013,11,04,19:00,1260,1285,7,978,16,5,11,4,5,1,1260,24,12,1.69 
2013,10,28,20:00,1260,1328,7,978,14,16,7,8,7,8,1260,29,22,1.33 
2013,10,28,19:00,1260,749,6,978,16,11,10,5,6,6,1260,13,21,0.63 
2013,10,14,21:10,1345,1260,6,978,16,11,9,6,7,5,1260,22,21,1.06 
2013,10,14,20:05,1260,1259,1,978,16,11,10,5,6,6,1260,29,17,1.52 
2013,10,14,19:00,1346,1260,7,978,3,16,3,12,0,4,1260,19,9,1.51 
2013,10,07,22:25,1220,1260,1,978,16,9,9,6,7,3,1260,18,19,0.92 
2013,10,07,21:15,1260,49,6,978,16,13,10,5,6,8,1260,21,21,1.03 
2013,10,07,20:00,1337,1260,6,978,4,16,4,11,0,5,1260,22,14,1.71 
2013,10,07,19:00,1345,1260,1,978,6,16,6,9,0,7,1260,15,16,0.98 
2013,09,24,20:00,1260,384,9,1125,14,16,4,11,10,5,1260,17,21,0.81 
2013,09,24,19:00,1260,854,9,1125,16,10,9,6,7,4,1260,24,17,1.32 
2013,09,17,20:00,1260,250,10,1125,10,16,9,6,1,10,1260,9,23,0.47 
2013,09,17,19:00,1260,1154,9,1125,16,12,10,5,6,7,1260,11,21,0.55 
2013,09,07,17:30,544,1260,13,1032,16,6,11,4,5,2,1260,8,20,0.43 
2013,09,07,17:30,544,1260,7,1032,14,16,7,8,7,8,1260,21,23,0.89 
2013,09,07,17:30,1260,544,12,1032,7,16,7,8,0,8,1260,14,20,0.72 
2013,09,07,12:15,1335,1260,7,1032,11,16,8,7,3,9,1260,15,17,0.79 
2013,09,07,12:15,1260,1335,10,1032,16,10,7,8,9,2,1260,24,17,1.37 
2013,09,03,20:00,1347,1260,13,1125,16,7,11,4,5,3,1260,12,20,0.69 
2013,09,03,19:00,1260,49,7,1125,16,5,10,5,6,0,1260,15,18,0.80 
2013,06,04,19:00,1396,1312,10,1143,10,16,7,8,3,8,1396,20,21,0.98 
2013,03,21,21:00,1431,49,12,1069,14,16,11,4,3,12,1431,19,23,0.80 
2013,03,21,20:00,1431,1151,9,1069,5,16,3,12,2,4,1431,16,17,1.15 
2013,03,14,20:00,1431,690,10,1069,16,5,12,3,4,2,1431,19,11,1.37 
2013,03,07,20:00,1411,1431,11,1069,16,8,12,3,4,5,1431,17,18,0.96 
