2016,07,21,20:00,258,210,1,502,7,16,7,8,0,8,258,8,21,0.44 
2016,07,21,20:00,258,210,14,502,13,16,6,9,7,7,258,17,20,0.84 
2016,07,06,17:25,214,258,2,523,16,12,8,7,8,5,258,18,19,0.90 
2016,07,05,16:00,258,303,2,523,7,16,6,9,1,7,258,15,18,0.82 
2016,07,02,04:00,8,258,7,502,8,16,4,11,4,5,258,17,17,0.97 
2016,07,02,04:00,8,258,2,502,11,16,9,6,2,10,258,11,19,0.60 
2016,06,30,20:00,258,116,7,502,16,8,8,7,8,1,258,17,11,1.11 
2016,06,30,20:00,258,116,1,502,16,9,6,9,10,0,258,21,19,1.11 
2016,06,29,19:15,258,116,14,502,16,9,8,7,8,2,258,14,20,0.70 
2016,06,29,18:00,258,116,2,502,16,12,12,3,4,9,258,14,22,0.65 
2016,06,28,23:50,8,258,7,502,11,16,10,5,1,11,258,24,18,1.19 
2016,06,28,22:40,258,8,0,502,16,19,9,6,6,9,258,23,25,1.00 
2016,06,28,21:30,152,258,14,502,9,16,5,10,4,6,258,27,17,1.40 
2016,06,28,20:20,258,152,1,502,16,13,9,6,7,7,258,28,17,1.48 
2016,06,12,18:15,257,258,14,552,12,16,7,8,5,8,258,19,21,0.94 
2016,06,11,19:20,258,362,14,552,16,4,12,3,4,1,258,23,12,1.69 
2016,06,10,21:50,152,258,14,552,16,10,9,6,7,4,258,17,23,0.84 
2016,06,09,18:30,258,354,1,552,16,6,9,6,7,0,258,26,12,1.91 
2016,05,19,18:00,258,22,14,563,16,4,11,4,5,0,258,20,12,1.48 
2016,05,19,18:00,22,258,0,563,13,16,6,9,7,7,258,17,20,0.88 
2016,05,19,18:00,22,258,1,563,16,7,8,7,8,0,258,9,20,0.53 
2016,05,18,21:00,258,250,0,563,5,16,3,12,2,4,258,11,17,0.65 
2016,05,18,21:00,250,258,7,563,16,9,10,5,6,4,258,16,20,0.84 
2016,05,11,21:00,214,258,1,563,16,14,8,7,8,7,258,22,24,0.87 
2016,05,11,21:00,214,258,6,563,16,11,11,4,5,7,258,16,17,0.88 
2016,05,11,21:00,214,258,0,563,5,16,1,14,4,2,258,12,9,1.00 
2016,05,10,18:00,8,258,2,563,16,9,10,5,6,4,258,22,18,1.22 
2016,05,10,18:00,8,258,7,563,16,14,10,5,6,9,258,20,26,0.78 
2016,05,10,18:00,8,258,6,563,9,16,7,8,2,8,258,16,16,0.99 
2016,05,03,21:00,253,258,7,563,16,14,8,7,8,7,258,29,21,1.30 
2016,05,03,21:00,258,253,0,563,6,16,3,12,3,4,258,9,19,0.56 
2016,05,03,18:00,210,258,7,563,16,14,7,8,9,6,258,18,22,0.83 
2016,05,03,18:00,258,210,0,563,8,16,7,8,1,8,258,13,17,0.81 
2016,04,26,20:00,285,258,2,598,16,7,10,5,6,2,258,18,18,1.13 
2016,04,26,19:00,285,258,6,598,16,14,4,11,12,3,258,26,18,1.42 
2016,04,21,20:00,258,250,2,598,3,16,3,12,0,4,258,6,18,0.34 
2016,04,21,19:00,258,250,7,598,10,16,4,11,6,5,258,11,21,0.53 
2016,04,20,18:00,285,258,14,563,11,16,6,9,5,7,258,16,19,0.80 
2016,04,20,18:00,285,258,1,563,9,16,3,12,6,4,258,14,16,0.83 
2016,04,19,19:30,214,258,7,598,16,8,8,7,8,1,258,15,17,0.93 
2016,04,19,18:00,214,258,6,598,22,19,9,6,6,9,258,28,26,1.08 
2016,04,17,12:00,215,258,6,608,16,2,13,2,3,0,258,6,17,0.36 
2016,04,17,12:00,215,258,1,608,16,7,11,4,5,3,258,9,20,0.48 
2016,04,16,14:00,258,22,0,608,16,8,14,1,2,7,258,18,17,0.99 
2016,04,16,14:00,22,258,6,608,12,16,10,5,2,11,258,22,16,1.17 
2016,04,14,21:15,424,258,6,608,14,16,6,9,8,7,258,25,21,1.17 
2016,04,14,21:15,258,424,1,608,16,9,7,8,9,1,258,27,17,1.56 
2016,04,13,15:30,285,258,7,608,12,16,9,6,3,10,258,26,20,1.22 
2016,04,12,21:30,258,424,14,608,14,16,3,12,11,4,258,19,22,0.90 
2016,04,10,19:00,258,292,6,563,22,20,8,7,7,8,258,27,32,0.83 
2016,04,10,19:00,292,258,1,563,16,6,12,3,4,3,258,7,18,0.44 
2016,04,10,19:00,258,292,14,563,16,7,10,5,6,2,258,22,14,1.35 
2016,04,07,23:30,22,258,6,598,16,7,12,3,4,4,258,16,21,0.80 
2016,04,07,22:25,258,22,0,598,14,16,6,9,8,7,258,24,22,1.00 
2016,03,30,20:10,152,258,7,615,16,13,6,9,10,4,258,27,22,1.17 
2016,03,29,22:10,291,258,14,615,16,8,7,8,9,0,258,13,19,0.72 
2016,03,20,22:30,215,258,14,598,16,7,9,6,7,1,258,18,18,1.13 
2016,03,20,21:30,215,258,2,598,16,11,12,3,4,8,258,18,21,0.87 
2016,03,17,23:15,258,366,0,629,19,22,8,7,7,8,258,23,28,0.85 
2016,03,17,23:15,258,366,14,629,16,3,12,3,4,0,258,7,8,0.78 
2016,03,17,23:15,258,366,1,629,13,16,10,5,3,11,258,23,22,1.08 
2016,03,12,20:00,253,258,6,598,7,16,6,9,1,7,258,15,16,0.99 
2016,03,12,19:00,258,253,2,598,10,16,5,10,5,6,258,14,20,0.68 
2016,03,10,21:00,258,13,14,598,16,7,12,3,4,4,258,20,11,1.43 
2016,03,10,20:00,258,13,0,598,16,9,9,6,7,3,258,19,20,1.08 
2016,03,09,23:45,292,258,2,598,16,12,9,6,7,6,258,19,21,0.92 
2016,03,09,22:30,292,258,7,598,16,11,12,3,4,8,258,14,21,0.66 
2016,03,03,21:00,258,472,7,637,19,22,10,5,5,10,258,28,29,0.97 
2016,03,03,19:55,258,424,0,637,7,16,5,10,2,6,258,13,21,0.62 
2016,03,03,17:20,258,285,2,637,16,12,10,5,6,7,258,20,19,1.02 
2016,03,03,16:00,258,8,7,637,14,16,4,11,10,5,258,18,21,0.88 
2016,03,03,13:20,253,258,2,637,16,11,12,3,4,8,258,22,21,1.12 
2016,02,23,22:45,8,258,0,598,13,16,5,10,8,6,258,20,23,0.90 
2016,02,23,21:15,8,258,14,598,22,20,8,7,7,8,258,31,31,1.02 
2016,02,20,20:50,258,210,2,649,7,16,6,9,1,7,258,20,17,1.19 
2016,02,20,16:30,253,258,0,649,16,9,7,8,9,1,258,11,20,0.67 
2016,02,20,12:00,281,258,0,649,4,16,4,11,0,5,258,19,10,1.61 
2016,02,19,20:15,210,258,14,649,16,13,11,4,5,9,258,13,24,0.62 
2016,02,19,13:03,258,210,2,649,16,10,7,8,9,2,258,23,18,1.26 
2016,02,16,22:00,210,258,7,598,5,16,2,13,3,3,258,18,14,1.10 
2016,02,16,21:00,258,210,6,598,4,16,3,12,1,4,258,12,15,0.79 
2016,02,09,23:00,302,258,14,598,6,16,4,11,2,5,258,16,13,1.02 
2016,02,09,21:30,302,258,0,598,19,22,6,9,9,6,258,23,31,0.77 
2016,02,07,16:00,22,258,6,657,13,16,7,8,6,8,258,21,19,0.95 
2016,02,07,15:54,22,258,0,657,7,16,6,9,1,7,258,19,14,1.16 
2016,02,07,15:54,22,258,14,657,4,16,4,11,0,5,258,15,13,0.97 
2016,02,06,17:45,253,258,0,657,8,16,7,8,1,8,258,22,13,1.38 
2016,02,06,17:45,253,258,4,657,16,13,6,9,10,4,258,14,24,0.62 
2016,02,06,17:45,253,258,7,657,13,16,9,6,4,10,258,20,20,0.95 
2016,02,06,11:00,258,257,4,657,16,12,7,8,9,4,258,17,25,0.78 
2016,02,06,11:00,257,258,0,657,13,16,12,3,1,13,258,18,19,0.96 
2016,02,04,22:00,291,258,14,657,4,16,4,11,0,5,258,15,12,1.16 
2016,02,04,22:00,291,258,7,657,4,16,4,11,0,5,258,20,15,1.24 
2016,02,04,22:00,291,258,4,657,16,11,9,6,7,5,258,13,20,0.61 
2016,02,04,16:30,22,258,6,657,16,5,11,4,5,1,258,6,18,0.44 
2016,02,04,16:30,22,258,14,657,16,9,7,8,9,1,258,18,19,1.08 
2016,02,04,09:30,291,258,7,657,13,16,9,6,4,10,258,29,19,1.40 
2016,02,04,09:30,291,258,2,657,6,16,5,10,1,6,258,23,13,1.55 
2016,02,04,09:30,291,258,4,657,16,12,8,7,8,5,258,14,21,0.70 
2016,01,16,18:45,258,215,2,671,5,16,2,13,3,3,258,11,19,0.54 
2016,01,16,18:45,215,258,14,671,16,12,5,10,11,2,258,13,26,0.53 
2016,01,14,13:00,710,258,6,671,13,16,6,9,7,7,258,22,20,1.01 
2016,01,14,13:00,258,710,0,671,16,14,6,9,10,5,258,19,25,0.84 
2016,01,14,10:00,258,210,2,671,16,7,9,6,7,1,258,22,16,1.27 
2016,01,14,10:00,258,210,0,671,16,8,10,5,6,3,258,29,15,1.56 
2016,01,12,00:30,258,710,7,676,7,16,3,12,4,4,258,15,22,0.71 
2016,01,12,00:30,258,710,4,676,5,16,4,11,1,5,258,5,20,0.24 
2016,01,11,16:00,22,258,6,676,6,16,4,11,2,5,258,22,11,1.51 
2016,01,11,16:00,22,258,2,676,11,16,3,12,8,4,258,22,17,1.18 
2016,01,07,18:30,22,258,0,657,10,16,4,11,6,5,258,30,15,1.67 
2016,01,07,18:30,258,22,2,657,16,13,7,8,9,5,258,22,21,1.06 
2015,12,17,18:45,710,258,2,696,16,13,10,5,6,8,258,13,24,0.56 
2015,12,17,18:45,710,258,6,696,16,10,10,5,6,5,258,15,22,0.72 
2015,12,13,04:30,258,215,14,705,18,22,6,9,9,6,258,29,28,1.01 
2015,12,13,04:01,215,258,1,705,16,9,9,6,7,3,258,18,17,1.14 
2015,12,11,19:00,210,258,6,705,6,16,6,9,0,7,258,20,15,1.28 
2015,12,11,19:00,258,210,14,705,16,11,8,7,8,4,258,19,18,1.01 
2015,12,10,19:00,303,258,7,705,5,16,2,13,3,3,258,15,14,0.98 
2015,12,10,19:00,303,258,14,705,14,16,5,10,9,6,258,21,21,1.04 
2015,12,07,21:00,22,258,0,696,7,16,4,11,3,5,258,15,15,1.03 
2015,12,07,21:00,22,258,2,696,16,9,10,5,6,4,258,21,20,1.10 
2015,12,07,21:00,22,258,14,696,14,16,6,9,8,7,258,18,22,0.76 
2015,12,04,18:00,472,258,6,696,8,16,6,9,2,7,258,18,16,1.09 
2015,12,04,18:00,472,258,7,696,5,16,3,12,2,4,258,13,17,0.84 
2015,12,03,21:20,258,711,2,696,11,16,7,8,4,8,258,21,20,0.99 
2015,12,03,21:20,711,258,7,696,8,16,5,10,3,6,258,16,16,0.97 
2015,12,03,21:20,711,258,14,696,7,16,4,11,3,5,711,20,20,0.93 
2015,12,03,18:00,215,258,0,696,16,8,9,6,7,2,258,16,22,0.82 
2015,12,03,18:00,215,258,2,696,16,12,6,9,10,3,258,31,19,1.54 
2015,12,03,18:00,215,258,14,696,14,16,5,10,9,6,258,23,19,1.19 
2015,12,02,21:00,642,258,2,676,18,21,8,7,7,8,258,24,28,0.88 
2015,12,02,21:00,258,642,6,676,16,3,12,3,4,0,258,12,8,1.09 
2015,11,27,15:00,258,70,6,728,11,16,7,8,4,8,258,19,19,0.96 
2015,11,27,15:00,258,70,14,728,16,8,8,7,8,1,258,18,13,1.17 
2015,11,27,15:00,70,258,0,728,16,6,10,5,6,1,258,9,18,0.49 
2015,11,26,17:30,250,258,0,728,16,8,9,6,7,2,258,12,20,0.63 
2015,11,17,22:00,258,214,7,740,16,12,6,9,10,3,258,20,25,0.89 
2015,11,17,21:00,258,270,14,740,16,12,9,6,7,6,258,22,19,1.17 
2015,11,17,20:00,210,258,6,740,16,10,7,8,9,2,258,13,22,0.61 
2015,11,16,21:00,13,258,14,696,22,18,3,12,12,3,258,36,29,1.27 
2015,11,16,21:00,258,13,0,696,13,16,10,5,3,11,258,19,21,0.97 
2015,11,16,21:00,13,258,6,696,10,16,2,13,8,3,258,18,15,1.15 
2015,11,13,21:15,8,258,7,749,16,4,11,4,5,0,258,7,18,0.43 
2015,11,10,22:00,302,258,1,740,11,16,6,9,5,7,258,15,20,0.76 
2015,11,10,19:00,59,258,14,740,9,16,3,12,6,4,258,14,19,0.66 
2015,11,09,18:05,258,439,7,696,16,11,10,5,6,6,258,22,21,0.99 
2015,11,09,18:05,439,258,14,696,12,16,6,9,6,7,258,19,18,1.07 
2015,11,04,21:00,292,647,7,721,16,7,9,6,7,1,647,24,16,1.47 
2015,11,04,21:00,292,647,6,721,12,16,4,11,8,5,647,29,18,1.41 
2015,11,04,21:00,647,292,1,721,12,16,10,5,2,11,647,26,26,1.17 
2015,11,04,20:00,258,59,6,740,16,7,13,2,3,5,258,27,15,1.54 
2015,11,03,22:00,258,250,14,740,9,16,3,12,6,4,258,16,20,0.81 
2015,11,01,18:00,215,258,14,766,5,16,5,10,0,6,258,19,11,1.45 
2015,11,01,18:00,258,215,2,766,16,14,9,6,7,8,258,15,26,0.66 
2015,11,01,11:00,258,292,7,766,16,7,10,5,6,2,258,25,15,1.75 
2015,11,01,11:00,292,258,6,766,21,25,6,9,9,6,258,23,34,0.71 
2015,11,01,11:00,258,292,1,766,10,16,7,8,3,8,258,14,23,0.59 
2015,10,31,10:00,210,258,7,766,2,16,2,13,0,3,258,18,8,1.61 
2015,10,31,10:00,258,210,14,766,16,9,9,6,7,3,258,21,16,1.23 
2015,10,31,10:00,258,210,0,766,9,16,7,8,2,8,258,21,17,1.13 
2015,10,29,22:25,215,258,0,766,9,16,7,8,2,8,258,24,17,1.41 
2015,10,28,19:15,258,22,14,766,16,6,10,5,6,1,258,18,11,1.28 
2015,10,25,22:45,258,214,4,740,16,14,8,7,8,7,258,18,20,0.87 
2015,10,24,22:00,270,258,6,740,16,9,8,7,8,2,258,20,19,1.19 
2015,10,21,20:00,210,258,2,749,6,16,5,10,1,6,258,21,15,1.35 
2015,10,20,22:00,711,258,1,740,16,12,9,6,7,6,258,15,23,0.61 
2015,10,20,21:00,270,258,0,749,13,16,5,10,8,6,258,24,21,1.22 
2015,10,20,20:00,258,250,1,749,14,16,6,9,8,7,258,18,23,0.87 
2015,10,18,19:00,258,22,14,696,16,3,13,2,3,1,258,10,6,1.12 
2015,10,18,19:00,258,22,6,696,16,4,12,3,4,1,258,14,9,1.15 
2015,10,18,18:00,258,8,1,740,16,5,12,3,4,2,258,14,16,0.97 
2015,10,17,21:00,196,258,4,740,16,12,12,3,4,9,258,10,22,0.47 
2015,10,17,19:00,22,258,7,740,8,16,6,9,2,7,258,17,16,0.96 
2015,10,14,23:00,250,258,0,749,10,16,7,8,3,8,258,22,18,1.25 
2015,10,14,22:00,210,258,7,740,5,16,2,13,3,3,258,15,15,0.94 
2015,10,14,21:00,258,215,2,740,13,16,4,11,9,5,258,13,24,0.66 
2015,10,14,19:00,59,258,14,749,16,14,7,8,9,6,258,24,22,1.12 
2015,10,13,22:15,292,258,1,749,10,16,2,13,8,3,258,28,19,1.54 
2015,10,13,20:15,210,258,2,749,3,16,2,13,1,3,258,23,12,1.59 
2015,10,13,19:00,711,258,0,749,16,11,9,6,7,5,258,9,25,0.36 
2015,10,11,17:40,934,935,0,786,14,16,9,6,5,10,935,23,22,1.09 
2015,10,11,17:40,934,935,14,786,4,16,3,12,1,4,935,19,8,1.57 
2015,10,11,17:40,934,935,1,786,8,16,6,9,2,7,935,19,14,1.15 
2015,10,11,17:40,935,934,2,786,9,16,5,10,4,6,935,15,21,0.75 
2015,10,11,14:15,935,936,0,786,16,11,6,9,10,2,935,11,24,0.47 
2015,10,11,14:15,936,935,14,786,16,19,7,8,8,7,935,30,27,1.05 
2015,10,10,21:30,935,938,7,786,16,7,11,4,5,3,935,19,13,1.22 
2015,10,10,21:30,938,935,14,786,2,16,2,13,0,3,935,22,8,1.80 
2015,10,09,20:05,935,943,1,786,16,14,7,8,9,6,935,14,23,0.66 
2015,10,09,20:05,943,935,6,786,6,16,5,10,1,6,935,17,10,1.22 
2015,10,09,17:00,934,935,14,786,19,16,5,10,10,5,935,34,23,1.34 
2015,10,09,11:00,935,224,1,786,16,4,12,3,4,1,935,19,8,1.69 
2015,10,06,21:00,292,258,2,749,13,16,4,11,9,5,258,25,20,1.11 
2015,10,01,22:15,258,22,4,740,16,8,11,4,5,4,258,15,15,0.95 
2015,10,01,20:00,302,258,2,740,10,16,8,7,2,9,258,17,14,0.97 
2015,10,01,17:30,935,956,1,799,16,10,8,7,8,3,935,15,16,0.86 
2015,10,01,17:30,935,956,7,799,16,12,10,5,6,7,935,26,20,1.28 
2015,09,30,21:15,59,258,14,749,12,16,7,8,5,8,258,33,18,1.75 
2015,09,30,20:00,258,8,0,740,19,16,7,8,8,7,258,29,25,1.16 
2015,09,30,19:00,215,258,1,740,16,11,7,8,9,3,258,14,23,0.64 
2015,09,29,22:00,258,8,0,749,14,16,9,6,5,10,258,24,21,1.13 
2015,09,29,17:00,270,258,1,802,16,13,11,4,5,9,258,12,22,0.58 
2015,09,29,17:00,270,258,7,802,16,9,10,5,6,4,258,19,20,0.91 
2015,09,27,12:00,258,210,7,804,16,9,8,7,8,2,258,19,18,1.00 
2015,09,27,12:00,258,210,6,804,13,16,10,5,3,11,258,20,18,1.17 
2015,09,27,12:00,210,258,2,804,16,12,12,3,4,9,258,17,24,0.75 
2015,09,27,12:00,210,258,0,804,6,16,5,10,1,6,258,19,12,1.20 
2015,09,27,12:00,210,258,14,804,12,16,4,11,8,5,258,19,21,0.85 
2015,09,26,18:00,8,258,14,804,6,16,5,10,1,6,258,12,15,0.77 
2015,09,26,18:00,258,8,7,804,16,7,11,4,5,3,258,19,14,1.26 
2015,09,26,18:00,8,258,0,804,16,9,8,7,8,2,258,20,22,0.93 
2015,09,26,18:00,8,258,6,804,12,16,2,13,10,3,258,30,11,1.85 
2015,09,26,18:00,8,258,2,804,16,8,11,4,5,4,258,15,19,0.84 
2015,09,20,20:30,270,258,6,808,13,16,7,8,6,8,258,12,23,0.57 
2015,09,20,20:30,270,258,1,808,13,16,6,9,7,7,258,9,23,0.47 
2015,09,20,17:00,384,258,14,808,9,16,2,13,7,3,258,21,14,1.25 
2015,09,20,17:00,384,258,0,808,8,16,3,12,5,4,258,17,13,1.09 
2015,09,19,16:00,22,258,0,808,6,16,5,10,1,6,258,17,11,1.24 
2015,09,19,13:00,792,258,6,808,2,16,1,14,1,2,258,22,9,1.69 
2015,09,17,21:00,258,711,0,740,16,8,9,6,7,2,258,19,15,1.23 
2015,09,16,21:30,935,943,14,799,16,10,7,8,9,2,935,20,18,1.03 
2015,09,16,19:00,258,711,2,749,16,7,12,3,4,4,258,33,11,2.08 
2015,09,15,22:00,270,258,6,749,12,16,9,6,3,10,258,15,19,0.79 
2015,09,15,19:00,258,250,2,740,8,16,4,11,4,5,258,22,19,1.13 
2015,09,14,23:00,124,935,6,799,7,16,4,11,3,5,935,17,15,0.98 
2015,09,14,20:40,87,935,14,799,10,16,4,11,6,5,935,24,20,1.32 
2015,09,11,10:15,258,250,6,822,7,16,5,10,2,6,258,10,17,0.73 
2015,09,11,10:15,258,250,1,822,13,16,4,11,9,5,258,19,21,0.97 
2015,09,10,17:30,258,8,7,822,7,16,0,15,7,1,258,16,17,0.95 
2015,09,10,13:15,257,258,14,822,12,16,8,7,4,9,258,20,19,1.05 
2015,09,02,21:00,8,258,2,802,20,22,12,3,3,12,258,28,34,0.93 
2015,09,02,21:00,8,258,6,802,10,16,6,9,4,7,258,22,18,1.14 
2015,08,23,19:00,258,210,14,846,7,16,6,9,1,7,258,13,18,0.83 
2015,08,23,19:00,210,258,1,846,19,15,5,10,10,5,258,22,25,0.84 
2015,08,23,11:45,270,258,6,846,9,16,3,12,6,4,258,22,16,1.28 
2015,08,23,11:45,258,270,1,846,8,16,6,9,2,7,258,14,20,0.70 
2015,08,23,11:45,270,258,7,846,12,16,5,10,7,6,258,18,20,0.89 
2015,08,22,11:30,258,215,0,846,16,10,7,8,9,2,258,20,17,1.08 
2015,08,22,11:30,215,258,6,846,13,16,8,7,5,9,258,26,20,1.22 
2015,08,20,18:05,258,70,14,846,19,16,8,7,7,8,258,31,24,1.33 
2015,08,20,14:00,258,13,6,846,16,3,12,3,4,0,258,24,12,1.75 
2015,08,13,20:00,258,215,0,802,16,9,7,8,9,1,258,22,16,1.32 
2015,08,13,20:00,258,215,6,802,16,11,8,7,8,4,258,15,19,0.75 
2015,08,08,11:30,258,270,6,868,16,12,12,3,4,9,258,19,18,1.02 
2015,08,08,11:30,270,258,14,868,9,16,4,11,5,5,258,19,17,1.04 
2015,08,08,11:30,270,258,7,868,3,16,3,12,0,4,258,21,8,1.72 
2015,08,07,17:15,214,258,7,868,17,19,5,10,10,5,258,27,27,0.99 
2015,08,07,14:45,258,214,2,868,11,16,10,5,1,11,258,13,24,0.54 
2015,08,07,11:45,258,214,1,868,16,8,9,6,7,2,258,23,15,1.57 
2015,08,06,13:45,291,258,6,868,13,16,9,6,4,10,258,11,24,0.52 
2015,08,05,16:45,258,214,6,868,16,13,10,5,6,8,258,28,18,1.35 
2015,08,05,10:45,258,270,14,868,16,11,7,8,9,3,258,27,18,1.38 
2015,07,11,02:00,302,711,14,875,16,8,12,3,4,5,711,19,22,0.92 
2015,07,11,01:00,215,711,0,875,16,2,13,2,3,0,711,7,17,0.47 
2015,07,10,21:45,70,711,1,875,7,16,4,11,3,5,711,17,17,0.93 
2015,07,02,18:00,711,215,14,878,16,10,12,3,4,7,711,25,18,1.28 
2015,06,30,23:59,215,711,14,878,16,3,12,3,4,0,711,8,18,0.39 
2015,06,30,22:00,270,711,0,878,16,3,12,3,4,0,711,5,18,0.29 
2015,06,30,20:00,8,711,7,878,16,13,9,6,7,7,711,21,22,0.98 
2015,06,30,19:00,711,258,1,878,14,16,6,9,8,7,711,17,25,0.65 
2015,06,27,19:25,22,711,7,880,16,2,13,2,3,0,711,5,18,0.26 
2015,06,27,19:25,22,711,14,880,8,16,5,10,3,6,711,20,19,1.23 
2015,06,27,19:25,711,22,0,880,13,16,7,8,6,8,711,16,23,0.73 
2015,06,27,13:00,711,302,7,880,16,13,4,11,12,2,711,24,21,1.16 
2015,06,27,13:00,711,302,4,880,16,5,11,4,5,1,711,19,12,1.27 
2015,06,26,19:00,711,22,4,880,7,16,6,9,1,7,711,13,19,0.74 
2015,06,26,19:00,711,22,0,880,10,16,6,9,4,7,711,19,22,0.89 
2015,06,24,20:15,711,215,4,883,25,23,5,10,10,5,711,43,32,1.34 
2015,06,24,19:00,711,270,1,878,16,14,5,10,11,4,711,28,20,1.34 
2015,06,24,18:00,711,22,14,888,6,16,3,12,3,4,711,15,17,0.89 
2015,06,23,22:00,250,711,0,888,16,8,13,2,3,6,711,18,19,0.99 
2015,06,23,21:00,210,711,6,878,16,3,13,2,3,1,711,8,18,0.46 
2015,06,22,23:00,711,250,7,878,8,16,7,8,1,8,711,20,20,1.00 
2015,06,22,20:00,8,711,0,878,14,16,7,8,7,8,711,23,23,1.08 
2015,06,18,22:00,210,711,7,888,15,19,7,8,8,7,711,36,26,1.37 
2015,06,18,20:00,711,215,4,888,16,11,10,5,6,6,711,28,18,1.55 
2015,06,17,22:30,711,1045,1,883,16,12,10,5,6,7,711,29,19,1.48 
2015,06,17,22:30,1045,711,4,883,11,16,8,7,3,9,711,19,18,1.05 
2015,06,17,21:00,711,214,1,888,13,16,5,10,8,6,711,29,20,1.49 
2015,06,17,19:00,711,258,7,802,16,4,11,4,5,0,711,15,12,1.13 
2015,06,17,19:00,711,258,1,802,16,19,4,11,11,4,711,34,23,1.51 
2015,06,15,17:00,215,711,6,893,16,7,8,7,8,0,711,7,20,0.36 
2015,06,15,17:00,711,215,4,893,11,16,9,6,2,10,711,15,22,0.74 
2015,06,15,17:00,215,711,14,893,11,16,3,12,8,4,711,21,20,1.05 
2015,06,13,21:45,13,711,7,893,11,16,7,8,4,8,711,26,21,1.29 
2015,06,13,21:45,210,711,0,893,16,2,13,2,3,0,711,4,18,0.22 
2015,06,13,18:45,711,13,14,893,19,16,5,10,10,5,711,37,25,1.63 
2015,06,11,22:00,210,711,14,878,7,16,6,9,1,7,711,18,13,1.11 
2015,06,11,18:00,292,711,7,894,16,19,7,8,8,7,711,21,28,0.78 
2015,06,11,18:00,711,292,14,894,16,3,12,3,4,0,711,13,5,1.36 
2015,06,10,22:00,59,711,6,888,16,10,8,7,8,3,711,15,18,0.82 
2015,06,10,20:00,8,711,7,888,16,7,9,6,7,1,711,17,18,0.92 
2015,06,09,23:15,258,711,1,878,21,15,8,7,7,8,711,29,31,0.95 
2015,06,09,20:15,8,711,0,883,16,8,8,7,8,1,711,16,18,0.98 
2015,06,09,20:15,711,8,14,883,16,13,7,8,9,5,711,15,20,0.77 
2015,06,08,23:00,210,711,2,888,16,1,14,1,2,0,711,8,16,0.51 
2015,06,08,20:00,711,270,0,802,14,16,10,5,4,11,711,20,24,0.95 
2015,06,08,20:00,711,270,1,802,16,11,10,5,6,6,711,22,23,0.99 
2015,06,03,23:00,258,711,14,888,16,1,14,1,2,0,711,6,16,0.38 
2015,06,03,22:00,13,711,4,888,5,16,4,11,1,5,711,16,14,1.30 
2015,06,03,19:15,196,711,7,894,11,16,4,11,7,5,711,26,17,1.39 
2015,06,03,19:15,196,711,6,894,14,16,9,6,5,10,711,16,19,0.92 
2015,06,02,23:00,711,215,4,888,16,19,10,5,5,10,711,29,28,1.07 
2015,06,02,22:00,196,711,2,888,14,16,7,8,7,8,711,26,23,1.07 
2015,06,02,20:00,258,711,0,888,16,13,7,8,9,5,711,22,24,1.03 
2015,06,01,23:00,711,250,1,888,14,16,9,6,5,10,711,27,22,1.28 
2015,06,01,20:00,711,196,7,883,16,6,10,5,6,1,711,25,14,1.83 
2015,06,01,20:00,196,711,1,883,16,12,7,8,9,4,711,24,23,1.17 
2015,05,31,20:00,270,711,1,888,1,16,1,14,0,2,711,14,11,1.10 
2015,05,28,21:00,8,711,4,888,16,10,11,4,5,6,711,18,23,0.74 
2015,05,27,22:30,711,59,0,894,12,16,8,7,4,9,711,20,21,0.94 
2015,05,27,22:30,711,59,1,894,16,10,11,4,5,6,711,23,16,1.28 
2015,05,27,22:30,59,711,7,894,16,7,9,6,7,1,711,15,20,0.78 
2015,05,27,21:15,13,711,6,888,6,16,5,10,1,6,711,21,13,1.55 
2015,05,26,20:00,711,676,0,883,16,11,11,4,5,7,711,20,21,0.99 
2015,05,26,20:00,676,711,7,883,10,16,5,10,5,6,711,15,19,0.77 
2015,05,25,22:00,711,490,6,894,25,22,10,5,5,10,711,29,37,0.81 
2015,05,25,22:00,711,490,7,894,16,4,12,3,4,1,711,30,9,2.22 
2015,05,25,20:00,711,250,6,883,10,16,6,9,4,7,711,17,20,0.85 
2015,05,25,20:00,711,250,7,883,7,16,6,9,1,7,711,16,18,0.95 
2015,05,21,22:15,711,945,7,883,9,16,3,12,6,4,711,21,18,1.05 
2015,05,21,22:15,711,945,1,883,14,16,10,5,4,11,711,25,22,1.11 
2015,05,19,22:30,214,711,2,888,16,8,10,5,6,3,711,11,21,0.61 
2015,05,19,19:00,711,749,6,909,19,22,7,8,8,7,711,27,28,0.90 
2015,05,19,19:00,711,749,7,909,15,19,9,6,6,9,711,31,25,1.20 
2015,05,19,19:00,749,711,14,909,14,16,7,8,7,8,711,24,23,1.07 
2015,05,17,13:00,711,210,6,921,9,16,7,8,2,8,711,18,21,0.85 
2015,05,17,13:00,210,711,7,921,11,16,4,11,7,5,711,19,17,1.13 
2015,05,17,13:00,711,210,14,921,3,16,2,13,1,3,711,7,16,0.44 
2015,05,16,20:15,711,257,6,921,16,9,9,6,7,3,711,29,14,1.61 
2015,05,16,20:15,257,711,7,921,6,16,4,11,2,5,711,19,13,1.32 
2015,05,16,13:15,8,711,0,921,10,16,4,11,6,5,711,29,15,1.53 
2015,05,16,13:15,711,8,14,921,16,4,11,4,5,0,711,17,12,1.21 
2015,05,15,22:30,711,258,6,921,14,16,8,7,6,9,711,9,23,0.48 
2015,05,15,22:30,711,258,7,921,10,16,8,7,2,9,711,20,22,0.92 
2015,05,15,17:30,711,429,6,921,16,1,14,1,2,0,711,20,8,1.79 
2015,05,15,17:30,711,429,0,921,19,17,9,6,6,9,711,26,24,1.02 
2015,05,13,22:15,59,711,7,883,16,19,7,8,8,7,711,45,21,1.92 
2015,05,13,22:15,711,59,2,883,13,16,9,6,4,10,711,21,20,0.94 
2015,05,13,20:15,711,196,14,888,16,5,13,2,3,3,711,19,8,1.56 
2015,05,13,19:00,711,59,6,888,16,14,10,5,6,9,711,14,19,0.77 
2015,05,12,22:00,711,270,6,888,16,12,6,9,10,3,711,25,17,1.32 
2015,05,12,20:00,214,711,14,883,9,16,7,8,2,8,711,17,18,1.03 
2015,05,12,20:00,711,214,4,883,11,16,10,5,1,11,711,11,18,0.66 
2015,05,10,00:45,59,711,2,926,16,10,8,7,8,3,711,18,21,0.96 
2015,05,09,23:30,711,258,7,926,9,16,7,8,2,8,711,17,18,0.98 
2015,05,09,19:30,711,59,6,926,16,3,12,3,4,0,711,6,9,0.72 
2015,05,06,21:00,711,59,1,909,14,16,2,13,12,3,711,18,22,0.80 
2015,05,06,21:00,711,59,2,909,19,16,13,2,2,13,711,20,29,0.70 
2015,05,06,21:00,711,59,7,909,14,16,7,8,7,8,711,17,26,0.70 
2015,05,05,22:15,711,517,6,883,16,4,12,3,4,1,711,16,9,1.41 
2015,05,05,22:15,517,711,14,883,10,16,7,8,3,8,711,17,18,0.98 
2015,05,04,19:00,22,711,7,888,16,8,13,2,3,6,711,13,19,0.70 
2015,04,19,19:15,210,711,7,939,16,9,7,8,9,1,711,14,20,0.75 
2015,04,19,19:15,210,711,0,939,16,10,7,8,9,2,711,16,22,0.82 
2015,04,19,03:00,711,8,6,939,4,16,4,11,0,5,711,8,18,0.44 
2015,04,19,03:00,8,711,7,939,16,13,9,6,7,7,711,28,22,1.40 
2015,04,19,03:00,8,711,5,939,11,16,7,8,4,8,711,22,17,1.22 
2015,04,18,03:45,210,711,7,939,4,16,4,11,0,5,711,21,12,1.49 
2015,04,18,03:45,210,711,6,939,9,16,6,9,3,7,711,17,17,0.95 
2015,04,17,19:00,711,70,7,939,19,16,11,4,4,11,711,26,25,0.99 
2015,04,17,19:00,711,70,0,939,16,7,13,2,3,5,711,17,14,1.11 
2015,04,14,21:35,8,711,0,935,21,17,4,11,11,4,711,22,30,0.75 
2015,04,14,20:00,1045,711,7,935,13,16,8,7,5,9,711,19,21,0.89 
2015,04,12,20:10,215,711,14,946,16,13,7,8,9,5,711,24,21,1.24 
2015,04,12,20:10,711,215,7,946,16,7,8,7,8,0,711,19,14,1.14 
2015,04,12,20:10,711,215,0,946,12,16,10,5,2,11,711,27,21,1.36 
2015,04,12,16:15,711,270,6,946,16,14,10,5,6,9,711,26,25,1.07 
2015,04,12,16:15,270,711,1,946,16,10,8,7,8,3,711,17,20,0.85 
2015,04,12,16:15,711,270,7,946,19,17,9,6,6,9,711,24,26,0.88 
2015,04,11,18:10,1106,711,14,946,6,16,1,14,5,2,711,18,12,1.19 
2015,04,11,18:10,711,1106,1,946,10,16,3,12,7,4,711,17,18,0.95 
2015,04,11,18:10,1106,711,6,946,14,16,9,6,5,10,711,17,24,0.71 
2015,04,10,21:00,258,711,7,946,16,2,13,2,3,0,711,8,16,0.56 
2015,04,10,21:00,258,711,6,946,5,16,5,10,0,6,711,16,13,1.17 
2015,04,10,21:00,711,258,0,946,11,16,7,8,4,8,711,8,24,0.36 
2015,04,10,15:35,711,1106,5,946,16,8,13,2,3,6,711,26,13,1.47 
2015,04,10,15:35,1106,711,6,946,17,19,9,6,6,9,711,26,31,0.88 
2015,04,07,22:00,711,250,0,935,16,6,12,3,4,3,711,10,14,0.70 
2015,04,07,21:00,711,270,14,935,16,6,13,2,3,4,711,24,10,1.65 
2015,04,02,22:00,711,210,6,935,5,16,2,13,3,3,711,13,18,0.85 
2015,03,31,21:25,215,711,1,935,16,9,9,6,7,3,711,13,22,0.65 
2015,03,31,20:00,711,215,6,935,21,19,9,6,6,9,711,32,28,1.10 
2015,03,28,17:30,270,711,1,950,16,5,11,4,5,1,711,13,18,0.72 
2015,03,28,17:30,270,711,7,950,14,16,6,9,8,7,711,25,21,1.17 
2015,03,28,17:30,270,711,6,950,16,14,8,7,8,7,711,19,20,1.01 
2015,03,28,10:30,215,711,7,950,10,16,8,7,2,9,711,27,15,1.57 
2015,03,28,10:29,711,215,1,950,16,11,11,4,5,7,711,19,15,1.11 
2015,03,27,10:00,250,711,1,950,16,11,6,9,10,2,711,17,21,0.88 
2015,03,27,10:00,250,711,7,950,25,22,9,6,6,9,711,43,37,1.25 
2015,03,25,22:00,711,8,14,935,15,21,8,7,7,8,711,28,26,1.12 
2015,03,25,20:00,711,258,7,935,16,11,9,6,7,5,711,21,17,1.06 
2015,03,12,15:30,196,711,7,954,16,4,11,4,5,0,711,6,17,0.40 
2015,03,12,13:40,258,711,14,954,16,14,9,6,7,8,711,17,23,0.80 
2015,03,01,19:17,711,210,7,935,8,16,5,10,3,6,711,10,21,0.52 
2015,02,26,20:10,1045,711,7,935,5,16,4,11,1,5,711,18,12,1.23 
2015,02,25,22:00,270,711,5,935,16,3,14,1,2,2,711,10,19,0.47 
2015,02,19,20:00,711,258,7,935,16,11,5,10,11,1,711,5,2,1.34 
2015,02,18,21:15,711,250,1,935,10,16,3,12,7,4,711,23,21,1.15 
2015,02,14,22:00,711,384,5,959,16,4,14,1,2,3,711,24,12,1.68 
2015,02,14,13:50,291,711,1,959,16,14,10,5,6,9,711,19,24,0.83 
2015,02,14,11:35,711,490,7,959,28,24,8,7,7,8,711,31,36,0.86 
2015,02,08,00:15,711,210,6,961,20,22,8,7,7,8,711,27,33,0.81 
2015,02,08,00:15,210,711,7,961,16,13,12,3,4,10,711,16,24,0.70 
2015,02,07,18:00,8,711,7,961,16,2,13,2,3,0,711,11,17,0.62 
2015,02,07,16:00,711,258,1,961,16,11,8,7,8,4,711,32,21,1.71 
2015,02,07,15:00,711,1045,1,961,16,7,9,6,7,1,711,21,13,1.45 
2015,02,07,13:00,711,250,6,961,16,8,10,5,6,3,711,23,16,1.30 
2015,02,07,12:00,210,711,6,961,12,16,11,4,1,12,711,28,19,1.72 
2015,01,31,21:50,250,711,7,962,16,14,6,9,10,5,711,31,22,1.37 
2015,01,31,21:50,711,250,1,962,5,16,3,12,2,4,711,4,18,0.26 
2015,01,31,11:00,711,196,6,962,16,0,15,0,1,0,711,26,6,2.59 
2015,01,31,11:00,711,196,7,962,16,14,9,6,7,8,711,26,21,1.26 
2015,01,31,00:45,711,1106,7,962,16,12,6,9,10,3,711,14,19,0.76 
2015,01,30,23:35,711,214,1,962,16,6,10,5,6,1,711,20,14,1.29 
2015,01,30,22:00,711,1106,0,962,13,16,8,7,5,9,711,21,24,0.95 
2014,12,18,19:50,711,297,7,965,16,11,7,8,9,3,711,17,19,0.88 
2014,12,18,19:50,297,711,0,965,9,16,7,8,2,8,711,25,14,1.50 
2014,12,15,19:10,934,935,5,976,10,16,8,7,2,9,935,27,14,1.67 
2014,12,15,19:10,935,934,14,976,9,16,4,11,5,5,935,8,21,0.40 
2014,12,15,19:10,934,935,7,976,12,16,10,5,2,11,935,22,19,1.13 
2014,12,14,22:15,934,935,14,976,17,19,9,6,6,9,935,28,25,1.06 
2014,12,14,22:15,935,934,4,976,16,8,11,4,5,4,935,18,14,1.16 
2014,12,14,15:20,937,935,5,976,10,16,8,7,2,9,935,23,18,1.26 
2014,12,14,15:20,935,937,1,976,14,16,11,4,3,12,935,15,23,0.70 
2014,12,14,15:20,935,937,6,976,16,11,12,3,4,8,935,23,14,1.45 
2014,12,07,00:55,1152,711,6,980,19,16,8,7,7,8,711,28,28,1.01 
2014,12,07,00:55,1152,711,8,980,16,10,7,8,9,2,711,18,25,0.74 
2014,12,07,00:55,711,1152,7,980,16,11,12,3,4,8,711,20,17,1.07 
2014,12,06,17:30,210,711,6,980,19,16,11,4,4,11,711,21,29,0.79 
2014,12,06,17:30,210,711,5,980,16,12,11,4,5,8,711,25,20,1.21 
2014,12,06,17:30,711,210,7,980,16,13,8,7,8,6,711,30,17,1.60 
2014,12,06,01:45,789,711,0,980,12,16,7,8,5,8,711,25,19,1.19 
2014,12,06,01:45,711,789,6,980,22,19,10,5,5,10,711,29,31,0.93 
2014,12,06,00:00,1105,1104,1,981,5,16,4,11,1,5,1104,19,15,1.24 
2014,11,13,21:00,711,8,6,991,8,16,6,9,2,7,711,16,18,0.91 
2014,11,13,21:00,711,8,7,991,22,25,4,11,11,4,750,10,13,0.82 
2014,11,13,19:30,711,214,14,991,11,16,8,7,3,9,711,14,9,1.11 
2014,11,11,16:15,936,935,14,993,12,16,8,7,4,9,935,26,17,1.37 
2014,11,11,16:15,936,935,5,993,10,16,5,10,5,6,935,12,18,0.68 
2014,11,04,22:30,935,938,1,993,22,18,9,6,6,9,935,29,26,1.08 
2014,11,04,22:30,935,938,7,993,16,12,13,2,3,10,935,24,18,1.30 
2014,11,01,09:30,711,301,5,998,10,16,6,9,4,7,711,20,21,0.98 
2014,11,01,09:30,301,711,6,998,16,7,14,1,2,6,711,19,17,1.23 
2014,10,31,16:30,711,250,1,998,16,1,14,1,2,0,711,22,8,2.23 
2014,10,31,14:30,384,711,1,998,5,16,4,11,1,5,711,22,12,1.56 
2014,10,31,13:05,711,59,0,998,6,16,6,9,0,7,711,12,18,0.76 
2014,10,31,11:30,509,711,0,998,8,16,8,7,0,9,711,20,19,0.99 
2014,10,31,10:40,711,1146,1,998,16,9,9,6,7,3,711,14,21,0.71 
2014,10,29,16:00,711,301,14,1000,16,12,11,4,5,8,711,18,24,0.80 
2014,10,29,16:00,301,711,6,1000,16,8,8,7,8,1,711,11,20,0.59 
2014,10,29,16:00,711,301,0,1000,16,9,12,3,4,6,711,17,17,0.92 
2014,10,29,11:00,711,301,1,1000,16,3,12,3,4,0,711,16,16,0.98 
2014,10,29,09:30,711,1168,1,1000,16,8,13,2,3,6,711,26,14,1.54 
2014,10,27,18:00,215,711,6,996,16,14,7,8,9,6,711,14,18,0.77 
2014,10,27,18:00,711,215,0,996,14,16,6,9,8,7,711,20,22,0.93 
2014,10,27,18:00,711,215,1,996,16,1,14,1,2,0,711,24,8,2.19 
2014,10,19,15:40,215,711,0,1007,16,11,10,5,6,6,711,16,21,0.78 
2014,10,19,15:40,711,215,1,1007,10,16,9,6,1,10,711,18,21,0.87 
2014,10,18,20:31,301,711,7,1007,16,6,9,6,7,0,711,7,19,0.46 
2014,10,18,19:10,301,711,8,1007,16,4,12,3,4,1,711,11,18,0.66 
2014,10,18,13:30,711,52,7,1007,16,13,10,5,6,8,711,21,19,1.05 
2014,10,18,13:30,711,52,1,1007,16,10,8,7,8,3,711,21,18,1.04 
2014,10,15,21:00,210,711,6,996,16,6,14,1,2,5,711,15,18,0.85 
2014,10,15,21:00,711,210,7,996,16,12,8,7,8,5,711,20,24,0.84 
2014,10,15,21:00,711,210,0,996,10,16,6,9,4,7,711,10,20,0.55 
2014,10,12,20:00,711,1108,0,996,16,8,10,5,6,3,711,18,14,1.04 
2014,10,12,20:00,1108,711,1,996,2,16,2,13,0,3,711,10,10,0.92 
2014,10,12,17:15,8,711,0,996,16,12,6,9,10,3,711,14,24,0.60 
2014,10,12,17:15,8,711,7,996,16,4,11,4,5,0,711,16,19,1.00 
2014,10,11,19:15,711,1108,1,996,16,1,15,0,1,1,711,22,4,2.08 
2014,10,09,22:10,52,711,7,1011,4,16,2,13,2,3,711,13,15,0.89 
2014,10,09,19:00,22,711,4,1011,7,16,3,12,4,4,711,25,13,1.59 
2014,10,08,23:00,301,711,4,1011,16,2,13,2,3,0,711,6,18,0.34 
2014,10,07,23:20,59,711,7,1011,16,1,14,1,2,0,711,11,16,0.76 
2014,10,07,19:00,22,711,6,1011,16,11,10,5,6,6,711,15,20,0.74 
2014,10,06,22:10,711,8,5,1011,7,16,6,9,1,7,711,16,21,0.80 
2014,10,06,18:00,935,942,1,993,16,9,10,5,6,4,935,24,13,1.40 
2014,10,02,20:00,711,210,1,1011,12,16,7,8,5,8,711,25,22,1.23 
2014,10,01,22:00,711,250,6,1011,16,5,11,4,5,1,711,17,9,1.31 
2014,09,30,21:30,250,711,6,1021,16,19,8,7,7,8,711,28,26,1.09 
2014,09,30,21:13,250,711,7,1021,7,16,4,11,3,5,711,21,17,1.11 
2014,09,30,20:00,711,8,7,1021,16,14,6,9,10,5,711,21,23,1.08 
2014,09,29,20:00,711,384,7,1021,19,16,7,8,8,7,711,28,23,1.15 
2014,09,29,18:00,711,59,0,1021,16,11,6,9,10,2,711,24,16,1.27 
2014,09,27,18:02,1149,711,0,1021,15,15,10,5,5,10,711,25,20,1.22 
2014,09,27,18:00,711,8,7,1021,12,16,6,9,6,7,711,24,22,1.10 
2014,09,26,20:00,711,301,7,1024,19,15,6,9,9,6,711,22,24,0.90 
2014,09,26,20:00,301,711,0,1024,4,16,3,12,1,4,711,22,10,1.70 
2014,09,26,16:45,711,210,1,1024,16,1,14,1,2,0,711,18,9,1.58 
2014,09,26,16:45,210,711,6,1024,11,16,4,11,7,5,711,19,16,1.11 
2014,09,25,17:05,250,711,1,1024,13,16,7,8,6,8,711,22,20,1.13 
2014,09,25,15:45,49,711,7,1024,12,16,5,10,7,6,711,18,19,0.94 
2014,09,25,13:50,301,711,0,1024,16,12,9,6,7,6,711,20,24,0.84 
2014,09,22,22:06,711,841,7,1021,16,5,11,4,5,1,711,16,15,1.12 
2014,09,22,20:40,215,711,8,1021,16,14,9,6,7,8,711,16,20,0.78 
2014,09,19,22:00,722,854,1,1026,16,19,7,8,8,7,722,38,26,1.53 
2014,09,18,22:00,8,711,0,1011,11,16,10,5,1,11,711,25,19,1.23 
2014,09,17,23:40,59,711,7,1011,10,16,8,7,2,9,711,19,17,1.09 
2014,09,17,18:00,297,722,0,1026,16,13,7,8,9,5,722,26,21,1.17 
2014,09,16,18:20,935,934,1,993,16,11,13,2,3,9,935,22,18,1.08 
2014,09,15,20:00,1208,711,1,1021,6,16,5,10,1,6,711,28,13,1.87 
2014,09,15,19:15,722,8,0,1026,6,16,5,10,1,6,722,12,18,0.92 
2014,09,14,19:00,711,944,6,1021,16,14,8,7,8,7,711,16,19,0.98 
2014,09,14,18:00,384,711,7,1021,15,15,8,7,7,8,711,20,22,0.85 
2014,09,11,23:00,301,711,7,1011,17,21,9,6,6,9,711,35,28,1.17 
2014,09,10,22:05,711,52,7,1011,16,4,13,2,3,2,711,25,7,2.01 
2014,09,09,18:00,935,139,0,993,16,4,11,4,5,0,935,17,10,1.26 
2014,09,04,22:00,711,250,5,1011,11,16,9,6,2,10,711,29,21,1.51 
2014,09,03,20:00,210,711,6,1011,16,12,9,6,7,6,711,17,21,0.79 
2014,08,17,11:55,301,250,14,1043,14,16,8,7,6,9,301,27,19,1.41 
2014,08,17,11:55,301,250,5,1043,6,16,6,9,0,7,301,27,18,1.57 
2014,08,17,11:55,250,301,6,1043,10,16,4,11,6,5,301,16,17,0.93 
2014,08,16,15:45,301,8,0,1043,16,12,10,5,6,7,301,28,23,1.23 
2014,08,16,15:45,8,301,1,1043,14,16,7,8,7,8,301,26,22,1.13 
2014,08,15,12:10,301,215,6,1043,16,12,8,7,8,5,301,28,16,1.43 
2014,08,14,11:45,301,776,5,1043,16,2,13,2,3,0,301,25,3,2.36 
2014,08,11,18:00,301,214,0,1044,8,16,4,11,4,5,301,15,19,0.86 
2014,08,08,19:00,301,944,5,1044,16,12,13,2,3,10,301,27,20,1.39 
2014,08,07,22:25,215,301,0,1044,13,16,12,3,1,13,301,21,19,0.99 
2014,08,06,21:00,743,301,1,1044,7,16,5,10,2,6,301,16,14,1.00 
2014,08,06,20:00,301,52,6,1044,12,16,10,5,2,11,301,22,23,1.11 
2014,08,06,19:00,301,8,6,1044,16,11,9,6,7,5,301,20,21,0.93 
2014,08,05,22:00,301,711,6,1044,13,16,5,10,8,6,301,19,22,0.92 
2014,08,02,18:00,722,1052,1,1047,17,19,6,9,9,6,722,25,30,0.99 
2014,08,02,18:00,722,1052,6,1047,16,2,13,2,3,0,722,18,11,1.44 
2014,08,02,18:00,1052,722,5,1047,16,10,11,4,5,6,722,22,21,1.09 
2014,08,02,12:30,1111,722,5,1047,12,16,11,4,1,12,722,21,20,1.09 
2014,08,02,12:30,1111,722,0,1047,16,9,10,5,6,4,722,22,22,1.04 
2014,08,02,12:30,1111,722,1,1047,10,16,9,6,1,10,722,25,15,1.46 
2014,08,01,21:20,722,196,5,1047,16,5,12,3,4,2,722,22,8,1.71 
2014,08,01,20:00,722,545,6,1047,16,6,13,2,3,4,722,22,14,1.50 
2014,07,30,18:00,301,250,1,1049,2,16,2,13,0,3,301,14,15,1.01 
2014,07,30,18:00,250,301,5,1049,16,9,12,3,4,6,301,14,23,0.63 
2014,07,30,18:00,301,250,6,1049,16,9,11,4,5,5,301,17,15,1.06 
2014,07,29,18:00,301,1218,1,1044,16,6,10,5,6,1,301,19,12,1.25 
2014,07,21,21:00,301,1219,1,1044,15,15,4,11,11,4,301,22,25,1.08 
2014,07,21,20:00,301,314,1,1044,16,5,10,5,6,0,301,17,7,1.32 
2014,07,19,22:45,301,52,5,1052,16,11,12,3,4,8,301,22,15,1.13 
2014,07,19,22:45,301,52,6,1052,16,6,13,2,3,4,301,19,10,1.40 
2014,07,19,22:45,52,301,0,1052,16,5,11,4,5,1,301,17,18,1.07 
2014,07,19,18:20,287,301,2,1052,9,16,8,7,1,9,301,17,19,0.83 
2014,07,19,18:20,301,287,1,1052,8,16,4,11,4,5,301,13,21,0.66 
2014,07,19,18:20,287,301,6,1052,20,22,11,4,4,11,301,34,30,1.06 
2014,07,19,11:50,301,500,6,1052,16,10,11,4,5,6,301,27,16,1.45 
2014,07,19,11:50,301,500,1,1052,16,12,10,5,6,7,301,28,19,1.41 
2014,07,19,11:50,301,500,5,1052,14,16,12,3,2,13,301,13,22,0.68 
2014,07,18,14:00,301,1227,1,1052,16,6,10,5,6,1,301,19,12,1.25 
2014,07,18,11:25,1229,301,1,1052,4,16,1,14,3,2,301,29,13,1.99 
2014,07,16,23:00,301,215,1,1053,14,16,8,7,6,9,301,25,21,1.10 
2014,07,16,23:00,301,215,8,1053,16,9,12,3,4,6,301,21,15,1.19 
2014,07,16,23:00,301,215,0,1053,13,16,11,4,2,12,301,10,20,0.60 
2014,07,16,21:00,301,844,6,1044,16,4,12,3,4,1,301,15,8,1.23 
2014,07,16,18:00,210,301,0,1053,11,16,10,5,1,11,301,23,16,1.45 
2014,07,16,18:00,210,301,6,1053,19,17,8,7,7,8,301,23,31,0.78 
2014,07,16,18:00,301,210,1,1053,16,7,12,3,4,4,301,27,13,1.76 
2014,07,15,19:00,722,301,1,1044,1,16,1,14,0,2,301,22,9,1.84 
2014,07,14,20:30,210,301,6,1044,16,10,10,5,6,5,301,13,24,0.64 
2014,07,14,19:00,301,59,6,1044,9,16,7,8,2,8,301,25,20,1.44 
2014,06,25,20:00,301,841,1,1044,16,7,9,6,7,1,301,26,14,1.74 
2014,05,31,20:00,711,301,0,1064,16,11,8,7,8,4,301,18,22,0.84 
2014,05,31,20:00,301,711,6,1064,13,16,5,10,8,6,301,24,20,1.22 
2014,05,31,20:00,711,301,1,1064,5,16,5,10,0,6,301,22,12,1.58 
2014,05,31,17:15,301,8,8,1064,4,16,4,11,0,5,301,10,18,0.62 
2014,05,31,17:15,301,8,6,1064,16,13,8,7,8,6,301,19,23,0.90 
2014,05,31,17:15,301,8,2,1064,9,16,8,7,1,9,301,21,20,1.14 
2014,05,22,19:00,301,1001,5,1064,16,12,8,7,8,5,301,26,16,1.42 
2014,05,21,21:00,301,22,6,1064,9,16,7,8,2,8,301,15,20,0.78 
2014,05,21,19:00,8,301,6,1064,7,16,6,9,1,7,301,24,12,1.53 
2014,05,14,20:00,711,301,0,1064,16,14,9,6,7,8,301,23,23,1.06 
2014,05,08,21:00,301,1045,0,1064,16,9,13,2,3,7,301,20,18,1.15 
2014,05,07,20:00,210,301,1,1064,7,16,5,10,2,6,301,19,17,1.03 
2014,04,30,22:00,250,301,1,1064,9,16,6,9,3,7,301,19,17,1.15 
2014,04,19,14:00,8,301,0,1076,16,5,12,3,4,2,301,6,21,0.27 
2014,04,19,14:00,301,8,1,1076,16,12,10,5,6,7,301,26,21,1.27 
2014,04,19,14:00,8,301,6,1076,16,11,10,5,6,6,301,17,22,0.81 
2014,04,19,10:00,711,301,0,1076,12,16,6,9,6,7,301,21,23,0.94 
2014,04,19,10:00,301,711,2,1076,16,14,9,6,7,8,301,21,24,0.88 
2014,04,18,21:00,301,214,1,1076,16,10,6,9,10,1,301,22,22,1.06 
2014,04,18,21:00,214,301,6,1076,11,16,6,9,5,7,301,23,22,1.18 
2014,04,18,17:00,1268,301,1,1076,6,16,2,13,4,3,301,21,18,1.13 
2014,04,18,17:00,1268,301,6,1076,4,16,3,12,1,4,301,22,9,1.76 
2014,04,14,21:00,301,1069,5,1077,16,1,14,1,2,0,301,16,5,1.50 
2014,04,14,20:00,301,49,1,1077,16,3,14,1,2,2,301,25,9,2.05 
2014,04,14,17:00,301,1273,6,1077,16,4,12,3,4,1,301,23,11,1.62 
2014,04,10,20:15,59,301,5,1077,9,16,3,12,6,4,301,20,18,1.01 
2014,04,09,21:00,301,214,6,1077,16,8,10,5,6,3,301,23,13,1.37 
2014,04,07,22:00,301,1274,5,1077,16,10,14,1,2,9,301,21,15,1.20 
2014,04,02,21:30,301,214,0,1079,16,12,9,6,7,6,301,34,21,1.76 
2014,04,02,21:30,301,214,2,1079,19,17,10,5,5,10,301,28,25,1.13 
2014,04,02,19:00,301,250,5,1077,8,16,7,8,1,8,301,10,19,0.61 
2014,03,29,21:15,711,301,5,1080,16,11,8,7,8,4,301,13,22,0.66 
2014,03,29,21:15,301,711,0,1080,16,8,10,5,6,3,301,20,17,1.22 
2014,03,29,21:15,711,301,1,1080,16,8,9,6,7,2,301,18,22,0.91 
2014,03,28,22:30,301,59,6,1080,19,17,10,5,5,10,301,30,26,1.13 
2014,03,28,19:30,22,301,6,1080,16,3,12,3,4,0,301,7,17,0.42 
2014,03,28,19:30,22,301,1,1080,15,19,7,8,8,7,301,22,24,0.88 
2014,03,28,19:30,301,22,5,1080,14,16,13,2,1,14,301,23,21,0.96 
2014,03,26,20:00,301,284,6,1077,16,3,12,3,4,0,301,21,11,1.60 
2014,03,26,19:00,301,210,5,1077,13,16,8,7,5,9,301,19,22,0.92 
2014,03,24,22:00,1280,301,6,1077,11,16,8,7,3,9,301,27,21,1.32 
2014,03,23,21:00,214,301,6,1079,15,19,6,9,9,6,301,27,23,1.10 
2014,03,23,21:00,214,301,1,1079,14,16,10,5,4,11,301,35,22,1.64 
2014,03,21,21:15,301,1045,1,1080,16,12,9,6,7,6,301,15,23,0.68 
2014,03,21,21:15,301,1045,6,1080,16,10,8,7,8,3,301,20,18,1.12 
2014,03,19,20:00,8,301,6,1077,16,8,10,5,6,3,301,13,21,0.66 
2014,03,14,16:00,8,301,6,1082,16,8,13,2,3,6,301,23,19,1.28 
2014,03,14,16:00,301,8,0,1082,3,16,0,15,3,1,301,9,18,0.56 
2014,03,13,18:50,301,1106,6,1082,16,13,6,9,10,4,301,25,22,1.21 
2014,03,13,16:10,250,301,6,1082,16,7,10,5,6,2,301,17,21,0.81 
2014,03,13,15:00,301,787,6,1082,16,13,8,7,8,6,301,26,19,1.29 
2014,03,09,23:15,210,301,1,1080,5,16,0,15,5,1,301,22,13,1.77 
2014,03,09,22:30,301,132,6,1080,16,4,11,4,5,0,301,19,9,1.50 
2014,03,09,19:15,301,210,6,1080,4,16,4,11,0,5,301,12,17,0.80 
2014,03,04,21:00,1244,301,5,1077,16,11,5,10,11,1,301,9,23,0.46 
2014,03,04,20:00,711,301,5,1077,16,6,12,3,4,3,301,12,20,0.61 
2014,03,02,22:00,301,287,5,1077,16,9,12,3,4,6,301,23,15,1.28 
2014,02,28,21:00,301,215,1,1077,16,14,8,7,8,7,301,21,22,0.95 
2014,02,25,21:00,210,301,5,1079,13,16,3,12,10,4,301,18,25,0.77 
2014,02,24,21:00,301,210,6,1079,19,17,4,11,11,4,301,19,27,0.73 
2014,02,17,21:00,1244,301,5,1079,14,16,11,4,3,12,301,20,22,0.89 
2014,02,17,21:00,1244,301,6,1079,6,16,6,9,0,7,301,9,14,0.64 
2013,12,19,19:00,545,1045,6,1097,12,16,4,11,8,5,545,17,22,0.89 
2013,12,19,18:00,545,1314,6,1097,16,4,11,4,5,0,545,29,7,2.58 
2013,12,17,17:50,935,941,5,1098,5,16,5,10,0,6,935,11,17,0.70 
2013,12,17,17:50,941,935,1,1098,16,4,11,4,5,0,935,11,18,0.66 
2013,12,17,17:50,941,935,2,1098,16,11,11,4,5,7,935,23,19,1.23 
2013,12,17,17:50,941,935,6,1098,12,16,11,4,1,12,935,20,21,1.11 
2013,12,15,20:10,1317,1244,1,1099,16,14,10,5,6,9,1244,16,27,0.68 
2013,12,15,20:10,1244,1317,6,1099,14,16,11,4,3,12,1244,20,22,0.99 
2013,12,15,20:10,1244,1317,0,1099,5,16,4,11,1,5,1244,15,19,0.90 
2013,12,13,23:20,250,1244,1,1103,16,9,9,6,7,3,1244,30,19,1.72 
2013,12,13,23:20,250,1244,6,1103,16,3,13,2,3,1,1244,10,19,0.56 
2013,12,13,20:50,1045,1244,0,1103,13,16,3,12,10,4,1244,16,23,0.74 
2013,12,13,20:50,1045,1244,6,1103,14,16,8,7,6,9,1244,26,21,1.12 
2013,12,11,21:45,1321,1244,5,1099,8,16,8,7,0,9,1244,25,16,1.54 
2013,12,11,21:45,1321,1244,6,1099,16,11,9,6,7,5,1244,22,23,0.91 
2013,12,11,21:45,1321,1244,1,1099,0,16,0,15,0,1,1244,20,8,1.89 
2013,12,11,18:30,1244,215,1,1103,16,11,10,5,6,6,1244,21,22,0.91 
2013,12,11,18:30,215,1244,0,1103,16,12,11,4,5,8,1244,19,23,0.84 
2013,12,11,18:30,1244,215,6,1103,16,9,11,4,5,5,1244,22,19,1.16 
2013,12,10,22:00,49,1244,1,1104,7,16,6,9,1,7,1244,17,15,1.10 
2013,12,10,21:10,275,1244,6,1104,6,16,5,10,1,6,1244,28,14,1.72 
2013,12,10,20:00,1106,1244,6,1104,9,16,8,7,1,9,1244,23,20,1.14 
2013,12,08,22:00,935,957,1,1098,16,10,8,7,8,3,935,17,14,1.10 
2013,12,08,22:00,935,957,6,1098,16,8,11,4,5,4,935,16,19,0.80 
2013,12,08,22:00,935,957,5,1098,14,16,11,4,3,12,935,11,23,0.54 
2013,12,08,20:00,1244,1323,5,1104,15,15,7,8,8,7,1244,22,24,0.99 
2013,12,08,19:00,1069,1244,5,1104,8,16,8,7,0,9,1244,27,14,1.67 
2013,12,07,19:15,935,943,1,1098,16,14,4,11,12,3,935,26,20,1.31 
2013,12,07,19:15,943,935,6,1098,14,16,5,10,9,6,935,24,18,1.25 
2013,12,05,21:15,953,935,6,1098,2,16,2,13,0,3,935,19,8,1.69 
2013,12,05,21:15,935,953,5,1098,16,6,12,3,4,3,935,17,14,1.10 
2013,12,04,19:00,1322,1244,7,1104,16,5,11,4,5,1,1244,12,20,0.57 
2013,12,03,22:15,1244,132,6,1104,16,8,10,5,6,3,1244,23,17,1.28 
2013,12,03,20:45,1045,1244,6,1103,13,16,6,9,7,7,1244,26,23,1.06 
2013,12,03,20:00,1325,1244,1,1103,7,16,6,9,1,7,1244,19,15,1.15 
2013,11,28,14:20,1045,1244,6,1105,16,2,13,2,3,0,1244,13,16,0.79 
2013,11,28,13:19,1244,210,6,1105,6,16,6,9,0,7,1244,20,16,1.25 
2013,11,28,10:00,1244,1045,1,1105,16,14,8,7,8,7,1244,24,25,0.97 
2013,11,21,22:30,287,1244,1,1104,16,9,7,8,9,1,1244,16,21,0.75 
2013,11,21,20:30,1244,722,1,1104,15,15,6,9,9,6,1244,28,24,1.35 
2013,11,18,22:00,935,99,9,1098,16,5,11,4,5,1,935,22,8,1.66 
2013,11,17,21:00,1244,214,0,1104,12,16,10,5,2,11,1244,15,20,0.76 
2013,11,17,20:00,1244,1305,6,1104,16,3,13,2,3,1,1244,27,8,2.27 
2013,11,13,21:00,1244,215,6,1104,16,8,12,3,4,5,1244,17,18,0.92 
2013,11,12,22:00,1045,1244,6,1104,12,16,7,8,5,8,1244,17,22,0.91 
2013,11,12,21:00,1311,1244,6,1104,16,3,12,3,4,0,1244,13,15,0.94 
2013,11,10,20:00,844,1244,1,1104,13,16,7,8,6,8,1244,18,21,0.94 
2013,11,03,09:30,1317,1244,0,1110,12,16,12,3,0,13,1244,16,23,0.73 
2013,11,03,09:30,1244,1317,6,1110,16,11,10,5,6,6,1244,19,15,1.14 
2013,11,02,13:00,1244,1311,1,1110,16,7,9,6,7,1,1244,16,14,1.05 
2013,11,02,13:00,1244,1311,5,1110,14,16,11,4,3,12,1244,18,24,0.80 
2013,11,02,13:00,1244,1311,6,1110,16,12,11,4,5,8,1244,19,21,0.87 
2013,11,02,09:30,599,1244,5,1110,13,16,11,4,2,12,1244,24,19,1.21 
2013,11,02,09:30,1244,599,6,1110,16,6,11,4,5,2,1244,20,8,1.70 
2013,11,01,18:00,1244,116,5,1110,15,15,5,10,10,5,1244,23,23,1.00 
2013,11,01,17:11,1338,1244,6,1110,1,16,1,14,0,2,1244,17,9,1.36 
2013,11,01,14:30,1244,1045,1,1110,16,12,8,7,8,5,1244,22,22,1.00 
2013,10,23,20:00,935,938,11,1098,16,9,10,5,6,4,935,24,19,1.35 
2013,10,18,20:00,935,121,9,1098,16,2,13,2,3,0,935,15,6,1.43 
2013,10,18,19:00,935,87,9,1098,16,14,11,4,5,10,935,22,21,1.17 
2013,10,17,21:15,1321,1244,5,1113,16,2,13,2,3,0,1244,5,18,0.26 
2013,08,11,22:00,210,301,10,1132,16,8,10,5,6,3,301,22,20,1.22 
2013,08,11,21:00,301,698,10,1132,13,16,7,8,6,8,301,28,22,1.24 
2013,08,11,19:00,301,844,11,1132,16,6,10,5,6,1,301,16,13,1.21 
2013,07,14,21:30,215,722,12,1135,12,16,7,8,5,8,722,36,18,1.95 
2013,07,14,21:30,215,722,10,1135,12,16,11,4,1,12,722,25,18,1.22 
2013,07,14,21:30,215,722,11,1135,16,7,12,3,4,4,722,11,17,0.71 
2013,07,14,18:33,1383,722,11,1135,1,16,1,14,0,2,722,15,11,1.13 
2013,07,14,18:33,722,1383,10,1135,16,13,10,5,6,8,722,18,24,0.76 
2013,07,14,18:15,722,1383,9,1135,9,16,3,12,6,4,722,12,18,0.70 
2013,07,14,13:45,1384,722,12,1135,9,16,7,8,2,8,722,22,17,1.21 
2013,07,14,13:45,1384,722,10,1135,8,16,4,11,4,5,722,21,19,1.14 
2013,07,14,13:45,1384,722,13,1135,16,10,11,4,5,6,722,15,21,0.71 
2013,07,13,22:45,722,1386,13,1135,16,1,14,1,2,0,722,24,1,2.53 
2013,07,13,21:45,1385,722,9,1135,8,16,4,11,4,5,722,35,12,2.23 
2013,07,13,20:45,722,854,10,1135,16,3,12,3,4,0,722,20,7,1.79 
2013,07,13,19:00,722,1285,10,1135,16,7,11,4,5,3,722,27,13,1.59 
2013,06,29,13:00,301,210,10,1137,11,16,6,9,5,7,301,23,19,1.36 
2013,06,29,13:00,301,210,13,1137,13,16,6,9,7,7,301,23,22,1.04 
2013,06,17,13:00,301,52,12,1139,9,16,4,11,5,5,301,19,19,1.06 
2013,06,17,13:00,301,52,10,1139,15,19,9,6,6,9,301,14,32,0.49 
2013,06,17,13:00,52,301,11,1139,10,16,9,6,1,10,301,11,17,0.66 
2013,06,17,10:00,301,841,13,1139,16,4,14,1,2,3,301,8,10,0.74 
2013,06,17,10:00,841,301,12,1139,16,19,9,6,6,9,301,19,31,0.65 
2013,06,16,20:00,698,301,10,1139,7,16,4,11,3,5,301,17,16,1.09 
2013,06,16,19:00,301,49,11,1139,16,1,14,1,2,0,301,22,5,2.10 
2013,06,13,21:00,301,275,13,1141,16,6,10,5,6,1,301,23,12,1.56 
2013,06,13,20:00,301,1370,13,1141,14,16,10,5,4,11,301,24,20,1.17 
2013,06,13,19:00,301,49,11,1141,15,15,10,5,5,10,301,25,21,1.13 
2013,06,12,22:55,301,250,12,1142,25,23,9,6,6,9,301,35,33,1.09 
2013,06,12,22:55,250,301,11,1142,9,16,4,11,5,5,301,24,11,1.50 
2013,06,10,22:00,52,301,11,1142,10,16,7,8,3,8,301,26,16,1.48 
2013,06,10,22:00,52,301,12,1142,17,19,13,2,2,13,301,28,24,0.99 
2013,06,07,21:00,8,301,10,1142,15,19,11,4,4,11,301,26,22,1.08 
2013,06,07,21:00,301,8,11,1142,16,12,11,4,5,8,301,27,18,1.47 
2013,06,07,21:00,8,301,13,1142,16,12,7,8,9,4,301,17,19,0.91 
2013,06,05,22:00,301,384,13,1143,16,10,13,2,3,8,301,21,17,1.18 
2013,06,05,22:00,301,384,11,1143,16,3,12,3,4,0,301,22,13,1.65 
2013,06,05,19:00,841,301,10,1143,14,16,11,4,3,12,301,21,21,0.98 
2013,06,04,21:00,301,1312,10,1143,16,10,11,4,5,6,301,25,19,1.36 
2013,06,04,20:00,301,1106,13,1143,16,3,12,3,4,0,301,24,5,1.99 
2013,06,03,23:12,275,301,11,1142,9,16,3,12,6,4,301,13,17,0.74 
2013,06,02,22:00,301,250,13,1142,8,16,7,8,1,8,301,18,20,0.91 
2013,05,30,21:00,287,301,11,1142,10,16,7,8,3,8,301,19,16,1.00 
2013,05,29,22:30,250,301,10,1143,16,6,10,5,6,1,301,8,19,0.47 
2013,05,29,22:30,301,250,13,1143,7,16,7,8,0,8,301,10,20,0.52 
2013,05,29,19:00,215,301,10,1143,18,21,5,10,10,5,301,34,27,1.19 
2013,05,28,22:30,210,301,10,1142,7,16,4,11,3,5,301,11,17,0.69 
2013,05,28,21:00,1312,301,13,1143,8,16,7,8,1,8,301,22,15,1.39 
2013,05,28,20:00,301,1106,10,1143,16,11,10,5,6,6,301,19,24,1.02 
2013,05,27,20:00,301,841,10,1142,16,11,11,4,5,7,301,26,15,1.39 
2013,05,15,21:00,384,301,11,1143,16,7,10,5,6,2,301,15,21,0.63 
2013,05,15,21:00,384,301,13,1143,16,12,14,1,2,11,301,20,20,1.02 
2013,05,15,19:00,1393,301,11,1143,8,16,6,9,2,7,301,16,15,1.06 
2013,05,14,21:00,301,1317,13,1143,16,13,12,3,4,10,301,22,23,0.92 
2013,05,14,20:00,1312,301,10,1143,6,16,5,10,1,6,301,21,16,1.31 
2013,05,14,19:00,301,1001,13,1143,16,4,11,4,5,0,301,20,11,1.70 
2013,03,20,21:00,841,301,10,1154,16,14,4,11,12,3,301,17,22,0.88 
2013,03,20,20:00,301,1395,11,1154,14,16,4,11,10,5,301,17,25,0.71 
2013,03,20,19:00,301,287,11,1154,13,16,7,8,6,8,301,17,21,0.81 
2013,03,14,21:00,301,1317,10,1164,16,21,12,3,3,12,301,31,30,1.15 
2013,03,14,21:00,1317,301,13,1164,16,9,12,3,4,6,301,15,18,0.87 
2013,03,14,20:00,210,301,10,1164,7,16,4,11,3,5,301,28,17,1.61 
2013,03,13,22:00,215,301,10,1164,4,16,4,11,0,5,301,19,9,1.45 
2013,03,13,20:00,1402,301,11,1164,4,16,3,12,1,4,301,19,11,1.54 
