2016,08,04,14:45,174,185,0,491,16,3,12,3,4,0,185,14,17,0.92 
2016,08,04,14:45,174,185,7,491,16,5,11,4,5,1,185,19,17,1.27 
2016,07,30,12:15,185,179,7,501,16,13,5,10,11,3,185,31,18,1.50 
2016,07,30,12:15,185,179,0,501,16,9,10,5,6,4,185,27,17,1.53 
2016,07,30,09:15,213,185,5,501,7,16,3,12,4,4,185,20,12,1.37 
2016,07,30,09:15,185,213,2,501,8,16,6,9,2,7,185,14,19,0.85 
2016,07,30,09:15,185,213,7,501,16,7,10,5,6,2,185,19,15,1.10 
2016,07,26,09:00,237,185,1,501,14,16,5,10,9,6,185,25,17,1.42 
2016,07,26,09:00,185,237,0,501,16,13,6,9,10,4,185,20,20,1.13 
2016,07,22,09:15,185,208,7,512,15,15,7,8,8,7,185,25,22,1.11 
2016,07,22,05:45,185,35,7,512,6,16,5,10,1,6,185,10,19,0.54 
2016,07,22,04:00,46,185,4,512,16,9,10,5,6,4,185,12,21,0.62 
2016,06,19,11:00,185,173,0,527,22,18,9,6,6,9,185,24,30,0.84 
2016,06,19,11:00,173,185,7,527,16,7,10,5,6,2,185,14,19,0.73 
2016,06,18,08:00,180,185,4,527,19,17,8,7,7,8,185,39,24,1.63 
2016,06,18,08:00,185,180,0,527,12,16,10,5,2,11,185,18,19,0.97 
2016,06,15,12:00,185,188,2,527,9,16,8,7,1,9,185,21,19,1.15 
2016,06,15,12:00,185,188,1,527,16,9,13,2,3,7,185,20,13,1.25 
2016,05,27,13:15,185,35,0,562,6,16,4,11,2,5,185,17,17,0.99 
2016,05,27,13:15,35,185,4,562,16,7,13,2,3,5,185,11,18,0.65 
2016,05,26,12:15,173,185,7,562,4,16,3,12,1,4,185,24,12,1.71 
2016,05,26,12:15,185,173,0,562,16,8,11,4,5,4,185,21,18,1.18 
2016,04,24,15:30,185,173,0,601,16,7,13,2,3,5,185,26,12,1.66 
2016,04,24,15:30,185,173,6,601,16,8,8,7,8,1,185,18,14,1.23 
2016,04,24,15:30,173,185,7,601,16,11,8,7,8,4,185,18,21,0.85 
2016,04,24,09:00,34,185,7,601,16,11,6,9,10,2,185,14,20,0.86 
2016,04,24,09:00,185,34,6,601,5,16,4,11,1,5,185,12,18,0.68 
2016,04,23,16:00,482,185,6,601,3,16,3,12,0,4,185,19,9,1.60 
2016,04,23,16:00,185,482,7,601,16,1,14,1,2,0,185,21,6,1.87 
2016,03,22,08:00,191,173,4,595,16,5,13,2,3,3,173,6,18,0.38 
2016,03,22,08:00,173,191,0,595,2,16,2,13,0,3,173,6,18,0.31 
2016,03,17,08:00,173,237,7,595,16,12,9,6,7,6,173,14,19,0.74 
2016,03,17,08:00,173,237,1,595,16,8,8,7,8,1,173,15,14,0.93 
