2016,08,08,15:00,61,148,4,478,16,12,13,2,3,10,148,17,23,0.82 
2016,08,08,15:00,61,148,1,478,14,16,5,10,9,6,148,13,17,0.77 
2016,08,08,15:00,148,61,0,478,14,16,5,10,9,6,148,21,23,0.87 
2016,08,02,13:00,191,148,14,482,16,13,6,9,10,4,148,18,24,0.84 
2016,08,02,13:00,191,148,0,482,16,7,13,2,3,5,148,14,20,0.74 
2016,07,27,15:00,62,148,0,504,16,10,8,7,8,3,148,13,20,0.70 
2016,07,27,15:00,62,148,2,504,19,17,11,4,4,11,148,20,26,0.76 
2016,07,24,15:00,172,148,0,504,16,11,10,5,6,6,148,20,19,0.99 
2016,07,24,15:00,172,148,14,504,16,14,3,12,13,2,148,20,22,0.89 
2016,06,18,12:00,61,148,5,504,16,11,10,5,6,6,148,16,20,0.84 
2016,06,18,12:00,61,148,14,504,16,14,8,7,8,7,148,23,25,0.91 
2016,06,18,12:00,148,61,0,504,19,16,13,2,2,13,148,21,17,0.99 
2016,06,16,15:20,148,149,14,504,8,16,7,8,1,8,148,8,19,0.50 
2016,06,16,15:20,149,148,1,504,16,12,6,9,10,3,148,15,15,0.93 
2016,02,27,13:00,148,62,14,641,14,16,3,12,11,4,148,27,21,1.29 
2016,02,27,13:00,148,62,1,641,14,16,10,5,4,11,148,20,18,1.08 
2016,02,27,13:00,62,148,7,641,5,16,5,10,0,6,148,17,13,1.07 
2016,02,26,14:00,643,148,14,641,16,3,12,3,4,0,148,16,18,0.99 
2016,02,26,14:00,148,643,0,641,12,16,7,8,5,8,148,21,16,1.14 
2016,02,26,14:00,643,148,4,641,10,16,4,11,6,5,148,18,14,1.11 
2016,02,20,15:00,148,62,0,641,16,8,13,2,3,6,148,24,12,1.51 
2016,02,20,13:30,193,148,0,641,13,16,6,9,7,7,148,18,18,0.97 
2015,11,18,16:00,76,148,4,642,16,9,11,4,5,5,148,9,23,0.39 
2015,11,04,14:30,148,149,1,691,6,16,2,13,4,3,148,10,19,0.57 
2015,10,31,08:50,164,148,2,691,16,8,10,5,6,3,148,14,19,0.75 
2015,09,18,14:45,148,149,14,642,6,16,3,12,3,4,148,8,19,0.47 
2015,09,18,13:00,148,106,1,642,16,14,6,9,10,5,148,20,21,0.94 
2015,09,12,13:00,148,256,7,642,2,16,2,13,0,3,148,13,13,0.99 
