2016,06,25,20:00,30,338,1,542,16,8,11,4,5,4,338,13,19,0.84 
2016,06,25,20:00,30,338,4,542,16,9,12,3,4,6,338,14,22,0.64 
2016,06,25,16:00,339,338,2,542,7,16,7,8,0,8,338,24,14,1.42 
2016,06,25,16:00,339,338,4,542,12,16,7,8,5,8,338,27,17,1.48 
2016,06,25,14:30,342,338,4,542,11,16,8,7,3,9,338,26,16,1.50 
2016,06,25,13:15,338,117,4,542,16,6,13,2,3,4,338,22,13,1.35 
2016,06,25,12:00,341,338,1,542,6,16,2,13,4,3,338,19,12,1.30 
2016,06,09,17:10,195,233,2,499,10,16,2,13,8,3,195,23,18,1.15 
2016,06,09,17:10,233,195,0,499,16,2,14,1,2,1,195,6,16,0.40 
2016,05,15,20:00,30,338,2,575,10,16,6,9,4,7,338,20,18,1.14 
2016,05,15,20:00,338,30,14,575,16,8,13,2,3,6,338,27,13,1.68 
2016,05,15,20:00,338,30,0,575,11,16,7,8,4,8,338,22,21,1.12 
2016,03,24,23:00,260,539,7,623,16,5,10,5,6,0,539,9,17,0.57 
2016,03,24,23:00,260,539,14,623,16,5,13,2,3,3,539,6,19,0.34 
2016,03,24,19:00,539,542,6,623,19,16,11,4,4,11,539,31,22,1.29 
2016,03,24,19:00,539,542,7,623,16,7,9,6,7,1,539,22,13,1.33 
2016,03,24,15:30,539,548,14,623,16,10,8,7,8,3,539,11,14,0.77 
2016,03,24,13:00,539,567,1,623,16,11,10,5,6,6,539,22,15,1.30 
2016,02,19,21:00,184,678,7,648,16,11,8,7,8,4,678,14,20,0.71 
2016,02,19,21:00,678,184,6,648,9,16,8,7,1,9,678,13,20,0.71 
2016,02,19,18:15,678,680,7,648,16,2,13,2,3,0,678,16,12,1.47 
2016,02,19,18:15,678,680,0,648,16,3,13,2,3,1,678,17,8,1.43 
2016,02,19,12:35,678,517,0,648,16,19,5,10,10,5,678,23,25,0.96 
2016,01,29,19:00,652,339,14,656,16,10,9,6,7,4,339,21,19,1.07 
2015,12,01,21:00,820,819,0,723,16,9,13,2,3,7,820,21,14,1.32 
2015,12,01,18:30,439,820,4,723,16,8,10,5,6,3,820,12,18,0.77 
2015,12,01,18:30,820,439,7,723,12,16,7,8,5,8,820,26,21,1.17 
2015,12,01,18:30,820,439,14,723,16,10,10,5,6,5,820,20,24,0.91 
2015,11,30,20:00,537,820,7,723,6,16,2,13,4,3,820,25,11,1.65 
2015,11,30,20:00,820,537,1,723,16,14,2,13,14,1,820,21,20,0.95 
2015,11,13,21:40,83,82,0,673,18,21,10,5,5,10,83,33,27,1.24 
2015,11,06,21:30,83,80,7,673,16,12,6,9,10,3,83,26,16,1.44 
2015,11,06,20:30,83,82,1,673,16,9,12,3,4,6,83,23,17,1.33 
2015,11,06,19:15,83,81,7,673,16,5,10,5,6,0,83,23,15,1.56 
2015,10,30,20:30,82,83,6,673,16,11,7,8,9,3,83,30,19,1.51 
2015,04,02,17:00,1139,1115,5,948,13,16,10,5,3,11,1139,17,22,0.77 
2015,04,02,15:30,1139,29,1,948,7,16,3,12,4,4,1139,13,17,0.74 
