2016,07,19,18:15,264,101,14,488,7,16,3,12,4,4,264,23,19,1.41 
2016,07,07,20:15,264,289,7,488,16,5,12,3,4,2,264,12,10,0.99 
2016,06,28,19:15,264,118,0,488,2,16,2,13,0,3,264,12,17,0.67 
2016,06,06,19:00,49,264,4,496,19,16,6,9,9,6,264,24,24,1.11 
2016,06,06,19:00,264,49,1,496,8,16,7,8,1,8,264,10,17,0.63 
2016,06,05,12:00,369,264,0,546,16,8,8,7,8,1,264,8,17,0.56 
2016,06,05,12:00,264,369,4,546,11,16,10,5,1,11,264,18,19,0.95 
2016,06,04,18:45,264,388,7,546,16,13,8,7,8,6,264,16,18,0.87 
2016,05,22,17:00,425,233,14,496,5,16,2,13,3,3,425,9,17,0.57 
2016,05,22,17:00,233,425,7,496,16,3,13,2,3,1,425,11,18,0.53 
2016,03,24,19:00,297,548,6,623,16,3,12,3,4,0,548,11,17,0.63 
2016,03,24,19:00,297,548,0,623,16,1,14,1,2,0,548,5,16,0.33 
2016,03,24,17:00,548,143,6,623,16,7,10,5,6,2,548,14,14,1.05 
2016,03,24,15:30,539,548,14,623,16,10,8,7,8,3,548,12,17,0.82 
2016,03,24,13:00,548,143,1,623,16,14,8,7,8,7,548,24,16,1.18 
2016,02,06,16:40,690,264,4,661,16,5,10,5,6,0,264,11,18,0.58 
2016,02,06,16:40,264,690,6,661,13,16,3,12,10,4,264,19,20,0.92 
2016,02,06,16:40,690,264,1,661,13,16,7,8,6,8,264,16,16,0.93 
2016,02,06,14:00,544,264,6,661,16,6,13,2,3,4,264,6,15,0.51 
2016,02,06,14:00,544,264,1,661,16,2,13,2,3,0,264,7,17,0.50 
2016,02,06,14:00,264,544,14,661,16,8,12,3,4,5,264,16,17,1.04 
2015,12,17,21:00,264,690,1,661,6,16,3,12,3,4,264,12,20,0.66 
2015,12,17,21:00,264,690,14,661,16,9,8,7,8,2,264,23,15,1.42 
2015,12,02,21:00,264,383,14,661,5,16,4,11,1,5,264,11,17,0.70 
2015,12,02,21:00,383,264,4,661,16,7,9,6,7,1,264,10,19,0.53 
2015,11,25,21:00,264,839,1,661,16,13,7,8,9,5,264,28,17,1.46 
2015,11,25,21:00,264,839,14,661,16,12,8,7,8,5,264,27,19,1.40 
2015,11,18,21:00,264,500,14,661,16,8,9,6,7,2,264,13,18,0.70 
2015,11,18,21:00,500,264,1,661,16,8,10,5,6,3,264,14,18,0.84 
2015,09,06,15:00,719,264,7,766,16,4,11,4,5,0,264,9,19,0.47 
2015,09,06,12:00,384,264,1,766,16,3,12,3,4,0,264,9,17,0.66 
2015,09,06,12:00,384,264,7,766,16,12,7,8,9,4,264,21,18,1.10 
2015,09,05,19:15,52,264,7,766,13,16,10,5,3,11,264,21,18,1.15 
2015,05,02,16:00,214,995,0,930,16,1,14,1,2,0,995,3,17,0.15 
2015,05,02,16:00,995,214,6,930,3,16,3,12,0,4,995,6,17,0.38 
2015,04,04,10:00,995,29,5,948,13,16,12,3,1,13,995,22,19,1.12 
2015,04,03,22:30,995,1115,5,948,16,3,12,3,4,0,995,17,9,1.42 
2015,04,03,19:00,517,995,6,948,16,14,9,6,7,8,995,24,22,1.02 
2015,04,03,19:00,517,995,7,948,16,14,9,6,7,8,995,27,20,1.24 
2015,04,03,15:30,400,995,0,948,8,16,8,7,0,9,995,17,15,1.02 
2015,04,03,15:30,995,400,6,948,16,14,5,10,11,4,995,18,20,0.91 
2015,04,03,12:00,517,995,0,948,16,12,9,6,7,6,995,20,19,1.00 
2015,04,03,12:00,995,517,7,948,10,16,7,8,3,8,995,13,21,0.64 
2015,04,03,12:00,995,517,6,948,16,11,11,4,5,7,995,24,15,1.45 
2015,04,02,20:30,995,400,7,948,16,6,10,5,6,1,995,10,11,0.87 
2015,04,02,19:00,995,1126,6,948,16,4,12,3,4,1,995,22,6,1.88 
2015,04,02,17:00,1138,1124,5,948,9,16,8,7,1,9,1138,14,19,0.78 
2015,04,02,14:00,995,1127,1,948,16,10,12,3,4,7,995,23,13,1.41 
2015,04,02,14:00,995,1127,6,948,16,9,11,4,5,5,995,16,13,1.04 
2015,04,02,14:00,1124,1138,6,948,25,23,6,9,9,6,1138,22,31,0.79 
2015,01,14,19:00,1106,995,5,965,16,4,11,4,5,0,995,13,16,0.97 
2015,01,14,18:59,1106,995,0,965,16,10,9,6,7,4,995,15,22,0.71 
2014,12,22,18:30,1054,995,0,970,16,14,9,6,7,8,995,19,23,0.84 
2014,12,22,18:30,995,1054,5,970,11,16,8,7,3,9,995,22,19,1.18 
2014,12,20,22:45,1151,995,0,971,16,6,12,3,4,3,995,13,17,0.78 
2014,12,20,19:35,995,1151,7,971,21,18,9,6,6,9,995,28,23,1.13 
2014,12,20,19:35,995,1151,4,971,14,16,11,4,3,12,995,25,22,1.17 
2014,12,20,17:20,196,995,0,971,16,4,11,4,5,0,995,6,18,0.42 
2014,12,20,17:20,196,995,6,971,16,1,14,1,2,0,995,7,17,0.38 
2014,12,20,13:00,995,8,7,971,7,16,4,11,3,5,995,10,18,0.64 
2014,12,20,13:00,995,8,5,971,14,16,5,10,9,6,995,20,21,0.96 
2014,12,13,15:40,995,214,7,978,8,16,2,13,6,3,995,13,20,0.66 
2014,12,13,15:40,995,214,0,978,9,16,5,10,4,6,995,17,20,0.86 
2014,12,10,19:00,22,995,0,965,16,12,13,2,3,10,995,13,20,0.72 
2014,12,10,19:00,995,22,5,965,11,16,9,6,2,10,995,21,22,1.02 
2014,11,20,22:30,995,1054,6,946,16,7,14,1,2,6,995,15,9,1.09 
2014,11,20,22:30,995,1054,0,946,24,26,11,4,4,11,995,23,38,0.66 
2014,11,20,22:30,995,1054,5,946,16,5,13,2,3,3,995,26,9,2.08 
2014,11,10,22:40,995,544,7,978,16,5,10,5,6,0,995,16,12,1.15 
2014,11,10,21:50,995,1037,0,978,16,5,11,4,5,1,995,16,16,1.00 
2014,11,10,19:10,995,500,5,978,5,16,4,11,1,5,995,6,19,0.40 
2014,08,05,21:00,995,1220,6,1032,10,16,6,9,4,7,995,25,19,1.34 
2014,08,05,19:00,214,995,7,1032,16,7,12,3,4,4,995,16,19,0.85 
2014,02,02,21:00,1220,995,2,1090,16,3,12,3,4,0,995,10,17,0.65 
2014,02,02,21:00,995,1220,1,1090,16,13,8,7,8,6,995,13,18,0.76 
2014,02,02,21:00,995,1220,6,1090,10,16,6,9,4,7,995,17,19,0.92 
