2016,08,07,17:25,153,156,0,477,16,8,10,5,6,3,156,18,19,0.99 
2016,08,07,16:10,45,156,7,477,13,16,9,6,4,10,156,16,18,0.83 
2016,08,07,15:00,102,156,4,477,9,16,7,8,2,8,156,15,21,0.72 
2016,04,25,21:15,473,474,7,551,16,13,7,8,9,5,473,19,17,1.09 
2016,04,25,21:15,473,474,14,551,16,14,10,5,6,9,473,25,20,1.16 
2015,08,25,22:15,1025,458,7,845,7,16,3,12,4,4,1025,19,17,1.13 
2015,08,25,22:15,1025,458,0,845,16,4,11,4,5,0,1025,14,9,1.38 
2015,08,25,20:00,1025,995,0,845,16,14,6,9,10,5,1025,18,20,0.89 
2015,08,25,18:30,458,1025,1,845,16,4,11,4,5,0,1025,11,20,0.58 
2015,08,25,18:30,458,1025,7,845,16,6,11,4,5,2,1025,13,19,0.79 
2015,08,24,20:00,995,1025,0,845,14,16,7,8,7,8,1025,21,20,1.01 
2015,08,24,20:00,995,1025,7,845,9,16,7,8,2,8,1025,30,12,1.91 
2015,04,21,21:30,856,22,1,936,17,19,9,6,6,9,856,28,27,1.08 
2015,04,15,19:00,749,297,0,936,16,11,9,6,7,5,297,13,23,0.70 
2015,04,15,19:00,749,297,4,936,16,12,9,6,7,6,297,23,22,0.98 
2015,04,04,13:30,384,297,4,948,16,11,12,3,4,8,297,25,18,1.37 
2015,04,04,12:00,297,544,7,948,16,10,9,6,7,4,297,15,13,0.98 
2015,04,04,10:00,552,297,7,948,8,16,8,7,0,9,297,23,18,1.20 
2015,04,03,22:30,297,292,14,948,11,16,11,4,0,12,297,25,20,1.22 
2015,04,03,22:30,292,297,7,948,9,16,4,11,5,5,297,17,15,0.94 
2015,04,03,22:30,297,292,4,948,4,16,3,12,1,4,297,12,15,0.85 
2015,04,03,19:00,297,674,6,948,16,5,12,3,4,2,297,11,9,0.99 
2015,04,03,19:00,674,297,7,948,6,16,3,12,3,4,297,14,10,1.14 
2015,04,03,15:30,297,1106,5,948,9,16,8,7,1,9,297,16,20,0.84 
2015,04,03,15:30,297,1106,7,948,15,19,10,5,5,10,297,21,23,0.90 
2015,04,03,12:00,297,1115,6,948,16,9,12,3,4,6,297,25,13,1.46 
2015,04,03,12:00,1115,297,7,948,6,16,5,10,1,6,297,20,10,1.47 
2015,03,28,12:00,945,297,6,951,13,16,6,9,7,7,297,24,17,1.37 
2015,03,28,12:00,297,945,7,951,16,8,10,5,6,3,297,14,16,0.78 
2015,03,21,20:45,297,257,7,953,5,16,2,13,3,3,297,9,19,0.52 
2015,03,21,20:45,297,257,5,953,10,16,9,6,1,10,297,15,19,0.90 
2015,03,21,16:00,297,315,6,953,16,9,11,4,5,5,297,25,14,1.61 
2015,03,21,16:00,315,297,7,953,7,16,4,11,3,5,297,22,13,1.33 
2015,03,21,11:30,257,297,14,953,16,5,10,5,6,0,297,9,19,0.55 
2015,03,21,11:30,297,257,6,953,9,16,6,9,3,7,297,16,19,0.80 
2015,03,21,11:30,257,297,7,953,17,19,7,8,8,7,297,19,27,0.71 
2015,03,08,22:15,297,292,1,931,16,13,10,5,6,8,297,16,17,0.88 
2015,03,08,22:15,297,292,0,931,7,16,5,10,2,6,297,15,17,0.86 
2015,03,08,22:15,292,297,7,931,12,16,11,4,1,12,297,21,19,1.09 
2014,12,23,21:40,297,214,4,970,16,7,10,5,6,2,297,12,11,0.94 
2014,12,23,21:40,214,297,1,970,20,22,8,7,7,8,297,35,24,1.20 
2014,12,23,18:25,841,297,4,970,14,16,8,7,6,9,297,19,17,0.96 
2014,12,23,18:25,297,841,0,970,12,16,7,8,5,8,297,17,20,0.86 
2014,12,23,17:53,297,841,7,970,16,14,13,2,3,12,297,30,20,1.38 
2014,12,22,21:00,1054,297,0,970,10,16,7,8,3,8,297,15,13,1.09 
2014,12,22,21:00,1054,297,1,970,11,16,9,6,2,10,297,13,13,0.87 
2014,11,24,19:03,297,13,7,985,16,10,8,7,8,3,297,20,14,1.22 
2014,11,24,19:00,297,13,0,985,16,3,12,3,4,0,297,10,12,0.89 
2014,11,24,00:20,297,1161,1,986,16,5,11,4,5,1,297,21,10,1.65 
2014,11,24,00:20,1161,297,6,986,17,19,11,4,4,11,297,21,28,0.83 
2014,11,20,22:30,297,384,6,946,7,16,6,9,1,7,297,9,15,0.66 
2014,11,20,22:30,297,384,1,946,11,16,7,8,4,8,297,16,17,0.93 
2014,11,16,22:40,854,297,6,990,16,12,12,3,4,9,297,23,19,1.04 
2014,11,16,22:40,854,297,14,990,16,3,14,1,2,2,297,9,17,0.60 
2014,11,16,22:40,297,854,0,990,16,9,9,6,7,3,297,18,12,1.23 
2014,10,18,21:15,297,196,7,1005,10,16,5,10,5,6,297,21,19,1.10 
2014,10,05,18:20,214,1184,1,1014,16,3,12,3,4,0,1184,6,17,0.38 
2014,10,05,18:20,214,1184,8,1014,9,16,5,10,4,6,1184,21,14,1.32 
2014,10,05,18:20,1184,214,7,1014,5,16,4,11,1,5,1184,11,16,0.80 
2014,10,05,15:15,1054,1184,6,1014,16,4,12,3,4,1,1184,3,18,0.21 
2014,10,05,15:15,1184,1054,1,1014,8,16,4,10,4,6,1184,10,18,0.58 
2014,10,04,15:30,841,1184,0,1014,8,16,2,13,6,3,1184,23,9,1.50 
2014,08,11,22:25,1219,210,0,1044,9,16,7,8,2,8,1219,18,19,0.91 
2014,08,10,21:19,1219,944,0,1044,15,15,11,4,4,11,1219,23,20,1.14 
2014,08,10,18:20,1218,1219,1,1044,12,16,9,6,3,10,1219,23,19,1.22 
2014,08,02,23:45,711,1219,0,1046,16,11,9,6,7,5,1219,16,19,0.79 
2014,08,02,21:45,599,1219,6,1046,6,16,6,9,0,7,1219,22,10,1.54 
2014,08,02,18:45,214,1219,0,1046,12,16,3,12,9,4,1219,13,20,0.68 
2014,08,02,17:20,22,1219,1,1046,16,7,12,3,4,4,1219,12,18,0.79 
2014,08,02,14:00,1219,8,7,1046,12,16,8,7,4,9,1219,13,23,0.62 
2014,07,31,20:15,1219,210,7,1048,11,16,8,7,3,9,1219,19,18,1.03 
2014,07,31,19:00,712,1219,1,1048,7,16,4,11,3,5,1219,14,12,1.02 
2014,07,27,19:45,1219,215,1,1050,6,16,5,10,1,6,1219,9,18,0.60 
2014,07,27,19:45,1219,215,6,1050,13,16,4,11,9,5,1219,21,21,1.07 
2014,07,27,19:45,1219,215,2,1050,16,7,8,7,8,0,1219,21,13,1.34 
2014,07,27,13:00,712,1219,0,1050,9,16,5,10,4,6,1219,24,12,1.48 
2014,07,27,13:00,712,1219,6,1050,16,6,12,3,4,3,1219,16,17,0.90 
2014,07,27,13:00,1219,712,1,1050,16,7,9,6,7,1,1219,14,14,1.05 
2014,07,26,21:10,1219,1149,0,1050,5,16,5,10,0,6,1219,13,14,0.98 
2014,07,26,21:10,1149,1219,2,1050,16,21,8,7,7,8,1219,27,27,0.99 
2014,07,26,21:10,1219,1149,5,1050,9,16,8,7,1,9,1219,13,22,0.69 
2014,07,26,13:00,841,1219,1,1050,13,16,7,8,6,8,1219,23,20,1.08 
2014,07,26,13:00,841,1219,0,1050,16,7,9,6,7,1,1219,12,18,0.66 
2014,07,26,13:00,841,1219,2,1050,7,16,7,8,0,8,1219,21,14,1.26 
2014,07,21,22:00,52,1219,0,1044,11,16,8,7,3,9,1219,15,18,0.82 
2014,07,21,21:00,301,1219,1,1044,15,15,4,11,11,4,1219,12,25,0.51 
2014,07,21,21:00,743,1219,0,1044,13,16,6,9,7,7,1219,17,23,0.72 
2014,07,21,19:00,1219,844,1,1044,16,7,9,6,7,1,1219,20,13,1.36 
2014,07,16,20:15,1219,53,1,1054,6,16,3,12,3,4,1219,15,15,0.93 
2014,07,16,20:15,53,1219,6,1054,16,6,10,5,6,1,1219,8,20,0.40 
2014,07,16,20:15,1219,53,0,1054,16,12,6,9,10,3,1219,21,16,1.20 
2014,07,09,22:30,314,1219,2,1044,6,16,6,9,0,7,1219,16,11,1.15 
2014,07,09,21:15,1219,8,2,1044,16,13,7,8,9,5,1219,13,18,0.72 
2014,07,06,22:15,711,1219,0,1044,9,16,7,8,2,8,1219,17,12,1.27 
2014,06,26,21:00,841,302,2,1044,9,16,6,9,3,7,302,22,18,1.18 
2014,06,16,12:00,302,59,5,1061,11,16,6,9,5,7,302,13,21,0.67 
2014,06,16,12:00,59,302,6,1061,16,8,14,1,2,7,302,16,18,0.91 
2014,06,15,13:30,250,302,2,1062,16,5,11,4,5,1,302,11,19,0.63 
2014,06,15,13:30,302,250,1,1062,7,16,2,13,5,3,302,15,20,0.80 
2014,06,15,13:30,250,302,6,1062,8,16,5,10,3,6,302,20,17,1.18 
2014,06,15,10:00,1239,302,2,1062,8,16,8,7,0,9,302,16,15,1.01 
2014,06,15,10:00,1239,302,0,1062,12,16,8,7,4,9,302,21,18,1.06 
2014,06,14,22:45,302,210,6,1061,16,10,12,3,4,7,302,14,19,0.80 
2014,06,14,21:35,8,302,2,1061,16,12,13,2,3,10,302,14,23,0.65 
2014,06,14,20:30,210,302,6,1061,9,16,9,6,0,10,302,12,17,0.75 
2014,05,30,21:00,302,314,6,1065,11,16,6,9,5,7,302,19,18,0.95 
2014,05,30,19:00,132,302,1,1065,23,26,8,7,7,8,302,36,39,0.92 
2014,05,20,22:30,1242,1258,2,1063,16,6,13,2,3,4,1258,9,19,0.51 
2014,05,20,22:30,1258,1242,5,1063,12,16,8,7,4,9,1258,16,20,0.88 
2014,05,20,19:00,711,1258,1,1063,16,13,6,9,10,4,1258,18,18,0.93 
2014,05,20,19:00,711,1258,6,1063,12,16,8,7,4,9,1258,18,21,0.82 
2014,05,20,19:00,711,1258,0,1063,16,14,5,10,11,4,1258,17,20,0.86 
2014,04,18,21:00,1045,945,0,1076,22,19,5,10,10,5,945,24,34,0.71 
2014,04,18,21:00,1045,945,1,1076,16,4,11,4,5,0,945,11,17,0.64 
2014,04,18,17:00,945,698,1,1076,16,5,10,5,6,0,945,18,6,1.55 
2014,04,18,17:00,945,698,0,1076,16,5,11,4,5,1,945,16,9,1.24 
2014,02,27,23:00,945,214,5,1085,5,16,5,10,0,6,945,6,17,0.42 
2014,02,27,23:00,214,945,2,1085,16,10,8,7,8,3,945,16,19,0.80 
2014,02,27,19:00,945,844,5,1085,16,14,6,9,10,5,945,19,26,0.72 
2014,02,27,19:00,844,945,6,1085,9,16,8,7,1,9,945,15,16,0.91 
2014,02,27,19:00,945,844,1,1085,9,16,8,7,1,9,945,6,20,0.39 
2014,02,26,22:00,945,215,2,1085,23,26,6,9,9,6,945,27,43,0.62 
2014,02,26,22:00,945,215,6,1085,16,5,14,1,2,4,945,19,12,1.30 
2014,02,26,22:00,215,945,1,1085,16,11,7,8,9,3,945,14,25,0.54 
2014,02,25,19:00,1274,945,1,1085,7,16,4,11,3,5,945,17,14,1.19 
2014,02,25,19:00,945,1274,6,1085,16,12,8,7,8,5,945,22,20,1.10 
