2016,08,15,04:30,38,39,5,474,16,4,12,3,4,1,39,4,17,0.32 
2016,08,15,04:30,39,38,6,474,19,17,6,9,9,6,39,29,27,1.12 
2016,08,15,04:30,38,39,14,474,16,3,12,3,4,0,39,12,19,0.65 
2016,08,11,03:00,79,115,0,481,16,7,11,4,5,3,115,8,20,0.42 
2016,08,11,03:00,79,115,2,481,16,5,14,1,2,4,115,10,18,0.57 
2016,08,10,02:15,129,115,0,474,15,19,6,9,9,6,115,20,28,0.87 
2016,08,10,02:15,129,115,14,474,7,16,1,14,6,2,115,17,16,1.14 
2016,08,08,04:40,115,96,0,474,16,13,10,5,6,8,115,18,19,0.90 
2016,08,08,04:40,96,115,1,474,15,19,7,8,8,7,115,28,21,1.22 
2016,07,16,17:20,280,281,7,521,14,16,8,7,6,9,281,17,19,0.87 
2016,07,16,17:20,280,281,14,521,16,7,11,4,5,3,281,13,19,0.69 
2016,07,16,17:20,281,280,0,521,16,13,13,2,3,11,281,22,20,1.13 
2016,07,16,14:45,278,281,1,521,16,6,11,4,5,2,281,6,19,0.42 
2016,07,16,14:45,278,281,7,521,16,6,13,2,3,4,281,13,18,0.72 
2016,07,15,17:55,281,288,14,521,16,11,7,8,9,3,281,19,19,0.92 
2016,07,15,17:55,281,288,7,521,16,8,8,7,8,1,281,30,12,1.94 
2016,06,29,17:15,287,30,6,499,7,16,5,10,2,6,287,15,15,0.88 
2016,06,29,17:15,30,287,2,499,3,16,3,12,0,4,287,12,8,1.03 
2016,06,29,17:15,287,30,1,499,1,16,1,14,0,2,287,7,14,0.49 
2016,06,28,20:00,117,287,2,488,19,17,8,7,7,8,287,24,30,0.76 
2016,06,26,11:20,336,337,7,541,16,4,11,4,5,0,336,16,10,1.22 
2016,06,26,11:20,336,337,1,541,16,9,11,4,5,5,336,23,17,1.24 
2016,06,26,11:20,337,336,14,541,16,14,8,7,8,7,336,14,21,0.67 
2016,06,25,12:00,245,336,1,541,16,2,13,2,3,0,336,11,14,0.85 
2016,06,25,12:00,245,336,14,541,12,16,9,6,3,10,336,22,16,1.15 
2016,06,25,12:00,245,336,7,541,16,10,8,7,8,3,336,15,22,0.70 
2016,06,14,17:10,216,287,7,499,11,16,10,5,1,11,287,15,19,0.79 
2016,06,14,17:10,216,287,14,499,9,16,4,11,5,5,287,23,16,1.25 
2016,06,14,17:10,287,216,0,499,9,16,7,8,2,8,287,10,19,0.55 
2016,06,13,17:15,287,196,4,499,5,16,4,11,1,5,287,8,18,0.52 
2016,06,13,17:15,196,287,7,499,19,17,5,10,10,5,287,20,26,0.79 
2016,06,13,17:15,287,196,14,499,16,9,10,5,6,4,287,33,15,2.03 
2016,06,05,20:30,360,287,1,496,16,10,11,4,5,6,287,12,16,0.81 
2016,06,05,20:30,360,287,2,496,16,9,8,7,8,2,287,9,20,0.53 
2016,05,31,17:15,392,287,7,499,16,7,9,6,7,1,287,19,19,1.06 
2016,05,31,17:15,287,392,0,499,8,16,3,12,5,4,287,14,20,0.70 
2016,05,26,20:15,216,29,7,498,2,16,2,13,0,3,216,12,16,0.87 
2016,05,26,20:15,216,29,14,498,8,16,5,10,3,6,216,11,20,0.57 
2016,05,23,20:10,384,287,14,499,16,12,6,9,10,3,287,15,20,0.83 
2016,05,23,20:10,287,384,1,499,4,16,3,12,1,4,287,10,18,0.64 
2016,05,21,18:00,216,428,7,568,16,5,11,4,5,1,216,31,12,2.30 
2016,05,21,18:00,216,428,0,568,16,9,13,2,3,7,216,15,16,0.89 
2016,05,21,18:00,428,216,1,568,16,12,9,6,7,6,216,10,21,0.52 
2016,05,21,10:45,245,216,1,568,16,14,9,6,7,8,216,18,22,0.82 
2016,05,21,10:45,245,216,0,568,16,14,5,10,11,4,216,24,18,1.09 
2016,05,11,17:20,430,287,0,499,16,4,11,4,5,0,287,6,18,0.42 
2016,05,11,17:20,287,430,1,499,11,16,7,8,4,8,287,17,20,0.84 
2016,05,11,17:20,287,430,14,499,22,20,7,8,8,7,287,33,28,1.09 
2016,05,04,20:20,287,147,7,499,19,15,9,6,6,9,287,36,22,1.56 
2016,05,04,20:20,147,287,14,499,13,16,10,5,3,11,287,17,21,0.83 
2015,10,08,20:00,281,944,7,789,16,3,12,3,4,0,944,8,18,0.46 
2015,10,08,20:00,281,944,2,789,16,7,9,6,7,1,944,15,17,0.98 
2015,10,07,18:30,676,944,0,789,12,16,10,5,2,11,944,17,19,0.91 
2015,10,07,18:30,676,944,7,789,5,16,5,10,0,6,944,16,12,1.15 
2015,10,04,14:45,944,52,2,794,5,16,4,11,1,5,944,10,18,0.62 
2015,10,04,14:45,52,944,0,794,16,2,14,1,2,1,944,7,17,0.37 
2015,10,03,15:00,951,944,7,794,7,16,2,13,5,3,944,16,12,1.17 
2015,10,03,15:00,944,951,6,794,16,8,11,4,5,4,944,12,15,0.80 
2015,09,13,12:00,944,380,7,766,8,16,7,8,1,8,944,15,20,0.78 
2015,09,13,12:00,380,944,4,766,16,3,12,3,4,0,944,9,16,0.56 
2015,09,12,19:45,944,383,7,766,16,0,15,0,1,0,944,20,5,1.90 
2015,09,05,19:50,944,776,7,766,6,16,5,10,1,6,944,13,21,0.56 
2015,08,28,16:30,33,1022,0,799,16,4,11,4,5,0,1022,8,18,0.44 
2015,08,28,16:30,1022,33,1,799,10,16,4,11,6,5,1022,21,18,1.08 
2015,08,20,21:45,944,314,1,847,6,16,2,13,4,3,944,6,17,0.49 
2015,08,20,21:45,314,944,6,847,16,13,10,5,6,8,944,10,21,0.53 
2015,08,20,20:30,944,841,14,847,19,16,10,5,5,10,944,22,23,0.95 
2015,08,20,18:00,314,944,0,847,19,17,11,4,4,11,944,22,27,0.81 
2015,08,20,18:00,314,944,4,847,16,6,9,6,7,0,944,6,21,0.29 
2015,08,19,20:00,944,1029,6,847,16,12,9,6,7,6,944,17,18,0.88 
2015,08,19,20:00,1029,944,7,847,5,16,3,12,2,4,944,13,10,1.08 
2015,08,17,20:00,22,944,0,815,16,12,13,2,3,10,944,14,20,0.71 
2015,08,17,20:00,944,22,7,815,4,16,4,11,0,5,944,12,18,0.67 
2015,08,17,19:00,517,944,7,815,13,16,9,6,4,10,944,17,21,0.83 
2015,08,12,18:00,196,944,0,862,16,5,13,2,3,3,944,9,18,0.53 
2015,08,12,18:00,196,944,6,862,16,6,10,5,6,1,944,6,21,0.26 
2015,08,11,21:45,278,944,7,862,12,16,3,12,9,4,944,19,18,0.98 
2015,08,11,21:45,944,278,1,862,16,4,11,4,5,0,944,10,8,1.08 
2015,08,11,18:00,1037,944,0,862,12,16,8,7,4,9,944,19,21,0.92 
2015,08,11,18:00,944,1037,1,862,16,14,9,6,7,8,944,21,20,1.05 
2015,08,11,18:00,1037,944,7,862,16,11,10,5,6,6,944,9,24,0.39 
2015,08,10,17:15,25,1022,6,799,7,16,6,9,1,7,1022,19,12,1.28 
2015,08,10,17:15,1022,25,7,799,16,12,9,6,7,6,1022,19,16,1.14 
2015,07,25,18:15,944,383,0,872,8,16,8,7,0,9,944,16,20,0.84 
2015,07,25,17:15,490,944,7,872,8,16,6,9,2,7,944,18,16,0.97 
2015,07,25,13:30,944,22,1,872,9,16,9,6,0,10,944,13,19,0.70 
2014,09,28,18:00,1201,500,6,1023,12,16,9,6,3,10,1201,21,22,0.95 
2014,08,28,21:00,1022,953,0,1035,10,16,5,10,5,6,1022,20,17,1.13 
2014,08,28,21:00,953,1022,6,1035,16,0,15,0,1,0,1022,4,16,0.21 
2014,08,17,17:00,1022,1036,6,1035,16,2,13,2,3,0,1022,24,6,2.04 
2014,08,17,17:00,1022,1036,1,1035,16,1,14,1,2,0,1022,23,4,2.13 
2014,07,19,11:30,59,1201,1,1052,16,6,11,4,5,2,1201,9,17,0.53 
2014,07,19,11:30,59,1201,0,1052,13,16,11,4,2,12,1201,20,18,1.07 
2014,07,19,11:30,1201,59,6,1052,14,16,8,7,6,9,1201,27,22,1.20 
2014,07,18,16:15,1227,1201,1,1052,16,19,5,10,10,5,1201,23,23,0.92 
2014,07,18,14:00,1229,1201,6,1052,7,16,3,12,4,4,1201,21,15,1.27 
2014,07,18,11:30,1227,1201,6,1052,19,17,10,5,5,10,1201,22,25,0.84 
2013,09,08,19:00,1022,0,9,1124,7,16,3,12,4,4,1022,21,17,1.13 
2013,09,08,19:00,1022,0,10,1124,13,16,7,8,6,8,1022,27,16,1.43 
