2014,05,14,21:25,599,1001,5,1063,14,16,9,6,5,10,599,18,22,0.89 
2014,05,14,21:25,599,1001,0,1063,13,16,7,8,6,8,599,19,24,0.85 
2014,05,13,21:09,214,599,1,1063,16,6,9,6,7,0,599,14,19,0.77 
2014,05,13,21:00,214,599,6,1063,16,10,9,6,7,4,599,15,21,0.77 
2014,04,18,17:00,599,22,5,1076,13,16,13,2,0,14,599,17,21,0.79 
2014,04,18,17:00,22,599,0,1076,16,4,13,2,3,2,599,6,19,0.29 
2013,10,26,16:00,1312,210,6,1112,12,16,9,6,3,10,1312,15,19,0.96 
2013,10,26,14:00,1312,384,8,1112,9,16,5,10,4,6,1312,9,22,0.42 
2013,10,09,22:40,1312,49,9,1116,16,5,11,4,5,1,1312,21,8,1.59 
2013,10,09,20:05,215,1312,9,1116,16,11,7,8,9,3,1312,11,20,0.59 
2013,10,09,19:00,1312,1347,13,1116,16,12,9,6,7,6,1312,22,21,1.05 
2013,10,03,21:00,1312,250,12,1117,7,16,5,10,2,6,1312,19,17,1.16 
2013,10,03,21:00,250,1312,9,1117,14,16,5,10,9,6,1312,14,22,0.72 
2013,10,03,21:00,250,1312,13,1117,16,14,10,5,6,9,1312,17,24,0.77 
2013,10,02,20:00,1106,1312,9,1120,13,16,6,9,7,7,1312,20,18,1.05 
2013,09,30,20:00,1312,698,12,1117,19,22,8,7,7,8,1312,21,31,0.68 
2013,09,30,20:00,1312,698,9,1117,13,16,3,12,10,4,1312,21,24,0.93 
2013,09,26,22:00,1312,287,13,1120,12,16,6,9,6,7,1312,14,21,0.68 
2013,09,24,20:00,1312,841,10,1125,1,16,1,14,0,2,1312,6,17,0.36 
2013,09,23,22:00,1312,287,10,1117,16,10,10,5,6,5,1312,19,16,1.06 
2013,09,23,22:00,1312,287,13,1117,17,19,7,8,8,7,1312,18,28,0.68 
2013,09,23,22:00,1312,287,9,1117,16,11,9,6,7,5,1312,17,15,1.02 
2013,09,23,20:15,1317,1312,10,1120,16,12,10,5,6,7,1312,12,22,0.60 
2013,09,20,21:15,1312,1323,13,1120,12,16,7,8,5,8,1312,16,20,0.75 
2013,09,20,20:30,1312,844,10,1120,16,9,11,4,5,5,1312,23,15,1.54 
2013,09,19,22:00,749,1312,9,1120,10,16,5,10,5,6,1312,17,18,0.95 
2013,09,14,20:55,1312,1311,13,1126,10,16,9,6,1,10,1312,19,18,1.04 
2013,09,14,20:55,1312,1311,10,1126,7,16,3,12,4,4,1312,16,18,0.81 
2013,09,14,14:00,1312,159,10,1126,16,12,8,7,8,5,1312,28,20,1.32 
2013,09,14,11:30,1312,384,10,1126,17,19,4,11,11,4,1312,15,24,0.67 
2013,09,14,09:00,159,1312,10,1126,10,16,6,9,4,7,1312,20,13,1.25 
2013,09,11,20:00,1317,1312,10,1125,16,10,8,7,8,3,1312,15,20,0.87 
2013,09,10,21:00,384,1312,9,1125,9,16,7,8,2,8,1312,11,15,0.74 
2013,09,10,20:00,1312,1348,13,1125,16,7,10,5,6,2,1312,21,13,1.40 
2013,09,09,20:00,1312,841,10,1120,4,16,4,11,0,5,1312,21,15,1.39 
2013,09,09,18:00,1312,1280,10,1120,16,9,9,6,7,3,1312,20,16,1.24 
2013,09,08,22:00,1311,1312,9,1120,16,5,11,4,5,1,1312,3,19,0.22 
2013,09,03,21:00,250,1312,9,1125,16,8,10,5,6,3,1312,15,18,0.96 
2013,09,03,20:00,1364,1312,10,1125,12,16,4,11,8,5,1312,22,18,1.16 
2013,09,02,20:00,49,1312,9,1120,16,11,12,3,4,8,1312,12,22,0.57 
2013,09,02,19:00,250,1312,9,1120,16,13,6,9,10,4,1312,14,23,0.69 
2013,09,02,18:00,698,1312,10,1120,16,12,5,10,11,2,1312,11,22,0.57 
2013,08,28,21:00,1312,384,13,1117,16,5,11,4,5,1,1312,14,11,1.00 
2013,08,28,19:00,1312,841,10,1117,16,13,9,6,7,7,1312,13,20,0.69 
2013,08,26,21:20,1312,250,13,1117,11,16,10,5,1,11,1312,11,20,0.64 
2013,08,26,20:00,1045,1312,10,1117,11,16,6,9,5,7,1312,18,14,1.12 
2013,08,26,19:00,1311,1312,9,1117,14,16,6,9,8,7,1312,18,21,0.88 
2013,08,25,19:00,1312,210,10,1120,11,16,8,7,3,9,1312,13,21,0.65 
2013,08,24,20:30,1312,1368,13,1128,16,9,7,8,9,1,1312,23,14,1.31 
2013,08,24,20:30,1368,1312,10,1128,13,16,8,7,5,9,1312,17,21,0.73 
2013,08,23,00:15,275,1312,13,1129,13,16,6,9,7,7,1312,24,21,1.08 
2013,08,23,00:15,1312,275,10,1129,16,4,13,2,3,2,1312,6,7,0.78 
2013,08,08,22:40,1312,1317,10,1134,11,16,3,12,8,4,1312,14,21,0.87 
2013,08,08,22:40,1312,1317,9,1134,7,16,6,9,1,7,1312,16,18,0.88 
2013,08,08,18:40,1312,158,12,1134,16,11,8,7,8,4,1312,23,16,1.32 
2013,06,15,22:30,517,250,9,1139,20,22,9,6,6,9,517,27,31,0.88 
2013,06,15,22:30,517,158,10,1139,16,8,10,5,6,3,517,14,12,1.09 
2013,06,15,19:20,1370,517,9,1139,16,13,5,10,11,3,517,17,23,0.76 
2013,06,12,21:00,250,517,10,1141,13,16,9,6,4,10,517,27,19,1.30 
2013,06,12,20:00,517,210,10,1141,8,16,5,10,3,6,517,15,19,0.93 
2013,06,12,19:00,1383,517,13,1141,16,14,9,6,7,8,517,19,21,0.89 
2013,06,04,20:00,1312,1395,9,1143,16,12,7,8,9,4,1395,21,19,1.05 
2013,05,28,20:00,1317,1395,9,1143,16,9,10,5,6,4,1395,12,22,0.68 
2013,05,21,21:00,215,1395,9,1143,16,5,11,4,5,1,1395,5,19,0.30 
2013,05,21,20:00,8,1395,9,1143,5,16,4,11,1,5,1395,21,13,1.35 
2013,05,14,21:30,384,1395,11,1143,16,3,12,3,4,0,1395,7,18,0.41 
2013,05,14,20:00,1395,275,10,1143,16,6,9,6,7,0,1395,17,15,1.12 
2013,04,21,15:30,1370,1395,13,1146,26,23,8,7,7,8,1395,29,37,0.78 
2013,04,21,15:30,1395,1370,9,1146,16,6,9,6,7,0,1395,14,13,1.00 
2013,04,21,15:30,1395,1370,11,1146,8,16,6,9,2,7,1395,19,18,1.13 
2013,04,20,17:00,1395,1403,9,1146,9,16,5,10,4,6,1395,17,20,0.85 
2013,04,20,17:00,1395,1403,11,1146,8,16,5,10,3,6,1395,21,19,1.12 
2013,04,20,14:30,1395,1151,10,1146,16,5,11,4,5,1,1395,8,13,0.66 
2013,04,20,14:30,1395,1151,11,1146,16,5,11,4,5,1,1395,21,11,1.42 
2013,04,14,11:00,1395,210,12,1151,10,16,6,9,4,7,1395,9,20,0.50 
2013,04,14,11:00,1395,210,9,1151,16,5,12,3,4,2,1395,23,10,1.65 
2013,04,14,11:00,210,1395,10,1151,21,18,5,10,10,5,1395,23,31,0.75 
2013,04,13,11:00,1395,1312,11,1151,16,5,11,4,5,1,1395,25,11,1.91 
2013,04,13,11:00,1395,1312,9,1151,16,4,11,4,5,0,1395,15,13,1.14 
2013,03,20,21:00,287,1395,11,1154,3,16,3,12,0,4,1395,18,14,1.31 
2013,03,20,20:00,301,1395,11,1154,14,16,4,11,10,5,1395,16,22,0.68 
2013,03,20,19:00,841,1395,10,1154,15,15,8,7,7,8,1395,24,22,1.14 
2013,03,17,19:00,1433,1430,11,1163,8,16,7,8,1,8,1433,21,18,1.13 
2013,03,17,19:00,1430,1433,10,1163,25,23,8,7,7,8,1433,32,36,0.93 
2013,03,13,21:00,210,1395,10,1164,16,9,13,2,3,7,1395,10,22,0.48 
2013,03,13,20:00,1312,1395,9,1164,6,16,3,12,3,4,1395,24,7,1.84 
2013,03,13,19:00,706,1395,9,1164,6,16,2,13,4,3,1395,14,14,0.99 
