2016,03,14,01:00,116,312,7,598,4,16,4,11,0,5,116,12,18,0.64 
2016,03,14,00:00,116,312,4,598,10,16,5,10,5,6,116,8,24,0.36 
2016,03,13,04:00,257,116,7,598,16,2,13,2,3,0,116,4,17,0.23 
2016,03,13,03:15,116,257,4,598,15,19,5,10,10,5,116,25,24,1.02 
2016,03,11,06:00,366,116,1,598,16,13,6,9,10,4,116,18,22,0.76 
2016,03,11,05:00,366,116,7,598,16,13,14,1,2,12,116,16,21,0.77 
2016,03,04,03:00,116,303,1,590,4,16,3,12,1,4,116,6,16,0.47 
2016,03,04,03:00,303,116,7,590,16,4,11,4,5,0,116,8,17,0.51 
2016,02,22,05:00,436,116,4,590,10,16,8,7,2,9,116,17,15,1.03 
2016,02,22,05:00,436,116,7,590,7,16,3,12,4,4,116,10,9,0.96 
2016,02,22,05:00,116,436,0,590,16,19,8,7,7,8,116,27,21,1.10 
2016,02,18,05:30,682,116,7,598,16,13,7,8,9,5,116,10,21,0.53 
2016,02,18,04:00,682,116,2,598,12,16,6,9,6,7,116,19,19,0.97 
2016,02,17,03:00,116,70,2,598,9,16,5,10,4,6,116,7,18,0.56 
2016,02,17,02:00,70,116,6,598,16,2,14,1,2,1,116,9,18,0.48 
2016,02,14,01:15,116,424,6,653,13,16,4,11,9,5,116,22,17,1.21 
2016,02,11,03:00,303,116,1,598,16,14,6,9,10,5,116,18,21,0.90 
2016,02,11,02:00,116,303,7,598,16,8,8,7,8,1,116,14,17,0.82 
2013,09,20,05:00,1307,789,10,1123,16,11,9,6,7,5,789,17,24,0.77 
2013,09,20,05:00,789,1307,9,1123,11,16,4,11,7,5,789,24,18,1.23 
2013,09,20,05:00,789,1307,11,1123,16,12,6,9,10,3,789,11,21,0.53 
2013,09,12,04:45,1361,1362,11,1123,15,15,8,7,7,8,1361,19,23,0.82 
2013,09,12,03:30,1361,116,10,1123,8,16,3,12,5,4,1361,16,18,0.86 
2013,09,12,02:00,1361,1363,11,1123,16,13,12,3,4,10,1361,13,22,0.65 
2013,08,17,20:00,1363,1361,9,1131,16,6,10,5,6,1,1361,16,17,1.00 
2013,08,17,20:00,1363,1361,13,1131,16,8,8,7,8,1,1361,16,20,0.86 
2013,08,17,01:30,1361,116,10,1131,7,16,4,11,3,5,1361,13,21,0.64 
2013,08,17,01:30,116,1361,11,1131,16,11,7,8,9,3,1361,13,23,0.63 
