2016,04,22,11:00,483,256,7,602,14,16,10,5,4,11,483,30,21,1.35 
2016,04,22,11:00,256,483,1,602,16,9,8,7,8,2,483,7,19,0.48 
2016,04,20,17:10,191,483,4,602,14,16,11,4,3,12,483,29,22,1.28 
2016,04,20,14:30,483,150,7,602,10,16,8,7,2,9,483,13,21,0.69 
2016,04,20,12:00,367,483,1,602,12,16,4,11,8,5,483,21,17,1.11 
2016,04,17,13:00,429,483,1,607,16,1,14,1,2,0,483,7,17,0.45 
2016,04,17,13:00,483,429,7,607,9,16,5,10,4,6,483,10,21,0.53 
2016,04,17,13:00,483,429,6,607,16,8,10,5,6,3,483,20,15,1.27 
2016,04,15,13:00,483,256,6,607,16,8,11,4,5,4,483,14,17,0.92 
2016,04,15,13:00,483,256,0,607,8,16,5,10,3,6,483,19,20,1.01 
2016,04,15,13:00,256,483,7,607,3,16,3,12,0,4,483,19,11,1.36 
2016,03,13,10:00,429,483,6,633,16,9,11,4,5,5,483,11,18,0.71 
2016,03,13,10:00,429,483,4,633,7,16,6,9,1,7,483,21,13,1.29 
2016,03,13,10:00,483,429,7,633,6,16,4,11,2,5,483,8,21,0.37 
2016,03,13,06:40,483,193,2,633,16,3,12,3,4,0,483,14,7,1.25 
2016,03,13,06:40,483,193,1,633,16,8,11,4,5,4,483,16,13,1.03 
2015,12,19,13:00,483,65,7,691,16,6,11,4,5,2,483,12,14,0.96 
2015,12,19,13:00,483,65,2,691,19,17,5,10,10,5,483,27,25,1.12 
2015,12,16,13:00,483,751,1,691,13,16,9,6,4,10,483,16,21,0.77 
2015,12,16,13:00,751,483,7,691,16,7,10,5,6,2,483,13,21,0.69 
2015,12,16,13:00,751,483,0,691,11,16,9,6,2,10,483,17,18,0.93 
2015,12,13,17:00,34,483,14,706,16,11,9,6,7,5,483,17,21,0.84 
2015,12,13,17:00,34,483,1,706,16,8,8,7,8,1,483,13,19,0.72 
2015,12,13,15:00,256,483,14,706,6,16,4,11,2,5,483,18,16,1.06 
2015,12,13,15:00,483,256,7,706,16,6,10,5,6,1,483,20,9,1.37 
2015,12,11,13:40,483,778,0,707,16,1,14,1,2,0,483,18,8,1.59 
2015,12,11,13:40,483,778,1,707,16,5,13,2,3,3,483,15,10,1.19 
2015,12,09,13:00,483,150,1,691,16,14,7,8,9,6,483,22,17,1.08 
2015,12,07,14:15,483,166,7,691,16,8,9,6,7,2,483,16,16,0.90 
2015,12,03,13:40,483,34,7,707,12,16,8,7,4,9,483,15,23,0.74 
2015,12,03,13:40,483,34,0,707,11,16,5,10,6,6,483,17,18,0.97 
2015,11,28,12:00,697,483,0,707,13,16,9,6,4,10,483,12,20,0.64 
2015,11,28,12:00,483,697,2,707,16,8,11,4,5,4,483,11,12,0.84 
2015,11,27,12:00,483,150,1,707,16,9,11,4,5,5,483,13,14,0.89 
2015,11,27,12:00,483,150,7,707,16,5,13,2,3,3,483,12,9,1.03 
2015,11,14,13:00,864,865,14,570,14,16,5,10,9,6,864,21,21,1.02 
2015,11,14,13:00,865,864,1,570,5,16,5,10,0,6,864,24,13,1.57 
2015,11,14,13:00,864,865,7,570,13,16,6,9,7,7,864,16,22,0.78 
2015,11,04,15:55,483,149,14,642,6,16,3,12,3,4,483,13,18,0.69 
2015,10,17,18:00,483,34,7,642,11,16,6,9,5,7,483,12,21,0.62 
2015,10,17,15:00,483,927,0,642,16,4,12,3,4,1,483,12,11,0.93 
2015,09,18,15:30,483,977,1,642,8,16,6,9,2,7,483,13,19,0.79 
2013,11,23,05:00,1317,483,1,1106,16,3,15,0,1,3,483,9,18,0.65 
2013,11,23,04:00,483,209,6,1106,10,16,9,6,1,10,483,11,20,0.61 
