2016,08,15,19:00,22,23,4,471,16,6,13,2,3,4,22,15,8,1.27 
2016,08,15,19:00,22,23,2,471,10,16,9,6,1,10,22,17,18,0.91 
2016,08,15,19:00,22,23,0,471,16,11,5,10,11,1,22,16,17,0.95 
2016,07,07,11:00,253,22,7,523,16,14,9,6,7,8,22,19,20,0.88 
2016,07,07,11:00,22,253,0,523,10,16,2,13,8,3,22,15,22,0.67 
2016,07,07,11:00,253,22,14,523,16,19,10,5,5,10,22,27,25,1.04 
2016,07,06,12:15,291,22,14,523,1,16,1,14,0,2,22,32,7,3.01 
2016,07,05,11:00,22,253,4,523,12,16,7,8,5,8,22,11,20,0.58 
2016,06,16,23:30,285,22,0,502,16,14,7,8,9,6,22,19,21,0.89 
2016,06,16,23:30,285,22,4,502,14,16,11,4,3,12,22,21,21,0.95 
2016,06,16,23:30,22,285,7,502,10,16,3,12,7,4,22,18,19,0.98 
2016,06,15,23:50,22,270,1,502,16,11,13,2,3,9,22,23,17,1.34 
2016,06,15,22:30,270,22,0,502,12,16,7,8,5,8,22,12,21,0.58 
2016,06,15,21:30,22,210,1,502,6,16,5,10,1,6,22,15,17,1.12 
2016,06,15,20:20,210,22,14,502,16,9,11,4,5,5,22,15,21,0.77 
2016,06,14,21:20,285,22,0,502,16,6,9,6,7,0,22,15,21,0.76 
2016,06,14,20:00,285,22,14,502,16,5,10,5,6,0,22,13,19,0.73 
2016,06,12,21:00,34,22,14,552,3,16,3,12,0,4,22,26,8,2.07 
2016,06,12,14:10,22,286,1,552,16,12,6,9,10,3,22,20,19,1.07 
2016,06,11,15:20,22,59,5,552,10,16,4,11,6,5,22,13,18,0.76 
2016,06,10,17:00,364,22,5,552,13,16,11,4,2,12,22,23,21,1.13 
2016,06,09,21:00,285,22,0,552,16,8,10,5,6,3,22,11,17,0.67 
2016,05,23,18:00,292,22,7,563,16,8,12,3,4,5,22,8,21,0.43 
2016,05,23,18:00,292,22,4,563,16,10,7,8,9,2,22,7,18,0.48 
2016,05,22,19:30,22,214,2,563,8,16,6,9,2,7,22,11,20,0.78 
2016,05,22,19:30,214,22,0,563,3,16,3,12,0,4,22,15,10,1.20 
2016,05,22,19:30,22,214,1,563,3,16,3,12,0,4,22,10,15,0.67 
2016,05,19,18:00,258,22,14,563,16,4,11,4,5,0,22,13,17,0.78 
2016,05,19,18:00,22,258,0,563,13,16,6,9,7,7,22,22,17,1.11 
2016,05,19,18:00,22,258,1,563,16,7,8,7,8,0,22,19,15,1.23 
2016,05,18,18:00,22,253,7,563,13,16,3,12,10,4,22,16,21,0.83 
2016,05,18,18:00,253,22,4,563,16,6,10,5,6,1,22,13,19,0.74 
2016,05,16,19:30,59,22,4,573,7,16,4,11,3,5,22,18,11,1.26 
2016,05,16,19:30,22,59,0,573,16,8,9,6,7,2,22,12,10,1.04 
2016,05,16,19:30,22,59,1,573,13,16,9,6,4,10,22,17,24,0.81 
2016,05,16,12:00,22,297,14,573,16,11,5,10,11,1,22,27,15,1.67 
2016,05,16,12:00,297,22,7,573,16,10,8,7,8,3,22,8,18,0.60 
2016,05,16,12:00,22,297,0,573,16,11,8,7,8,4,22,20,19,1.10 
2016,05,15,15:00,22,132,14,573,16,8,8,7,8,1,22,16,14,1.11 
2016,05,15,15:00,132,22,2,573,11,16,9,6,2,10,22,16,19,0.87 
2016,05,14,13:30,22,297,14,573,16,13,6,9,10,4,22,15,23,0.64 
2016,05,14,12:00,52,22,4,573,11,16,4,11,7,5,22,19,16,0.98 
2016,05,09,18:00,22,250,4,563,6,16,3,12,3,4,22,16,19,0.82 
2016,05,09,18:00,22,250,1,563,8,16,7,8,1,8,22,12,19,0.59 
2016,05,08,21:00,210,22,2,563,16,7,10,5,6,2,22,13,19,0.77 
2016,05,08,21:00,22,210,14,563,11,16,4,11,7,5,22,16,19,0.87 
2016,05,08,21:00,210,22,0,563,3,16,3,12,0,4,22,22,6,1.71 
2016,05,05,18:00,285,22,7,563,16,9,10,5,6,4,22,20,18,1.18 
2016,05,05,18:00,285,22,2,563,10,16,2,13,8,3,22,24,19,1.24 
2016,05,05,18:00,285,22,14,563,16,7,9,6,7,1,22,19,16,1.22 
2016,04,29,20:15,22,302,4,590,11,16,4,11,7,5,22,11,21,0.54 
2016,04,29,20:15,302,22,14,590,16,3,12,3,4,0,22,9,17,0.57 
2016,04,29,13:45,22,424,7,590,14,16,10,5,4,11,22,19,24,0.77 
2016,04,29,13:45,424,22,14,590,12,16,8,7,4,9,22,23,18,1.25 
2016,04,29,13:45,424,22,0,590,16,12,9,6,7,6,22,15,21,0.71 
2016,04,28,17:15,69,22,0,590,5,16,2,13,3,3,22,18,10,1.36 
2016,04,28,17:15,22,69,6,590,16,6,9,6,7,0,22,22,13,1.43 
2016,04,26,21:15,22,302,7,598,16,2,13,2,3,0,22,25,6,2.61 
2016,04,26,19:00,22,302,4,598,25,23,7,8,8,7,22,36,35,1.11 
2016,04,24,17:50,22,132,7,573,16,9,8,7,8,2,22,15,15,0.85 
2016,04,24,17:50,132,22,0,573,11,16,10,5,1,11,22,22,18,1.17 
2016,04,24,15:00,22,55,0,573,16,5,14,1,2,4,22,12,11,0.95 
2016,04,24,15:00,22,55,7,573,16,5,12,3,4,2,22,16,11,1.16 
2016,04,21,22:00,285,22,6,598,16,7,11,4,5,3,22,8,19,0.56 
2016,04,21,21:00,285,22,0,598,9,16,3,12,6,4,22,21,13,1.23 
2016,04,21,18:00,29,22,14,593,16,13,8,7,8,6,22,17,23,0.78 
2016,04,21,18:00,22,29,6,593,14,16,9,6,5,10,22,17,20,0.96 
2016,04,20,21:10,13,22,14,598,7,16,6,9,1,7,22,22,10,1.59 
2016,04,20,20:15,22,13,4,598,3,16,3,12,0,4,22,16,14,1.10 
2016,04,16,14:00,258,22,0,608,16,8,14,1,2,7,22,16,19,1.07 
2016,04,16,14:00,22,258,6,608,12,16,10,5,2,11,22,18,23,0.83 
2016,04,13,20:00,22,253,7,608,16,9,9,6,7,3,22,16,15,1.14 
2016,04,12,18:30,250,22,4,608,2,16,2,13,0,3,22,13,10,1.13 
2016,04,10,20:00,22,13,6,590,16,8,9,6,7,2,22,27,17,1.56 
2016,04,10,20:00,22,13,4,590,13,16,8,7,5,9,22,25,20,1.33 
2016,04,10,20:00,13,22,0,590,8,16,5,10,3,6,22,21,13,1.42 
2016,04,10,16:00,22,8,0,563,16,14,7,8,9,6,22,21,20,0.99 
2016,04,10,16:00,8,22,7,563,16,4,11,4,5,0,22,7,17,0.47 
2016,04,10,16:00,8,22,14,563,13,16,10,5,3,11,22,18,18,0.91 
2016,04,07,23:30,22,258,6,598,16,7,12,3,4,4,22,13,17,0.86 
2016,04,07,22:25,258,22,0,598,14,16,6,9,8,7,22,24,21,1.15 
2016,04,06,22:40,59,22,6,590,9,16,8,7,1,9,22,12,16,0.72 
2016,04,06,22:40,22,59,7,590,19,17,4,11,11,4,22,27,23,1.16 
2016,04,06,19:15,22,379,4,593,16,4,12,3,4,1,22,30,13,2.06 
2016,04,06,19:15,379,22,0,593,15,19,10,5,5,10,22,13,23,0.62 
2016,03,25,19:00,472,22,4,619,16,14,5,10,11,4,22,21,23,0.91 
2016,03,25,19:00,472,22,0,619,8,16,4,11,4,5,22,30,10,2.00 
2016,03,25,19:00,22,472,7,619,6,16,5,10,1,6,22,14,17,0.82 
2016,03,25,13:30,184,22,0,619,14,16,5,10,9,6,22,17,21,0.81 
2016,03,25,12:00,529,22,4,619,7,16,2,13,5,3,22,16,16,0.98 
2016,03,22,23:45,214,22,6,598,10,16,5,10,5,6,22,19,12,1.18 
2016,03,22,22:30,214,22,14,598,16,19,4,11,11,4,22,26,21,1.11 
2016,03,21,00:15,22,253,0,598,5,16,5,10,0,6,22,13,17,0.78 
2016,03,20,23:30,22,253,6,598,11,16,6,9,5,7,22,20,21,0.91 
2016,03,20,19:30,101,22,14,625,8,16,6,9,2,7,22,17,17,1.00 
2016,03,20,19:30,22,101,0,625,16,10,8,7,8,3,22,24,18,1.31 
2016,03,20,19:30,101,22,2,625,16,3,14,1,2,2,22,5,18,0.26 
2016,03,20,15:45,22,59,0,625,16,4,11,4,5,0,22,22,10,1.62 
2016,03,20,15:45,59,22,4,625,5,16,4,11,1,5,22,19,11,1.31 
2016,03,20,15:45,59,22,14,625,16,7,9,6,7,1,22,13,21,0.67 
2016,03,20,13:00,591,22,6,625,3,16,3,12,0,4,22,16,5,1.58 
2016,03,20,13:00,22,591,0,625,19,15,5,10,10,5,22,23,22,1.09 
2016,03,19,22:00,210,22,4,598,16,5,10,5,6,0,22,14,17,0.91 
2016,03,19,21:15,22,210,2,598,6,16,5,10,1,6,22,14,19,0.72 
2016,03,16,22:15,22,147,4,590,16,11,7,8,9,3,22,18,18,0.94 
2016,03,16,22:15,147,22,2,590,10,16,6,9,4,7,22,23,14,1.41 
2016,03,16,21:00,292,22,4,598,10,16,6,9,4,7,22,22,15,1.32 
2016,03,16,20:00,22,292,6,598,6,16,3,12,3,4,22,15,19,0.76 
2016,03,15,21:00,22,215,4,598,3,16,2,13,1,3,22,6,18,0.31 
2016,03,15,20:00,22,215,0,598,14,16,8,7,6,9,22,22,24,1.03 
2016,03,13,15:40,22,439,14,625,3,16,3,12,0,4,22,15,16,0.91 
2016,03,13,15:40,22,439,7,625,13,16,7,8,6,8,22,21,21,0.99 
2016,03,13,13:00,22,604,14,625,16,4,12,3,4,1,22,19,11,1.36 
2016,03,10,20:15,22,599,14,590,16,12,8,7,8,5,22,15,16,0.86 
2016,03,10,20:15,22,599,2,590,16,4,14,1,2,3,22,18,8,1.50 
2016,03,09,21:15,632,22,4,593,11,16,9,6,2,10,22,12,16,0.85 
2016,03,09,19:25,147,22,0,593,6,16,4,11,2,5,22,20,10,1.34 
2016,02,27,21:40,257,22,7,639,16,13,11,4,5,9,22,16,22,0.74 
2016,02,27,04:20,286,22,6,639,16,9,9,6,7,3,22,15,18,0.99 
2016,02,21,12:20,253,22,4,649,16,12,6,9,10,3,22,21,22,1.05 
2016,02,21,10:30,22,253,0,649,11,16,8,7,3,9,22,15,21,0.84 
2016,02,20,18:00,22,642,14,649,16,5,12,3,4,2,22,19,9,1.53 
2016,02,20,14:55,210,22,14,649,19,17,8,7,7,8,22,19,26,0.78 
2016,02,19,19:05,22,642,0,649,16,7,9,6,7,1,22,21,13,1.45 
2016,02,19,17:15,22,281,14,649,16,14,9,6,7,8,22,18,18,0.92 
2016,02,17,22:00,250,22,0,598,16,8,8,7,8,1,22,15,21,0.84 
2016,02,17,21:00,22,250,2,598,8,16,6,9,2,7,22,13,17,0.81 
2016,02,15,22:00,8,22,4,598,14,16,7,8,7,8,22,14,19,0.77 
2016,02,15,21:00,22,8,0,598,16,5,11,4,5,1,22,13,12,0.95 
2016,02,07,16:00,22,258,6,657,13,16,7,8,6,8,22,21,19,1.03 
2016,02,07,15:54,22,258,0,657,7,16,6,9,1,7,22,17,18,0.97 
2016,02,07,15:54,22,258,14,657,4,16,4,11,0,5,22,13,18,0.91 
2016,02,06,21:15,22,291,4,657,16,10,9,6,7,4,22,17,13,1.04 
2016,02,06,22:15,22,291,14,657,16,14,8,7,8,7,22,29,21,1.34 
2016,02,04,16:30,22,258,6,657,16,5,11,4,5,1,22,18,10,1.50 
2016,02,04,16:30,22,258,14,657,16,9,7,8,9,1,22,11,11,0.85 
2016,02,04,14:00,22,13,14,657,16,12,13,2,3,10,22,15,17,0.93 
2016,02,04,14:00,22,13,6,657,16,13,13,2,3,11,22,18,21,0.82 
2016,01,31,18:00,214,22,14,657,3,16,3,12,0,4,22,22,11,1.59 
2016,01,31,18:00,214,22,7,657,9,16,6,9,3,7,22,18,17,1.07 
2016,01,23,20:40,215,22,2,667,16,9,12,3,4,6,22,3,23,0.19 
2016,01,23,20:40,215,22,14,667,16,13,6,9,10,4,22,15,22,0.69 
2016,01,23,15:00,22,214,0,667,16,13,6,9,10,4,22,22,20,1.09 
2016,01,23,15:00,214,22,14,667,4,16,3,12,1,4,22,14,10,1.14 
2016,01,22,22:00,22,8,14,667,22,20,7,8,8,7,22,23,28,0.85 
2016,01,22,22:00,22,8,0,667,16,7,8,7,8,0,22,19,13,1.30 
2016,01,22,22:00,22,8,7,667,11,16,8,7,3,9,22,21,20,1.29 
2016,01,22,14:30,22,253,4,667,9,16,4,11,5,5,22,18,17,1.12 
2016,01,19,17:00,439,22,14,669,9,16,5,10,4,6,22,29,15,1.69 
2016,01,19,17:00,439,22,0,669,5,16,5,10,0,6,22,27,7,2.14 
2016,01,11,16:00,22,258,6,676,6,16,4,11,2,5,22,12,18,0.71 
2016,01,11,16:00,22,258,2,676,11,16,3,12,8,4,22,24,21,1.20 
2016,01,10,18:15,59,22,4,679,14,16,9,6,5,10,22,22,19,1.05 
2016,01,10,18:15,59,22,14,679,10,16,9,6,1,10,22,13,17,0.79 
2016,01,10,13:45,22,712,4,679,16,12,12,3,4,9,22,29,18,1.36 
2016,01,10,13:45,22,712,2,679,16,5,11,4,5,1,22,18,9,1.32 
2016,01,10,12:00,22,630,14,679,16,6,9,6,7,0,22,15,10,1.12 
2016,01,10,12:00,22,630,7,679,16,3,12,3,4,0,22,19,10,1.62 
2016,01,08,18:00,22,320,4,657,22,20,8,7,7,8,22,27,30,0.89 
2016,01,08,18:00,320,22,0,657,4,16,4,11,0,5,22,23,9,1.64 
2016,01,07,18:30,22,258,0,657,10,16,4,11,6,5,22,20,21,1.02 
2016,01,07,18:30,258,22,2,657,16,13,7,8,9,5,22,21,24,0.95 
2015,12,18,19:00,22,439,4,695,6,16,5,10,1,6,22,13,19,0.68 
2015,12,18,19:00,439,22,2,695,16,12,8,7,8,5,22,23,18,1.25 
2015,12,18,19:00,22,439,7,695,16,9,8,7,8,2,22,14,18,0.79 
2015,12,17,18:00,292,22,7,695,7,16,7,8,0,8,22,19,12,1.26 
2015,12,17,18:00,292,22,4,695,9,16,5,10,4,6,22,18,17,1.00 
2015,12,15,18:00,22,302,14,695,16,14,6,9,10,5,22,19,21,0.87 
2015,12,15,18:00,22,302,2,695,26,23,10,5,5,10,22,37,29,1.15 
2015,12,14,19:10,22,59,14,593,16,5,13,2,3,3,22,15,12,1.11 
2015,12,14,19:10,59,22,6,593,11,16,10,5,1,11,22,20,16,1.21 
2015,12,14,19:10,22,59,4,593,16,21,11,4,4,11,22,29,26,1.07 
2015,12,14,19:10,59,22,7,593,16,14,7,8,9,6,22,21,19,0.96 
2015,12,14,19:10,22,59,0,593,16,13,8,7,8,6,22,24,18,1.26 
2015,12,08,21:00,59,22,0,676,4,16,2,13,2,3,22,18,10,1.39 
2015,12,08,21:00,59,22,4,676,9,16,8,7,1,9,22,24,18,1.24 
2015,12,07,21:00,22,258,0,696,7,16,4,11,3,5,22,8,20,0.42 
2015,12,07,21:00,22,258,2,696,16,9,10,5,6,4,22,20,13,1.20 
2015,12,07,21:00,22,258,14,696,14,16,6,9,8,7,22,20,24,0.86 
2015,12,01,18:00,215,22,0,593,10,16,6,9,4,7,22,18,15,1.04 
2015,12,01,18:00,22,215,2,593,16,9,12,3,4,6,22,16,16,0.94 
2015,12,01,18:00,215,22,14,593,21,19,10,5,5,10,22,28,29,0.98 
2015,11,30,21:00,270,22,0,696,16,12,7,8,9,4,22,22,23,0.91 
2015,11,30,21:00,22,270,4,696,19,16,5,10,10,5,22,23,27,0.93 
2015,11,30,21:00,270,22,6,696,16,6,10,5,6,1,22,10,17,0.67 
2015,11,30,18:00,292,22,7,696,16,12,6,9,10,3,22,34,18,1.74 
2015,11,30,18:00,292,22,6,696,16,14,8,7,8,7,22,27,21,1.21 
2015,11,24,21:00,22,210,2,696,8,16,4,11,4,5,22,20,19,1.08 
2015,11,24,21:00,22,210,14,696,19,17,11,4,4,11,22,22,28,0.79 
2015,11,24,21:00,22,210,7,696,10,16,9,6,1,10,22,18,22,0.88 
2015,11,17,21:00,196,22,1,740,10,16,5,10,5,6,22,10,18,0.64 
2015,11,12,22:00,210,22,6,740,16,4,11,4,5,0,22,5,18,0.29 
2015,11,12,21:00,8,22,7,740,4,16,1,14,3,2,22,17,10,1.35 
2015,11,10,22:10,776,315,0,755,16,11,8,7,8,4,776,21,12,1.25 
2015,11,10,22:10,315,776,2,755,7,16,2,13,5,3,776,20,10,1.36 
2015,11,04,21:00,292,647,7,721,16,7,9,6,7,1,292,17,14,1.09 
2015,11,04,21:00,292,647,6,721,12,16,4,11,8,5,292,21,20,1.07 
2015,11,04,21:00,647,292,1,721,12,16,10,5,2,11,292,23,15,1.25 
2015,10,20,22:30,723,776,0,779,20,26,13,2,2,13,776,54,29,1.67 
2015,10,18,21:00,292,584,6,696,16,3,12,3,4,0,292,17,11,1.27 
2015,10,18,21:00,292,584,2,696,16,9,10,5,6,4,292,23,13,1.42 
2015,09,28,21:45,939,937,1,799,14,16,6,9,8,7,939,21,23,0.97 
2015,09,26,15:45,13,384,4,766,16,13,10,5,6,8,384,17,22,0.77 
2015,09,26,15:45,13,384,0,766,16,10,11,4,5,6,384,22,21,1.31 
2015,09,23,22:22,384,439,1,766,16,1,14,1,2,0,384,21,8,2.01 
2015,09,23,22:22,384,439,0,766,16,14,7,8,9,6,384,27,21,1.21 
2015,09,23,22:15,384,439,7,766,14,16,9,6,5,10,384,18,21,1.02 
2015,09,23,12:30,13,384,0,766,16,12,4,11,12,1,384,24,22,1.04 
2015,09,23,12:30,384,13,2,766,2,14,1,14,1,0,384,6,16,0.37 
2015,09,20,17:00,384,258,14,808,9,16,2,13,7,3,384,15,17,0.88 
2015,09,20,17:00,384,258,0,808,8,16,3,12,5,4,384,13,18,0.80 
2015,09,20,01:55,292,384,0,808,11,16,8,7,3,9,384,17,20,0.82 
2015,09,20,00:00,302,384,14,808,13,16,6,9,7,7,384,15,18,0.82 
2015,09,19,20:00,384,270,4,808,5,16,4,11,1,5,384,18,16,1.16 
2015,09,17,20:45,939,139,0,799,16,6,10,5,6,1,939,23,14,1.46 
2015,09,17,19:40,939,942,7,799,16,12,8,7,8,5,939,28,16,1.45 
2015,09,16,20:00,384,945,7,783,14,16,5,10,9,6,384,16,22,0.72 
2015,09,16,20:00,945,384,0,783,11,16,8,7,3,9,384,25,19,1.27 
2015,09,06,19:20,384,287,0,766,16,5,13,2,3,3,384,29,12,1.97 
2015,09,06,19:20,287,384,14,766,22,26,10,5,5,10,384,34,30,1.01 
2015,09,06,15:15,196,384,4,766,12,16,3,12,9,4,384,26,20,1.28 
2015,09,06,15:15,384,196,7,766,11,16,8,7,3,9,384,10,17,0.65 
2015,09,06,15:15,384,196,0,766,21,19,6,9,9,6,384,35,26,1.35 
2015,09,06,12:00,384,264,1,766,16,3,12,3,4,0,384,23,6,2.21 
2015,09,06,12:00,384,264,7,766,16,12,7,8,9,4,384,23,16,1.22 
2015,08,30,19:00,22,384,4,783,16,7,13,2,3,5,384,14,20,0.74 
2015,08,30,19:00,384,22,0,783,15,19,13,2,2,13,384,24,24,1.03 
2015,08,27,22:15,384,980,0,783,16,7,13,2,3,5,384,30,11,1.84 
2015,08,27,22:15,980,384,7,783,16,19,7,8,8,7,384,25,22,1.07 
2015,08,24,17:30,1026,458,1,845,6,16,3,12,3,4,1026,17,17,1.07 
2015,08,19,19:00,384,472,4,848,16,8,9,6,7,2,384,22,14,1.35 
2015,08,19,19:00,472,384,6,848,16,5,10,5,6,0,384,12,18,0.68 
2015,08,19,19:00,472,384,0,848,16,4,14,1,2,3,384,14,17,1.00 
2015,08,19,19:00,472,384,1,848,5,16,4,11,1,5,384,20,14,1.21 
2015,08,19,19:00,384,472,7,848,16,13,7,8,9,5,384,28,21,1.23 
2015,08,17,21:00,647,384,4,848,13,16,8,7,5,9,384,30,17,1.56 
2015,08,17,21:00,384,647,6,848,16,12,11,4,5,8,384,15,18,0.82 
2015,06,28,16:30,1050,1045,0,881,16,10,9,6,7,4,1045,17,22,0.81 
2015,06,28,16:30,1050,1045,6,881,16,11,8,7,8,4,1045,18,19,0.91 
2015,06,28,16:30,1045,1050,7,881,16,13,9,6,7,7,1045,18,19,1.00 
2015,06,25,18:00,1054,1045,1,654,16,8,10,5,6,3,1045,6,18,0.49 
2015,06,25,18:00,1054,1045,0,654,3,16,3,12,0,4,1045,19,5,1.80 
2015,06,25,18:00,1054,1045,7,654,16,9,11,4,5,5,1045,12,20,0.66 
2015,06,23,20:00,250,1045,1,883,16,10,8,7,8,3,1045,24,20,1.14 
2015,06,23,20:00,1045,250,6,883,7,16,6,9,1,7,1045,12,17,0.77 
2015,06,18,19:00,302,1045,2,654,19,21,7,8,8,7,1045,18,31,0.59 
2015,06,18,19:00,1045,302,1,654,16,7,10,5,6,2,1045,22,11,1.67 
2015,06,17,22:30,711,1045,1,883,16,12,10,5,6,7,1045,24,21,1.11 
2015,06,17,22:30,1045,711,4,883,11,16,8,7,3,9,1045,17,20,0.77 
2015,06,13,20:30,1045,13,7,893,5,16,5,10,0,6,1045,11,19,0.57 
2015,06,13,17:15,1045,210,7,893,13,16,5,10,8,6,1045,21,21,1.03 
2015,06,03,19:00,1045,1054,0,894,11,16,6,9,5,7,1045,20,19,0.97 
2015,06,03,19:00,1045,1054,1,894,16,4,13,2,3,2,1045,21,11,1.45 
2015,06,03,19:00,1054,1045,7,894,19,17,8,7,7,8,1045,24,28,0.88 
2015,06,01,23:00,196,1045,7,883,16,13,12,3,4,10,1045,24,21,1.08 
2015,06,01,23:00,1045,196,4,883,19,17,7,8,8,7,1045,30,21,1.21 
2015,05,31,15:00,59,1045,6,910,7,16,6,9,1,7,1045,24,9,1.72 
2015,05,31,15:00,59,1045,0,910,12,16,9,6,3,10,1045,22,19,1.06 
2015,05,31,15:00,59,1045,1,910,21,17,10,5,5,10,1045,31,29,1.10 
2015,05,31,15:00,1045,59,7,910,16,12,5,10,11,2,1045,25,19,1.15 
2015,05,31,15:00,1045,59,4,910,13,16,9,6,4,10,1045,26,20,1.27 
2015,05,31,11:00,1070,1045,1,910,6,16,5,10,1,6,1045,15,13,1.06 
2015,05,31,11:00,1070,1045,7,910,5,16,5,10,0,6,1045,19,15,1.15 
2015,05,31,11:00,1045,1070,0,910,12,16,9,6,3,10,1045,17,21,0.86 
2015,05,28,22:00,676,1045,0,894,16,10,11,4,5,6,1045,17,21,0.88 
2015,05,28,22:00,676,1045,7,894,13,16,7,8,6,8,1045,23,19,1.16 
2015,05,28,22:00,676,1045,4,894,16,7,13,2,3,5,1045,12,18,0.76 
2015,05,28,18:15,1045,13,0,908,11,16,9,6,2,10,1045,12,23,0.58 
2015,05,28,18:15,13,1045,7,908,16,8,8,7,8,1,1045,9,19,0.53 
2015,05,27,21:45,1045,1052,6,654,16,9,8,7,8,2,1045,15,9,1.12 
2015,05,27,21:45,1052,1045,1,654,9,16,7,8,2,8,1045,19,13,1.24 
2015,05,27,21:45,1052,1045,7,654,16,8,10,5,6,3,1045,17,17,1.02 
2015,05,25,22:00,840,1045,0,909,16,1,14,1,2,0,1045,9,16,0.66 
2015,05,24,20:15,1045,647,1,841,16,12,8,7,8,5,1045,14,17,0.78 
2015,05,24,19:00,1062,1045,0,841,16,10,12,3,4,7,1045,17,23,0.80 
2015,05,22,19:00,270,1045,7,909,16,14,8,7,8,7,1045,20,21,0.96 
2015,05,22,19:00,270,1045,0,909,16,5,12,3,4,2,1045,13,16,0.88 
2015,05,21,21:30,1045,383,7,654,16,2,13,2,3,0,1045,20,8,1.74 
2015,05,21,21:30,383,1045,4,654,8,16,7,8,1,8,1045,16,16,0.94 
2015,05,21,20:15,1045,29,7,841,16,3,12,3,4,0,1045,25,12,1.89 
2015,05,18,22:15,214,1045,7,883,16,10,11,4,5,6,1045,21,20,1.06 
2015,05,18,22:15,1045,214,0,883,16,8,10,5,6,3,1045,22,12,1.32 
2015,05,18,20:00,292,1045,4,883,13,16,6,9,7,7,1045,21,19,0.95 
2015,05,18,20:00,1045,292,0,883,5,16,2,13,3,3,1045,12,19,0.64 
2015,05,12,19:00,1045,1054,6,918,7,16,6,9,1,7,1045,11,16,0.72 
2015,05,12,19:00,1054,1045,0,918,16,8,13,2,3,6,1045,15,22,0.76 
2015,05,11,22:15,8,1045,4,883,5,16,4,11,1,5,1045,17,11,1.31 
2015,05,11,22:15,1045,8,0,883,8,16,7,8,1,8,1045,20,17,1.30 
2015,05,11,20:00,1045,215,1,883,3,16,3,12,0,4,1045,10,16,0.69 
2015,05,11,20:00,215,1045,4,883,16,3,12,3,4,0,1045,15,16,0.90 
2015,05,07,17:00,1045,59,0,654,11,16,9,6,2,10,1045,23,23,1.07 
2015,05,07,17:00,59,1045,6,654,16,5,10,5,6,0,1045,8,19,0.56 
2015,05,05,21:00,258,1045,7,909,6,16,5,10,1,6,1045,15,16,0.84 
2015,05,05,21:00,258,1045,6,909,16,8,11,4,5,4,1045,22,19,1.15 
2015,05,05,21:00,1045,258,4,909,16,8,8,7,8,1,1045,25,11,1.60 
2015,05,05,19:00,1045,945,6,883,16,14,9,6,7,8,1045,17,20,0.78 
2015,05,05,19:00,945,1045,0,883,3,16,3,12,0,4,1045,19,9,1.59 
2015,05,04,20:10,59,1045,7,883,16,11,8,7,8,4,1045,14,23,0.61 
2015,05,04,20:10,1045,59,0,883,19,17,11,4,4,11,1045,35,23,1.38 
2015,04,30,21:00,1045,13,7,909,16,0,15,0,1,0,1045,10,9,0.99 
2015,04,30,21:00,1045,13,14,909,11,16,4,11,7,5,1045,28,16,1.46 
2015,04,30,21:00,13,1045,6,909,13,16,7,8,6,8,1045,21,18,1.03 
2015,04,28,22:15,1045,676,4,883,16,7,9,6,7,1,1045,22,11,1.48 
2015,04,28,22:15,676,1045,0,883,22,20,11,4,4,11,1045,26,29,0.91 
2015,04,23,21:00,8,1045,4,935,12,16,10,5,2,11,1045,18,21,0.87 
2015,04,23,20:00,8,1045,0,935,16,14,7,8,9,6,1045,23,21,1.19 
2015,04,16,20:00,215,1045,0,935,16,12,5,10,11,2,1045,20,18,1.03 
2015,04,16,19:20,1045,258,4,935,10,16,8,7,2,9,1045,13,19,0.70 
2015,04,14,20:00,1045,711,7,935,13,16,8,7,5,9,1045,21,21,1.21 
2015,04,07,20:00,1045,250,0,935,12,16,8,7,4,9,1045,19,21,0.81 
2015,04,04,16:45,1045,13,0,948,3,16,3,12,0,4,1045,7,18,0.38 
2015,04,04,13:30,1045,270,4,948,14,16,5,10,9,6,1045,11,22,0.56 
2015,04,04,13:30,270,1045,6,948,16,1,14,1,2,0,1045,8,16,0.58 
2015,04,04,10:00,384,1045,0,948,9,16,6,9,3,7,1045,17,12,1.18 
2015,04,04,10:00,384,1045,4,948,5,16,4,11,1,5,1045,12,10,1.02 
2015,04,03,22:30,1045,1051,1,948,16,9,7,8,9,1,1045,16,13,1.00 
2015,04,03,22:30,1051,1045,7,948,16,10,6,9,10,1,1045,13,17,0.77 
2015,04,03,22:30,1045,1051,0,948,16,12,8,7,8,5,1045,20,20,0.97 
2015,04,03,15:30,1112,1045,1,948,9,16,6,9,3,7,1045,12,16,0.79 
2015,04,03,15:30,1045,1112,0,948,16,0,15,0,1,0,1045,14,9,1.23 
2015,04,03,12:00,1045,552,7,948,16,6,10,5,6,1,1045,17,11,1.32 
2015,04,03,12:00,1045,552,0,948,16,6,11,4,5,2,1045,21,10,1.48 
2015,03,31,22:15,1045,270,1,935,11,16,4,11,7,5,1045,11,21,0.54 
2015,03,31,19:00,1045,210,7,935,11,16,4,11,7,5,1045,18,22,0.92 
2015,03,12,16:50,196,1045,1,954,16,12,8,7,8,5,1045,18,21,0.93 
2015,03,12,14:50,258,1045,7,954,16,8,9,6,7,2,1045,10,19,0.57 
2015,03,12,14:46,1045,196,1,954,16,3,13,2,3,1,1045,18,9,1.37 
2015,02,26,22:20,250,1045,7,935,16,12,6,9,10,3,1045,13,17,0.77 
2015,02,26,20:10,1045,711,7,935,5,16,4,11,1,5,1045,15,18,0.85 
2015,02,22,21:20,210,1045,7,935,16,4,12,3,4,1,1045,11,17,0.76 
2015,02,22,19:00,258,1045,1,935,16,7,9,6,7,1,1045,11,16,0.67 
2015,02,19,22:00,1045,270,0,935,21,18,8,7,7,8,1045,20,27,0.81 
2015,02,18,22:00,215,1045,0,935,16,11,7,8,9,3,1045,14,19,0.76 
2015,02,14,19:40,1045,13,6,959,16,11,8,7,8,4,1045,17,15,1.06 
2015,02,14,16:30,384,1045,6,959,8,16,5,10,3,6,1045,20,11,1.38 
2015,02,10,19:00,210,1045,1,960,16,11,7,8,9,3,1045,25,20,1.24 
2015,02,07,19:00,258,1045,6,961,16,3,12,3,4,0,1045,13,18,0.77 
2015,02,07,16:00,210,1045,7,961,16,12,8,7,8,5,1045,17,20,0.93 
2015,02,07,15:00,711,1045,1,961,16,7,9,6,7,1,1045,12,16,0.76 
2015,02,07,13:00,1045,8,7,961,16,11,8,7,8,4,1045,28,15,1.51 
2015,02,07,12:00,1045,250,1,961,5,16,4,11,1,5,1045,13,16,0.93 
2014,12,09,18:00,1159,196,1,979,14,16,7,8,7,8,1159,17,24,0.81 
2014,12,09,18:00,196,1159,0,979,16,13,10,5,6,8,1159,19,18,0.93 
2014,12,08,21:30,1159,854,6,979,16,2,13,2,3,0,1159,22,7,1.94 
2014,12,08,21:30,854,1159,14,979,16,6,12,3,4,3,1159,25,18,1.55 
2014,12,08,21:30,854,1159,0,979,17,19,9,6,6,9,1159,33,28,1.24 
2014,12,08,18:00,1159,1106,1,979,16,14,9,6,7,8,1159,17,20,0.86 
2014,12,08,18:00,1106,1159,0,979,6,16,6,9,0,7,1159,20,12,1.32 
2014,12,08,18:00,1159,1106,4,979,13,16,9,6,4,10,1159,26,17,1.33 
2014,11,22,17:00,13,776,6,988,16,13,13,2,3,11,776,24,18,1.28 
2014,11,22,17:00,776,13,7,988,13,16,6,9,7,7,776,22,22,1.05 
2014,11,14,18:00,214,776,0,991,16,11,12,3,4,8,776,16,19,0.91 
2014,11,14,18:00,776,214,4,991,8,16,5,10,3,6,776,17,18,0.94 
2014,11,13,18:00,8,776,4,991,14,16,7,8,7,8,776,21,20,1.01 
2014,10,30,17:00,143,776,7,998,7,16,4,11,3,5,776,14,15,0.92 
2014,10,30,15:13,215,776,1,998,16,14,10,5,6,9,776,18,21,0.82 
2014,10,30,15:00,776,795,0,998,16,5,12,3,4,2,776,17,14,1.11 
2014,10,30,12:00,776,287,6,998,8,16,6,9,2,7,776,15,18,0.90 
2014,10,30,11:15,210,776,6,998,16,5,14,1,2,4,776,16,18,0.90 
2014,10,21,20:30,776,49,14,1002,12,16,6,9,6,7,776,14,19,0.72 
2014,10,21,20:30,776,49,0,1002,16,14,11,4,5,10,776,25,20,1.16 
2014,10,21,20:30,49,776,1,1002,16,12,4,11,12,1,776,23,21,1.01 
2014,10,05,16:00,776,1126,5,1016,16,12,11,4,5,8,776,19,19,0.99 
2014,10,05,16:00,776,1126,0,1016,16,11,13,2,3,9,776,16,20,0.81 
2014,10,01,20:00,139,939,1,993,14,16,8,7,6,9,939,25,23,1.04 
2014,09,22,19:30,776,944,0,997,19,16,9,6,6,9,776,30,21,1.29 
2014,09,22,19:30,944,776,1,997,16,8,10,5,6,3,776,17,18,0.94 
2014,09,22,19:25,776,944,7,997,13,16,7,8,6,8,776,11,18,0.65 
2014,09,21,19:00,776,22,7,997,8,16,5,10,3,6,776,10,19,0.59 
2014,09,21,19:00,776,22,6,997,13,16,5,10,8,6,776,26,19,1.27 
2014,09,21,19:00,22,776,1,997,14,16,9,6,5,10,776,27,19,1.36 
2014,09,18,21:30,776,1047,1,997,16,2,14,1,2,1,776,22,8,1.80 
2014,09,18,21:30,1047,776,0,997,5,16,2,13,3,3,776,22,12,1.61 
2014,08,28,19:00,776,214,7,1036,12,16,8,7,4,9,776,24,15,1.26 
2014,08,28,19:00,214,776,0,1036,16,7,10,5,6,2,776,10,17,0.60 
2014,08,27,19:30,776,944,0,1036,16,2,13,2,3,0,776,10,5,1.12 
2014,08,27,19:30,944,776,1,1036,13,16,4,11,9,5,776,21,19,0.92 
2014,08,22,21:30,776,944,0,1036,13,16,7,8,6,8,776,17,22,0.85 
2014,08,22,21:30,944,776,6,1036,16,5,13,2,3,3,776,9,17,0.57 
2014,08,21,20:50,776,214,0,1042,10,16,7,8,3,8,776,20,18,1.05 
2014,08,21,20:50,776,214,4,1042,14,16,4,11,10,5,776,21,19,1.00 
2014,08,21,20:50,214,776,1,1042,12,16,6,9,6,7,776,12,13,0.82 
2014,08,14,13:00,384,776,7,1043,16,5,11,4,5,1,776,13,17,0.87 
2014,08,14,11:45,301,776,5,1043,16,2,13,2,3,0,776,7,18,0.32 
2014,08,03,12:55,776,8,5,1046,3,16,2,13,1,3,776,13,16,0.79 
2014,08,03,12:55,8,776,7,1046,16,4,14,1,2,3,776,6,17,0.43 
2014,08,03,12:55,776,8,6,1046,16,14,11,4,5,10,776,20,19,1.03 
2014,08,03,10:00,52,776,6,1046,12,16,9,6,3,10,776,19,18,1.04 
2014,08,02,22:45,250,776,1,1046,16,11,5,10,11,1,776,24,19,1.21 
2014,08,02,20:50,776,210,7,1046,6,16,6,9,0,7,776,12,20,0.61 
2014,08,02,15:20,776,1152,6,1046,16,11,6,9,10,2,776,17,18,0.88 
2014,08,02,12:30,776,315,6,1046,16,6,12,3,4,3,776,20,7,1.61 
2014,07,26,18:00,215,776,1,1050,16,21,7,8,8,7,776,31,23,1.20 
2014,07,26,18:00,776,215,0,1050,3,16,1,14,2,2,776,17,17,1.17 
2014,07,26,18:00,776,215,6,1050,16,8,8,7,8,1,776,12,14,0.83 
2014,07,26,13:00,287,776,5,1050,9,16,9,6,0,10,776,18,17,1.05 
2014,07,26,13:00,287,776,1,1050,16,14,7,8,9,6,776,24,23,1.02 
2014,07,26,13:00,776,287,6,1050,16,7,12,3,4,4,776,16,13,1.04 
2014,06,14,21:35,210,776,0,1061,16,4,13,2,3,2,776,8,17,0.51 
2014,06,14,20:30,776,8,0,1061,4,16,4,11,0,5,776,13,17,0.81 
2014,05,30,19:00,776,53,0,1065,7,16,6,9,1,7,776,11,20,0.63 
2014,04,18,21:00,22,1264,6,1076,16,11,12,3,4,8,1264,16,22,0.80 
2014,04,18,21:00,1264,22,0,1076,9,16,6,9,3,7,1264,13,19,0.69 
2014,04,18,17:00,1264,1266,0,1076,16,10,10,5,6,5,1264,18,15,1.12 
2014,04,18,17:00,1266,1264,6,1076,12,16,3,12,9,4,1264,21,14,1.32 
2014,04,01,21:10,1264,287,0,1075,13,16,7,8,6,8,1264,13,19,0.72 
2014,03,20,19:45,1264,210,7,1080,16,19,4,11,11,4,1264,19,24,0.78 
2014,03,18,22:00,1244,1264,6,1075,12,16,4,11,8,5,1264,20,21,0.95 
2014,03,10,22:15,1264,59,6,1080,10,16,6,9,4,7,1264,19,16,1.15 
2014,03,10,18:15,1045,1264,2,1080,16,3,12,3,4,0,1264,6,17,0.38 
2014,03,05,22:20,1264,287,6,1083,11,16,5,10,6,6,1264,16,19,0.84 
2014,03,05,21:00,250,1264,5,1083,16,7,11,4,5,3,1264,14,19,0.83 
2014,03,05,20:00,1264,1274,6,1083,16,10,7,8,9,2,1264,31,17,1.59 
2014,02,27,19:00,1264,1106,1,1085,3,16,3,12,0,4,1264,7,17,0.39 
2014,02,27,19:00,1106,1264,5,1085,13,16,11,4,2,12,1264,20,18,1.03 
2014,02,27,19:00,1106,1264,6,1085,26,24,9,6,6,9,1264,34,33,1.07 
2014,02,25,22:45,1264,1281,5,1085,16,5,11,4,5,1,1264,25,9,1.82 
2014,02,25,22:45,1264,1281,1,1085,21,17,5,10,10,5,1264,28,22,1.16 
2014,02,25,22:45,1281,1264,6,1085,16,8,11,4,5,4,1264,13,18,0.78 
2014,02,25,19:00,214,1264,0,1085,21,18,11,4,4,11,1264,14,29,0.54 
2014,02,25,19:00,214,1264,5,1085,16,5,11,4,5,1,1264,11,18,0.61 
2014,02,24,20:10,1264,1244,1,1079,10,16,7,8,3,8,1264,19,19,1.05 
2014,02,24,20:10,1264,1244,5,1079,16,14,9,6,7,8,1264,25,20,1.30 
2014,02,12,21:00,1264,210,2,1079,13,16,7,8,6,8,1264,25,18,1.39 
2014,02,12,21:00,210,1264,5,1079,16,13,10,5,6,8,1264,20,20,0.97 
2014,02,01,18:00,1296,1264,0,1092,8,16,7,8,1,8,1264,16,13,1.03 
2014,02,01,18:00,1264,1296,6,1092,16,5,12,3,4,2,1264,18,9,1.38 
2014,02,01,18:00,1264,1296,1,1092,12,16,5,10,7,6,1264,11,20,0.62 
2014,02,01,10:00,1264,132,6,1092,16,7,8,7,8,0,1264,12,14,0.86 
2014,02,01,10:00,1264,132,1,1092,19,15,6,9,9,6,1264,20,22,0.98 
2014,01,31,21:50,1264,1215,6,1092,16,6,12,3,4,3,1264,22,10,1.60 
2014,01,31,20:30,1264,1296,2,1092,10,16,9,6,1,10,1264,10,20,0.53 
2014,01,31,19:40,1273,1264,5,1092,7,16,4,11,3,5,1264,11,14,0.79 
2014,01,26,19:00,314,1264,5,1094,14,16,12,3,2,13,1264,24,20,1.10 
2014,01,26,19:00,314,1264,2,1094,21,16,11,4,4,11,1264,14,25,0.61 
2014,01,26,19:00,1264,314,6,1094,16,3,12,3,4,0,1264,15,6,1.40 
2013,11,17,16:00,943,939,11,1098,16,11,8,7,8,4,939,10,20,0.56 
2013,10,23,23:00,939,937,13,1098,11,16,9,6,2,10,939,18,20,0.85 
2013,10,16,20:00,939,33,9,1098,2,16,2,13,0,3,939,17,17,1.09 
2013,10,10,19:00,939,124,11,1098,6,16,5,10,1,6,939,8,15,0.62 
2013,10,02,21:15,939,958,11,1098,15,15,10,5,5,10,939,17,18,0.90 
2013,09,22,20:00,956,939,11,1124,9,16,6,9,3,7,939,26,14,1.58 
2013,09,22,20:00,939,956,10,1124,16,14,10,5,6,9,939,24,24,0.97 
2013,09,22,20:00,939,956,9,1124,11,16,10,5,1,11,939,13,18,0.78 
2013,09,17,19:00,1106,400,11,1125,16,12,9,6,7,6,400,17,20,0.84 
2013,09,10,19:00,1355,400,13,1125,26,24,10,5,5,10,400,31,35,0.91 
2013,06,04,19:00,8,400,11,1143,21,19,10,5,5,10,400,33,28,1.21 
2013,05,28,19:00,400,1383,13,1143,5,16,3,12,2,4,400,12,16,0.73 
2013,04,14,19:15,1409,1401,13,1150,9,16,8,7,1,9,1409,10,20,0.54 
2013,04,14,19:15,1409,1401,10,1150,15,19,10,5,5,10,1409,27,26,1.18 
