2016,08,11,19:00,98,99,0,463,16,8,13,2,3,6,99,18,18,1.10 
2016,08,11,19:00,99,98,7,463,9,16,5,10,4,6,99,10,21,0.56 
2016,05,15,13:45,437,438,4,577,4,16,3,12,1,4,438,16,12,1.11 
2016,05,15,13:45,438,437,7,577,16,14,7,8,9,6,438,18,24,0.80 
2015,10,25,13:15,596,900,14,773,16,10,10,5,6,5,900,7,20,0.41 
2015,10,25,13:15,596,900,1,773,16,11,7,8,9,3,900,17,20,0.78 
2015,10,15,22:00,930,931,7,773,8,16,6,9,2,7,931,28,15,1.64 
2015,10,15,22:00,931,930,0,773,21,16,9,6,6,9,931,37,24,1.31 
2015,10,13,20:30,931,437,1,773,7,16,6,9,1,7,931,17,20,0.82 
2015,10,13,20:30,437,931,0,773,9,16,8,7,1,9,931,21,15,1.26 
2015,10,08,22:00,929,931,1,773,12,16,7,8,5,8,931,25,16,1.41 
2015,10,08,22:00,931,929,0,773,16,8,11,4,5,4,931,18,13,1.15 
2015,10,06,20:00,596,931,14,773,16,1,14,1,2,0,931,1,16,0.10 
2015,10,06,20:00,596,931,1,773,16,7,12,3,4,4,931,12,17,0.77 
2015,10,01,22:00,438,931,0,773,16,10,11,4,5,6,931,18,19,0.93 
2015,10,01,22:00,931,438,14,773,16,12,9,6,7,6,931,29,21,1.40 
2015,07,12,16:00,510,516,14,876,16,10,10,5,6,5,516,11,21,0.56 
2015,07,12,16:00,510,516,1,876,16,11,8,7,8,4,516,22,23,0.99 
2015,07,11,19:00,1026,516,1,876,19,17,9,6,6,9,516,23,26,0.87 
2015,07,11,17:30,1039,516,1,876,13,16,5,10,8,6,516,16,16,0.97 
2015,07,11,16:00,1048,516,1,876,6,16,3,12,3,4,516,18,14,1.02 
2014,11,01,09:45,1107,516,5,999,16,11,13,2,3,9,516,14,18,0.77 
2014,11,01,09:45,516,1107,14,999,7,16,6,9,1,7,516,7,22,0.31 
2014,10,31,10:25,516,271,0,999,16,5,11,4,5,1,516,12,12,0.91 
2014,10,31,10:25,516,271,14,999,16,10,14,1,2,9,516,12,11,0.95 
2014,10,31,10:25,271,516,5,999,16,2,13,2,3,0,516,9,17,0.50 
2014,10,30,18:15,516,1166,0,999,16,14,8,7,8,7,516,30,17,1.42 
2014,10,30,17:00,516,1119,7,999,15,15,13,2,2,13,516,17,18,0.99 
2014,10,30,15:40,1107,516,6,999,16,8,14,1,2,7,516,12,20,0.65 
