2016,08,14,15:15,56,51,1,477,7,16,5,10,2,6,56,12,21,0.58 
2016,08,08,15:15,56,147,0,488,4,16,3,12,1,4,56,11,18,0.69 
2016,08,08,15:15,147,56,14,488,16,11,6,9,10,2,56,12,24,0.55 
2016,07,28,19:10,218,56,4,495,14,16,6,9,8,7,56,21,24,0.92 
2016,07,28,19:10,218,56,14,495,7,16,4,11,3,5,56,12,16,0.76 
2016,07,26,22:00,56,136,4,488,16,5,13,2,3,3,56,22,12,1.50 
2016,07,24,21:15,56,49,5,488,6,16,4,11,2,5,56,12,20,0.61 
2016,07,24,19:00,56,245,0,495,16,7,12,3,4,4,56,24,13,1.60 
2016,07,21,16:00,259,56,0,495,11,16,2,13,9,3,56,21,22,0.97 
2016,06,29,21:15,56,233,0,488,16,4,11,4,5,0,56,20,11,1.55 
2016,06,12,20:15,196,56,4,496,16,2,14,1,2,1,56,2,18,0.09 
2016,06,12,20:15,56,196,7,496,6,16,5,10,1,6,56,16,21,0.72 
2016,05,26,20:30,56,297,7,495,7,16,3,12,4,4,56,12,19,0.63 
2016,05,26,20:30,297,56,1,495,16,4,12,3,4,1,56,13,19,0.70 
2016,05,24,21:00,56,304,1,496,6,16,6,9,0,7,56,8,17,0.54 
2016,05,24,21:00,304,56,0,496,19,17,11,4,4,11,56,22,29,0.77 
2016,05,19,19:00,56,259,1,495,16,7,9,6,7,1,56,19,13,1.25 
2016,05,19,19:00,259,56,0,495,3,16,2,13,1,3,56,14,14,0.98 
2016,05,01,13:00,56,331,14,589,11,16,5,10,6,6,56,20,24,0.95 
2016,05,01,13:00,331,56,7,589,9,16,8,7,1,9,56,28,16,1.53 
2016,05,01,13:00,56,331,0,589,9,16,5,10,4,6,56,15,21,0.75 
2016,04,30,13:00,56,365,4,589,15,19,8,7,7,8,56,15,28,0.61 
2016,04,30,13:00,365,56,14,589,9,16,8,7,1,9,56,33,16,1.93 
2016,04,30,13:00,56,365,0,589,3,16,2,13,1,3,56,9,15,0.63 
2016,04,29,19:00,56,466,2,589,16,2,13,2,3,0,56,23,9,1.80 
2016,04,29,19:00,466,56,0,589,8,16,5,10,3,6,56,18,15,1.13 
2016,04,28,19:00,56,331,14,589,14,16,9,6,5,10,56,11,25,0.44 
2016,04,28,19:00,331,56,2,589,16,10,10,5,6,5,56,23,21,1.39 
2016,04,28,13:15,56,466,7,589,16,5,11,4,5,1,56,24,7,1.86 
2016,04,20,17:00,490,9,0,536,13,16,6,9,7,7,490,25,21,1.17 
2016,04,20,17:00,490,9,6,536,1,16,1,14,0,2,490,4,17,0.23 
2016,04,11,19:00,13,496,0,536,16,13,10,5,6,8,496,9,23,0.49 
2016,04,11,19:00,13,496,2,536,19,15,5,10,10,5,496,23,29,0.80 
2016,04,07,19:00,458,496,4,495,16,5,11,4,5,1,496,9,19,0.46 
2016,04,07,19:00,496,458,14,495,16,11,11,4,5,7,496,18,20,0.98 
2016,04,07,19:00,458,496,1,495,16,9,9,6,7,3,496,15,20,0.78 
2016,03,30,18:45,496,101,4,605,5,16,5,10,0,6,496,11,17,0.68 
2016,03,30,18:45,101,496,0,605,8,16,5,10,3,6,496,20,17,1.18 
2016,03,30,18:45,496,101,2,605,1,16,1,14,0,2,496,7,17,0.41 
2016,03,23,19:00,584,496,0,579,16,12,11,4,5,8,496,19,23,0.96 
2016,03,17,19:00,496,360,7,495,20,22,8,7,7,8,496,35,31,1.08 
2016,03,17,19:00,360,496,14,495,16,11,6,9,10,2,496,15,21,0.73 
2016,03,17,19:00,360,496,1,495,16,19,4,11,11,4,496,27,17,1.26 
2016,03,14,22:15,496,132,1,605,2,16,2,13,0,3,496,12,16,0.91 
2016,03,14,22:15,132,496,0,605,16,13,12,3,4,10,496,22,25,0.93 
2016,03,14,19:00,187,496,1,495,4,16,4,11,0,5,496,19,13,1.31 
2016,03,14,19:00,187,496,0,495,11,16,6,9,5,7,496,18,20,0.98 
2016,03,10,22:05,496,472,1,593,11,16,10,5,1,11,496,13,18,0.76 
2016,03,10,20:00,302,496,0,593,16,3,13,2,3,1,496,3,19,0.13 
2016,03,10,17:30,314,496,7,495,0,16,0,15,0,1,496,15,4,1.54 
2016,03,10,17:30,314,496,0,495,5,16,4,11,1,5,496,17,13,1.18 
2016,03,06,19:30,537,496,0,635,16,8,11,4,5,4,496,10,18,0.70 
2016,03,06,19:30,537,496,14,635,16,14,6,9,10,5,496,18,24,0.82 
2016,02,23,19:00,496,654,0,495,20,22,6,9,9,6,496,18,27,0.70 
2016,02,23,19:00,654,496,14,495,16,7,9,6,7,1,496,15,19,0.79 
2016,01,29,22:00,683,496,14,656,6,16,1,14,5,2,496,14,14,0.91 
2016,01,29,22:00,683,496,7,656,9,16,7,8,2,8,496,9,18,0.62 
2016,01,28,18:15,216,496,0,656,5,16,4,11,1,5,496,12,11,0.89 
2016,01,24,16:55,152,496,14,606,16,8,8,7,8,1,496,13,20,0.61 
2016,01,24,16:55,496,152,7,606,11,16,6,9,5,7,496,20,19,1.08 
2016,01,24,16:55,152,496,2,606,14,16,14,1,0,15,496,26,20,1.21 
2016,01,23,16:45,496,304,1,606,16,14,5,10,11,4,496,21,21,0.96 
2016,01,23,16:45,496,304,2,606,16,11,12,3,4,8,496,23,19,1.28 
2016,01,22,17:00,496,392,0,606,10,16,7,8,3,8,496,13,17,0.79 
2016,01,22,17:00,496,392,1,606,11,16,7,8,4,8,496,11,22,0.53 
2016,01,22,17:00,392,496,2,606,6,16,5,10,1,6,496,22,13,1.51 
2016,01,22,12:00,365,496,4,606,10,16,6,9,4,7,496,21,16,1.19 
2015,12,18,22:00,720,490,4,693,16,13,9,6,7,7,490,24,21,1.24 
2015,12,18,22:00,720,490,7,693,16,12,5,10,11,2,490,21,20,1.13 
2015,12,18,22:00,490,720,0,693,16,11,10,5,6,6,490,19,17,1.02 
2015,12,18,17:00,743,490,1,693,17,19,6,9,9,6,490,26,26,1.07 
2015,12,18,17:00,490,743,0,693,16,7,11,4,5,3,490,18,13,1.21 
2015,12,17,22:00,53,490,0,693,6,16,4,11,2,5,490,12,16,0.73 
2015,12,17,19:30,218,490,0,693,4,16,4,11,0,5,490,13,17,0.78 
2015,12,17,17:00,137,490,14,693,19,16,6,9,9,6,490,26,27,1.02 
2015,12,16,21:00,633,490,0,657,23,25,8,7,7,8,490,27,32,0.85 
2015,12,16,21:00,633,490,14,657,10,16,7,8,3,8,490,32,13,1.82 
2015,12,15,18:00,705,490,14,657,15,19,5,10,10,5,490,22,26,0.87 
2015,12,15,18:00,705,490,0,657,19,16,4,11,11,4,490,19,29,0.68 
2015,12,15,18:00,490,705,2,657,16,7,10,5,6,2,490,15,16,1.02 
2015,12,12,19:00,489,490,7,657,11,16,4,11,7,5,490,22,16,1.21 
2015,12,12,19:00,490,489,14,657,16,3,12,3,4,0,490,24,10,1.78 
2015,12,12,19:00,490,489,0,657,10,16,4,11,6,5,490,27,20,1.37 
2015,12,11,21:00,633,490,7,657,14,16,6,9,8,7,490,24,23,1.13 
2015,12,11,21:00,633,490,14,657,16,12,10,5,6,7,490,14,23,0.67 
2015,12,11,21:00,633,490,0,657,7,16,4,11,3,5,490,16,16,0.93 
2015,11,30,20:30,490,439,7,652,16,13,5,10,11,3,490,23,22,1.10 
2015,11,30,20:30,439,490,14,652,14,16,8,7,6,9,490,26,24,1.08 
2015,11,30,20:30,439,490,0,652,16,11,11,4,5,7,490,18,22,0.86 
2015,11,29,22:00,825,490,7,652,14,16,2,13,12,3,490,18,19,0.97 
2015,11,29,22:00,490,825,0,652,16,9,8,7,8,2,490,19,14,1.16 
2015,11,28,16:00,490,439,7,652,9,16,6,9,3,7,490,23,20,1.16 
2015,11,28,16:00,439,490,14,652,16,3,12,3,4,0,490,5,18,0.29 
2015,11,25,19:30,490,838,0,730,13,16,9,6,4,10,490,10,21,0.53 
2015,11,25,17:00,29,490,14,730,16,6,10,5,6,1,490,17,18,1.03 
2015,11,19,19:00,825,490,7,743,9,16,6,9,3,7,490,22,18,1.10 
2015,11,19,19:00,490,825,4,743,16,7,10,5,6,2,490,18,13,1.21 
2015,11,19,19:00,490,825,0,743,16,8,11,4,5,4,490,16,13,1.05 
2015,11,19,14:45,490,259,1,743,19,15,5,10,10,5,490,22,24,0.92 
2015,11,19,14:45,259,490,0,743,8,16,4,11,4,5,490,21,15,1.23 
2015,11,19,10:20,490,825,1,743,13,16,9,6,4,10,490,10,23,0.50 
2015,11,19,10:20,490,825,0,743,16,19,7,8,8,7,490,18,30,0.68 
2015,11,18,14:15,490,703,0,743,16,11,8,7,8,4,490,20,17,1.11 
2015,11,18,14:15,490,703,4,743,16,10,10,5,6,5,490,20,16,1.09 
2015,11,17,23:00,490,691,2,743,16,7,9,6,7,1,490,28,10,2.08 
2015,11,17,23:00,490,691,7,743,12,16,3,12,9,4,490,19,22,0.91 
2015,11,17,23:00,490,691,0,743,16,9,11,4,5,5,490,23,16,1.43 
2015,11,17,20:45,844,490,4,743,13,16,9,6,4,10,490,25,17,1.34 
2015,11,17,20:45,490,844,0,743,16,10,12,3,4,7,490,19,18,1.06 
2015,11,17,09:15,490,691,0,743,14,16,3,12,11,4,490,18,20,0.97 
2015,11,17,09:15,691,490,14,743,3,16,2,13,1,3,490,26,6,2.25 
2015,11,17,09:15,691,490,1,743,16,8,9,6,7,2,490,10,18,0.62 
2015,11,13,17:00,490,360,7,752,16,9,9,6,7,3,490,24,17,1.30 
2015,11,13,17:00,490,360,4,752,16,14,4,11,12,3,490,17,20,0.90 
2015,11,13,17:00,490,360,1,752,23,25,6,9,9,6,490,35,33,1.01 
2015,11,11,18:30,490,714,4,755,7,16,3,12,4,4,490,7,21,0.38 
2015,11,11,18:30,490,714,0,755,16,9,9,6,7,3,490,17,16,1.05 
2015,11,11,18:30,714,490,14,755,16,10,7,8,9,2,490,13,20,0.61 
2015,11,09,21:15,490,841,0,755,19,17,6,9,9,6,490,25,26,0.98 
2015,11,09,21:15,490,841,7,755,19,15,7,8,8,7,490,22,26,0.87 
2015,11,04,18:15,490,642,4,696,10,16,7,8,3,8,490,21,19,1.07 
2015,11,04,18:15,642,490,1,696,11,16,4,11,7,5,490,27,19,1.36 
2015,11,04,18:15,642,490,14,696,16,12,8,7,8,5,490,18,20,0.85 
2015,11,01,20:00,490,479,0,752,16,7,11,4,5,3,490,21,9,1.54 
2015,11,01,20:00,479,490,14,752,4,16,2,13,2,3,490,14,12,1.11 
2015,10,30,17:15,490,868,0,752,3,16,3,12,0,4,490,12,17,0.67 
2015,10,30,17:15,490,868,7,752,14,16,4,11,10,5,490,12,20,0.64 
2015,10,27,17:30,490,825,0,769,14,16,3,12,11,4,490,16,23,0.69 
2015,10,26,18:00,52,490,4,769,16,14,6,9,10,5,490,12,22,0.65 
2015,10,26,18:00,490,52,7,769,9,16,5,10,4,6,490,16,19,0.85 
2015,10,26,18:00,490,52,0,769,16,11,9,6,7,5,490,22,19,1.12 
2015,10,25,15:00,259,490,0,770,7,16,3,12,4,4,490,10,17,0.65 
2015,10,25,15:00,259,490,4,770,10,16,4,11,6,5,490,15,17,0.88 
2015,10,23,17:00,490,137,14,752,16,11,12,3,4,8,490,17,19,0.88 
2015,10,23,17:00,490,137,2,752,16,11,9,6,7,5,490,26,14,1.41 
2015,10,22,21:15,137,490,7,777,16,14,8,7,8,7,490,23,17,1.30 
2015,10,22,19:30,490,479,0,777,16,6,10,5,6,1,490,15,11,1.08 
2015,10,21,23:30,490,841,0,777,16,10,12,3,4,7,490,27,17,1.51 
2015,10,21,17:00,137,490,0,777,16,5,12,3,4,2,490,9,20,0.51 
2015,10,21,17:00,490,137,2,777,9,16,7,8,2,8,490,12,20,0.61 
2015,10,21,17:00,490,137,14,777,22,19,8,7,7,8,490,34,24,1.27 
2015,10,19,18:00,490,210,7,696,9,16,3,12,6,4,490,13,20,0.67 
2015,10,19,18:00,490,210,0,696,7,16,6,9,1,7,490,12,17,0.75 
2015,10,16,18:00,490,898,0,770,16,10,10,5,6,5,490,19,14,1.21 
2015,10,16,18:00,490,898,14,770,16,14,5,10,11,4,490,20,19,1.05 
2015,10,15,20:30,490,215,0,696,10,16,2,13,8,3,490,12,21,0.63 
2015,10,15,20:30,215,490,14,696,16,9,8,7,8,2,490,13,21,0.61 
2015,10,14,17:00,723,490,14,752,16,13,10,5,6,8,490,21,22,0.90 
2015,10,14,17:00,723,490,7,752,10,16,10,5,0,11,490,30,15,1.76 
2015,10,14,17:00,490,723,0,752,16,5,11,4,5,1,490,19,9,1.42 
2015,10,13,21:10,490,400,7,785,12,16,8,7,4,9,490,21,20,0.96 
2015,10,13,21:10,490,400,14,785,14,16,11,4,3,12,490,14,21,0.69 
2015,10,13,18:00,400,490,0,785,5,16,2,13,3,3,490,22,10,1.66 
2015,10,13,18:00,400,490,4,785,11,16,7,8,4,8,490,14,19,0.74 
2015,10,12,17:30,723,490,14,785,23,26,10,5,5,10,490,31,39,0.83 
2015,10,12,17:30,490,723,7,785,8,16,8,7,0,9,490,15,18,0.77 
2015,10,12,17:30,490,723,0,785,16,13,10,5,6,8,490,22,18,1.14 
2015,09,30,14:45,490,472,2,800,3,16,3,12,0,4,490,9,18,0.50 
2015,09,30,14:45,490,472,0,800,7,16,4,11,3,5,490,6,19,0.36 
2015,09,30,11:30,894,490,1,800,6,16,3,12,3,4,490,14,9,1.12 
2015,09,30,11:30,490,894,7,800,10,16,4,11,6,5,490,12,22,0.56 
2015,09,30,11:30,894,490,14,800,5,16,5,10,0,6,490,13,11,1.02 
2015,09,30,08:50,490,472,4,800,5,16,4,11,1,5,490,11,18,0.64 
2015,09,30,08:50,472,490,7,800,16,2,13,2,3,0,490,12,16,0.87 
2015,09,28,14:00,825,490,0,800,11,16,5,10,6,6,490,26,18,1.25 
2015,09,28,14:00,490,825,7,800,16,13,9,6,7,7,490,27,18,1.33 
2015,09,18,16:25,490,978,15,812,10,16,4,11,6,5,490,18,21,0.82 
2015,09,18,16:25,978,490,8,812,11,16,8,7,3,9,490,15,16,0.84 
2015,09,15,18:00,490,472,7,815,7,16,6,9,1,7,490,15,17,0.88 
2015,09,15,18:00,472,490,1,815,16,6,9,6,7,0,490,14,18,0.92 
2015,09,14,18:45,968,490,0,815,4,16,4,11,0,5,490,20,9,1.66 
2015,09,04,21:00,756,490,14,820,12,16,6,9,6,7,490,16,20,0.75 
2015,09,04,21:00,490,756,0,820,16,7,12,3,4,4,490,21,11,1.57 
2015,09,03,21:00,137,490,0,820,9,16,4,11,5,5,490,26,16,1.44 
2015,09,03,21:00,490,137,7,820,16,10,8,7,8,3,490,21,17,1.16 
2015,09,02,18:00,369,490,0,820,9,16,9,6,0,10,490,25,16,1.55 
2015,09,02,18:00,369,490,1,820,9,16,4,11,5,5,490,21,13,1.37 
2015,09,01,21:00,472,490,0,833,16,6,12,3,4,3,490,18,17,1.11 
2015,09,01,21:00,472,490,4,833,16,6,13,2,3,4,490,8,20,0.48 
2015,08,30,22:35,1019,490,14,833,14,16,4,11,10,5,490,24,20,1.08 
2015,08,30,21:20,53,490,7,833,16,21,7,8,8,7,490,24,25,0.93 
2015,08,13,21:00,490,380,7,854,4,16,3,12,1,4,490,5,16,0.40 
2015,08,13,21:00,380,490,0,854,16,5,14,1,2,4,490,8,16,0.57 
2015,08,13,21:00,380,490,14,854,8,16,7,8,1,8,490,11,14,0.82 
2015,08,12,22:30,490,369,7,861,12,16,4,11,8,5,490,26,18,1.42 
2015,08,12,22:30,369,490,1,861,8,16,6,9,2,7,490,22,12,1.44 
2015,08,11,22:15,490,724,0,861,16,13,7,8,9,5,490,23,20,1.22 
2015,08,11,19:00,370,490,7,861,12,16,8,7,4,9,490,21,18,1.06 
2015,08,10,17:30,490,369,7,861,14,16,7,8,7,8,490,26,24,1.16 
2015,08,10,17:30,490,369,0,861,14,16,9,6,5,10,490,16,23,0.69 
2015,08,08,13:00,490,287,14,867,11,16,3,12,8,4,490,11,18,0.63 
2015,08,08,13:00,287,490,7,867,6,16,3,12,3,4,490,20,12,1.39 
2015,08,08,13:00,287,490,6,867,16,6,14,1,2,5,490,15,21,0.79 
2015,08,07,17:00,490,724,0,820,16,5,11,4,5,1,490,19,11,1.53 
2015,08,07,17:00,724,490,7,820,16,19,9,6,6,9,490,22,24,0.93 
2015,07,29,18:00,839,490,14,851,16,7,9,6,7,1,490,8,21,0.44 
2015,07,29,18:00,839,490,7,851,16,13,7,8,9,5,490,13,22,0.73 
2015,07,25,17:15,490,944,7,872,8,16,6,9,2,7,490,23,20,1.32 
2015,07,25,13:30,490,945,7,872,7,16,3,12,4,4,490,8,19,0.42 
2015,06,28,15:45,490,500,14,881,16,9,11,4,5,5,490,19,19,1.06 
2015,06,28,15:45,490,500,0,881,16,4,12,3,4,1,490,23,9,1.73 
2015,06,28,15:45,500,490,7,881,19,17,11,4,4,11,490,24,25,0.94 
2015,06,25,18:30,490,297,14,884,16,14,5,10,11,4,490,22,21,0.99 
2015,06,25,18:30,490,297,7,884,21,18,9,6,6,9,490,20,23,0.85 
2015,06,25,18:30,490,297,6,884,9,16,5,10,4,6,490,9,20,0.45 
2015,06,02,19:00,490,196,14,894,8,16,5,10,3,6,490,21,18,1.27 
2015,06,02,19:00,490,196,6,894,11,16,6,9,5,7,490,19,18,0.99 
2015,06,02,19:00,196,490,7,894,14,16,5,10,9,6,490,13,21,0.70 
2015,05,26,19:15,13,490,7,908,16,7,11,4,5,3,490,15,19,0.91 
2015,05,26,19:15,13,490,14,908,16,9,11,4,5,5,490,25,19,1.33 
2015,05,26,18:00,196,490,0,841,6,16,4,11,2,5,490,16,19,0.82 
2015,05,25,22:00,711,490,6,894,25,22,10,5,5,10,490,31,33,0.91 
2015,05,25,22:00,711,490,7,894,16,4,12,3,4,1,490,4,20,0.17 
2015,05,23,18:00,825,490,0,917,16,8,13,2,3,6,490,21,17,1.30 
2015,05,23,18:00,825,490,6,917,16,14,11,4,5,10,490,17,21,0.81 
2015,05,21,21:00,297,490,14,901,11,16,8,7,3,9,490,18,18,1.00 
2015,05,18,22:00,647,490,0,920,10,16,5,10,5,6,490,17,18,0.91 
2015,05,18,22:00,490,647,6,920,16,7,12,3,4,4,490,23,9,1.69 
2015,05,18,19:00,302,490,2,841,14,16,7,8,7,8,490,20,21,1.01 
2015,05,13,21:00,1067,490,4,914,16,9,8,7,8,2,490,22,18,1.23 
2015,05,13,21:00,1067,490,0,914,11,16,9,6,2,10,490,18,15,1.09 
2015,05,13,21:00,490,1067,6,914,8,16,6,9,2,7,490,10,20,0.53 
2015,05,12,21:30,490,297,14,924,16,19,9,6,6,9,490,24,27,0.97 
2015,05,12,18:15,297,490,6,924,16,14,9,6,7,8,490,22,21,0.99 
2015,05,10,22:00,490,1062,0,920,12,16,5,10,7,6,490,25,18,1.25 
2015,05,10,22:00,1062,490,7,920,16,8,12,3,4,5,490,12,21,0.54 
2015,05,08,20:00,490,1085,0,923,16,10,7,8,9,2,490,25,17,1.31 
2015,05,08,20:00,1085,490,7,923,8,16,5,10,3,6,490,23,14,1.67 
2015,05,07,20:00,490,856,0,914,16,10,9,6,7,4,490,17,15,0.99 
2015,05,07,20:00,856,490,7,914,19,22,9,6,6,9,490,26,31,0.87 
2015,05,07,20:00,490,856,6,914,7,16,4,11,3,5,490,15,21,0.79 
2015,05,05,21:30,490,383,7,920,16,10,12,3,4,7,490,19,18,1.00 
2015,05,05,21:30,383,490,6,920,8,16,7,8,1,8,490,26,18,1.59 
2015,04,27,21:00,749,490,4,914,12,16,8,7,4,9,490,15,18,0.90 
2015,04,27,21:00,749,490,0,914,6,16,5,10,1,6,490,21,15,1.27 
2015,04,25,21:00,490,1082,0,923,16,11,9,6,7,5,490,27,18,1.49 
2015,04,25,21:00,490,1082,14,923,16,4,12,3,4,1,490,24,12,1.62 
2015,04,22,19:00,490,676,0,914,14,16,9,6,5,10,490,23,23,1.08 
2015,04,22,19:00,676,490,7,914,16,13,10,5,6,8,490,23,21,1.05 
2015,04,18,10:00,1069,490,7,938,16,11,11,4,5,7,490,22,22,1.03 
2015,04,18,10:00,1069,490,0,938,16,9,10,5,6,4,490,21,20,1.17 
2015,04,18,10:00,490,1069,6,938,16,2,13,2,3,0,490,17,7,1.58 
2015,04,17,16:00,490,487,0,938,7,16,4,11,3,5,490,17,19,0.86 
2015,04,17,12:05,490,844,6,938,11,16,7,8,4,8,490,19,20,0.97 
2015,02,14,21:00,13,490,0,959,16,3,12,3,4,0,490,8,18,0.52 
2015,02,14,15:00,292,490,0,959,17,19,11,4,4,11,490,24,23,1.00 
2015,02,14,11:35,711,490,7,959,28,24,8,7,7,8,490,37,38,0.98 
