2016,07,26,21:00,234,235,4,509,16,9,8,7,8,2,234,21,14,1.34 
2016,07,26,21:00,235,234,7,509,16,14,11,4,5,10,234,20,24,0.99 
2016,07,26,21:00,234,235,1,509,16,2,13,2,3,0,234,23,8,2.00 
2016,07,25,22:00,55,234,1,509,13,16,3,12,10,4,234,21,22,1.00 
2016,07,25,22:00,234,55,14,509,16,7,11,4,5,3,234,23,13,1.49 
2016,07,02,13:50,55,118,4,534,14,16,5,10,9,6,55,18,24,0.74 
2016,07,02,13:50,118,55,7,534,16,12,11,4,5,8,55,15,22,0.71 
2016,04,30,17:50,356,463,4,573,16,11,10,5,6,6,463,24,20,1.19 
2016,04,23,16:45,177,480,0,573,16,1,14,1,2,0,480,5,17,0.28 
2016,03,27,19:15,508,475,14,617,16,5,13,2,3,3,475,12,19,0.64 
2016,03,07,21:00,475,508,4,632,14,16,13,2,1,14,475,23,21,1.06 
2016,03,07,21:00,508,475,14,632,16,10,9,6,7,4,475,13,22,0.65 
2016,03,07,21:00,475,508,1,632,16,12,5,10,11,2,475,23,22,1.11 
2016,02,22,23:00,655,475,1,632,11,16,6,9,5,7,475,19,22,0.93 
2016,02,22,23:00,655,475,4,632,12,16,6,9,6,7,475,25,21,1.28 
2015,09,18,19:30,55,755,7,811,16,12,10,5,6,7,755,21,18,1.17 
2015,09,17,19:30,323,755,1,811,16,12,13,2,3,10,755,18,22,0.82 
2015,09,17,19:30,755,323,6,811,12,16,9,6,3,10,755,13,19,0.75 
2015,09,15,22:15,475,755,7,811,16,10,8,7,8,3,755,20,20,0.96 
2015,09,15,20:00,948,755,14,811,12,16,5,10,7,6,755,27,19,1.30 
2015,09,05,19:10,755,1001,6,766,9,16,8,7,1,9,755,19,19,0.97 
2015,05,24,22:00,1054,755,7,908,16,7,9,6,7,1,755,12,21,0.70 
2015,05,24,22:00,755,1054,6,908,7,16,5,10,2,6,755,10,18,0.59 
2015,05,08,21:40,755,234,0,927,12,16,9,6,3,10,755,15,21,0.76 
2015,04,02,20:30,552,755,7,948,16,4,11,4,5,0,755,14,18,0.87 
2015,04,02,19:00,755,1117,0,948,11,16,8,7,3,9,755,13,22,0.60 
2015,04,02,14:00,648,755,1,948,10,16,8,7,2,9,755,22,18,1.34 
2015,04,02,14:00,648,755,6,948,6,16,5,10,1,6,755,18,15,1.23 
2014,12,17,19:50,1154,371,1,975,6,16,5,10,1,6,371,20,16,1.30 
2014,12,17,19:50,1154,371,6,975,7,16,6,9,1,7,371,22,14,1.35 
2014,12,17,19:50,371,1154,14,975,16,6,10,5,6,1,371,13,15,0.89 
2014,12,17,19:50,1154,371,5,975,16,8,10,5,6,3,371,10,23,0.43 
2014,10,19,22:45,1172,49,5,1005,12,16,9,6,3,10,1172,18,20,0.98 
