2016,08,14,21:30,43,44,1,476,19,17,8,7,7,8,43,13,28,0.50 
2016,08,14,21:30,44,43,7,476,13,16,6,9,7,7,43,20,19,0.98 
2016,08,12,03:40,43,92,4,476,19,16,5,10,10,5,43,22,26,0.88 
2016,08,12,03:40,92,43,0,476,8,16,7,8,1,8,43,16,13,1.12 
2016,08,12,01:40,43,6,7,465,8,16,7,8,1,8,43,18,19,1.01 
2016,08,12,01:40,43,6,2,465,7,16,6,9,1,7,43,11,15,0.78 
2016,08,09,03:30,141,43,4,465,2,16,1,14,1,2,43,11,8,1.09 
2016,08,09,03:30,141,43,1,465,10,16,4,11,6,5,43,24,16,1.35 
2016,08,09,03:30,43,141,0,465,9,16,4,11,5,5,43,12,18,0.72 
2016,07,13,04:10,43,7,2,522,11,16,8,7,3,9,43,17,20,0.93 
2016,07,13,04:10,7,43,14,522,16,12,10,5,6,7,43,15,19,0.81 
2016,06,09,03:00,95,43,14,548,16,13,5,10,11,3,43,9,22,0.48 
2016,06,09,03:00,95,43,1,548,8,16,6,9,2,7,43,14,15,1.08 
2016,06,08,23:00,142,43,1,548,3,16,3,12,0,4,43,11,9,1.04 
2016,06,08,23:00,43,142,14,548,16,9,9,6,7,3,43,21,13,1.33 
2016,06,04,19:00,94,43,0,554,16,10,8,7,8,3,43,20,20,1.01 
2016,06,04,19:00,94,43,14,554,16,7,9,6,7,1,43,13,17,0.74 
2016,06,04,19:00,43,94,2,554,16,13,10,5,6,8,43,14,23,0.67 
2016,06,02,02:00,78,43,14,548,8,16,6,9,2,7,43,20,13,1.26 
2016,06,02,02:00,43,78,1,548,14,16,5,10,9,6,43,21,22,0.92 
2016,05,27,02:00,194,43,0,548,16,7,12,3,4,4,43,9,19,0.49 
2016,05,27,02:00,43,194,4,548,9,16,6,9,3,7,43,17,19,1.00 
2016,05,26,01:00,113,43,2,548,16,14,9,6,7,8,43,17,22,0.75 
2016,05,26,01:00,43,113,0,548,14,16,8,7,6,9,43,20,24,0.86 
2016,05,24,00:30,6,43,7,548,16,9,10,5,6,4,43,13,23,0.55 
2016,05,24,00:30,43,6,2,548,3,16,2,13,1,3,43,1,19,0.04 
2016,05,20,00:15,43,94,7,548,7,16,3,12,4,4,43,12,21,0.58 
2016,05,20,00:15,43,94,0,548,12,16,5,10,7,6,43,19,21,1.00 
2016,05,10,04:10,386,43,2,580,7,16,4,11,3,5,43,12,15,0.80 
2016,05,10,04:10,386,43,7,580,12,16,4,11,8,5,43,15,17,0.79 
2016,05,08,04:40,113,43,7,580,16,9,8,7,8,2,43,10,21,0.56 
2016,05,08,04:40,43,113,0,580,9,16,4,11,5,5,43,13,19,0.75 
2016,05,06,04:15,43,142,2,580,16,7,11,4,5,3,43,12,15,0.87 
2016,05,06,04:15,43,142,7,580,16,6,10,5,6,1,43,20,10,1.49 
2016,04,26,02:00,404,43,2,600,16,6,13,2,3,4,43,10,18,0.63 
2016,04,26,02:00,404,43,0,600,16,8,11,4,5,4,43,10,20,0.53 
2016,04,25,01:00,43,113,7,600,16,14,9,6,7,8,43,27,21,1.27 
2016,04,25,01:00,43,113,0,600,16,13,8,7,8,6,43,17,16,0.96 
2016,04,25,01:00,43,113,14,600,6,16,4,11,2,5,43,7,17,0.50 
2016,04,24,00:15,43,194,7,600,16,12,12,3,4,9,43,17,15,1.09 
2016,04,23,22:00,404,43,0,600,16,6,10,5,6,1,43,7,20,0.39 
