2015,06,09,23:15,258,711,1,878,21,15,8,7,7,8,711,13,25,0.62 
2015,06,09,20:15,8,711,0,883,16,8,8,7,8,1,711,14,20,0.77 
2015,06,09,20:15,711,8,14,883,16,13,7,8,9,5,711,15,22,0.71 
2015,02,19,20:00,711,258,7,935,16,11,5,10,11,1,711,15,14,0.92 
2014,12,18,19:50,711,297,7,965,16,11,7,8,9,3,711,22,14,1.35 
2014,12,18,19:50,297,711,0,965,9,16,7,8,2,8,711,18,15,1.04 
2014,12,07,00:55,1152,711,6,980,19,16,8,7,7,8,711,20,27,0.85 
2014,12,07,00:55,1152,711,8,980,16,10,7,8,9,2,711,10,20,0.51 
2014,12,07,00:55,711,1152,7,980,16,11,12,3,4,8,711,20,19,1.08 
2014,12,06,17:30,210,711,6,980,19,16,11,4,4,11,711,17,23,0.69 
2014,12,06,17:30,210,711,5,980,16,12,11,4,5,8,711,16,19,0.84 
2014,12,06,17:30,711,210,7,980,16,13,8,7,8,6,711,17,18,0.91 
2014,12,06,01:45,789,711,0,980,12,16,7,8,5,8,711,13,18,0.78 
2014,12,06,01:45,711,789,6,980,22,19,10,5,5,10,711,15,27,0.61 
2014,11,13,19:30,711,214,14,991,11,16,8,7,3,9,711,3,7,0.70 
2014,10,27,18:00,215,711,6,996,16,14,7,8,9,6,711,20,19,0.98 
2014,10,27,18:00,711,215,0,996,14,16,6,9,8,7,711,3,5,0.76 
2014,09,28,21:31,1168,1200,1,1022,16,8,8,7,8,1,1200,17,20,0.92 
2014,09,28,21:00,1200,1168,0,1022,7,16,7,8,0,8,1200,2,19,0.21 
2013,12,17,17:50,935,941,5,1098,5,16,5,10,0,6,935,11,18,0.58 
2013,12,17,17:50,941,935,1,1098,16,4,11,4,5,0,935,7,18,0.40 
2013,12,17,17:50,941,935,2,1098,16,11,11,4,5,7,935,7,20,0.43 
2013,12,17,17:50,941,935,6,1098,12,16,11,4,1,12,935,22,19,1.21 
2013,12,15,20:10,1317,1244,1,1099,16,14,10,5,6,9,1244,21,23,0.88 
2013,12,15,20:10,1244,1317,6,1099,14,16,11,4,3,12,1244,19,22,0.90 
2013,12,13,23:20,250,1244,1,1103,16,9,9,6,7,3,1244,7,22,0.36 
2013,12,13,23:20,250,1244,6,1103,16,3,13,2,3,1,1244,6,18,0.31 
2013,12,13,20:50,1045,1244,0,1103,13,16,3,12,10,4,1244,19,18,0.93 
2013,12,13,20:50,1045,1244,6,1103,14,16,8,7,6,9,1244,17,20,0.88 
2013,12,11,21:45,1321,1244,5,1099,8,16,8,7,0,9,1244,21,13,1.37 
2013,12,11,21:45,1321,1244,6,1099,16,11,9,6,7,5,1244,18,20,0.88 
2013,12,11,21:45,1321,1244,1,1099,0,16,0,15,0,1,1244,13,4,1.36 
2013,12,11,18:30,1244,215,1,1103,16,11,10,5,6,6,1244,20,17,1.09 
2013,12,11,18:30,215,1244,0,1103,16,12,11,4,5,8,1244,8,24,0.42 
2013,12,11,18:30,1244,215,6,1103,16,9,11,4,5,5,1244,14,12,0.99 
2013,12,10,22:00,49,1244,1,1104,7,16,6,9,1,7,1244,14,14,0.93 
2013,12,10,21:10,275,1244,6,1104,6,16,5,10,1,6,1244,12,13,0.84 
2013,12,10,20:00,1106,1244,6,1104,9,16,8,7,1,9,1244,14,18,0.79 
2013,12,08,20:00,1244,1323,5,1104,15,15,7,8,8,7,1244,16,19,0.80 
2013,12,08,19:00,1069,1244,5,1104,8,16,8,7,0,9,1244,14,13,0.96 
2013,12,04,19:00,1322,1244,7,1104,16,5,11,4,5,1,1244,7,20,0.40 
2013,12,03,22:15,1244,132,6,1104,16,8,10,5,6,3,1244,22,12,1.51 
2013,12,03,20:45,1045,1244,6,1103,13,16,6,9,7,7,1244,20,21,0.98 
2013,12,03,20:00,1325,1244,1,1103,7,16,6,9,1,7,1244,17,10,1.17 
2013,11,28,14:20,1045,1244,6,1105,16,2,13,2,3,0,1244,5,18,0.26 
2013,11,28,13:19,1244,210,6,1105,6,16,6,9,0,7,1244,9,17,0.58 
2013,11,28,10:00,1244,1045,1,1105,16,14,8,7,8,7,1244,16,19,0.82 
2013,11,21,22:30,287,1244,1,1104,16,9,7,8,9,1,1244,14,17,0.78 
2013,11,21,20:30,1244,722,1,1104,15,15,6,9,9,6,1244,17,22,0.74 
2013,11,17,21:00,1244,214,0,1104,12,16,10,5,2,11,1244,11,22,0.57 
2013,11,17,20:00,1244,1305,6,1104,16,3,13,2,3,1,1244,12,8,1.12 
2013,11,13,21:00,1244,215,6,1104,16,8,12,3,4,5,1244,11,13,0.83 
2013,11,12,22:00,1045,1244,6,1104,12,16,7,8,5,8,1244,17,14,1.00 
2013,11,12,21:00,1311,1244,6,1104,16,3,12,3,4,0,1244,9,15,0.69 
2013,11,10,20:00,844,1244,1,1104,13,16,7,8,6,8,1244,23,17,1.28 
2013,11,03,09:30,1317,1244,0,1110,12,16,12,3,0,13,1244,15,16,0.82 
2013,11,03,09:30,1244,1317,6,1110,16,11,10,5,6,6,1244,21,20,1.16 
2013,11,02,13:00,1244,1311,1,1110,16,7,9,6,7,1,1244,11,13,0.83 
2013,11,02,13:00,1244,1311,5,1110,14,16,11,4,3,12,1244,15,22,0.65 
2013,11,02,13:00,1244,1311,6,1110,16,12,11,4,5,8,1244,24,15,1.21 
2013,11,02,09:30,599,1244,5,1110,13,16,11,4,2,12,1244,15,16,0.90 
2013,11,02,09:30,1244,599,6,1110,16,6,11,4,5,2,1244,18,11,1.33 
2013,11,01,18:00,1244,116,5,1110,15,15,5,10,10,5,1244,22,19,1.12 
2013,11,01,17:11,1338,1244,6,1110,1,16,1,14,0,2,1244,8,6,1.06 
2013,11,01,14:30,1244,1045,1,1110,16,12,8,7,8,5,1244,19,15,1.17 
2013,10,17,21:15,1321,1244,5,1113,16,2,13,2,3,0,1244,17,17,1.09 
2013,09,10,20:00,1244,215,10,1125,12,16,4,11,8,5,1244,15,20,0.74 
2013,09,10,19:00,1106,1244,9,1125,8,16,3,12,5,4,1244,14,11,1.03 
