2016,05,29,12:15,49,101,2,546,5,16,4,11,1,5,101,19,7,1.55 
2016,05,07,20:45,196,49,14,585,6,16,3,12,3,4,196,12,17,0.69 
2016,05,07,20:45,49,196,1,585,16,8,10,5,6,3,196,11,17,0.67 
2016,02,28,19:10,642,291,2,639,13,16,7,8,6,8,642,22,21,1.00 
2016,02,28,19:10,291,642,14,639,3,16,3,12,0,4,642,16,12,1.10 
2016,02,28,19:10,642,291,1,639,13,16,9,6,4,10,642,19,20,0.90 
2016,02,27,20:40,362,642,0,639,16,7,11,4,5,3,642,12,19,0.63 
2016,02,26,01:15,302,642,2,639,10,16,3,12,7,4,642,20,18,1.01 
2016,02,23,17:00,642,132,0,638,14,16,8,7,6,9,642,21,21,0.98 
2016,02,23,17:00,642,132,6,638,18,22,8,7,7,8,642,27,29,0.89 
2016,02,21,15:00,158,672,7,650,16,1,14,1,2,0,672,7,17,0.41 
2016,02,21,15:00,158,672,0,650,16,14,7,8,9,6,672,18,22,0.85 
2016,02,21,15:00,158,672,1,650,13,16,8,7,5,9,672,19,18,0.94 
2016,01,19,17:00,439,22,14,669,9,16,5,10,4,6,439,13,21,0.56 
2016,01,19,17:00,439,22,0,669,5,16,5,10,0,6,439,11,17,0.70 
2016,01,07,21:45,439,312,14,681,3,16,1,14,2,2,439,12,17,0.86 
2016,01,07,21:45,439,312,2,681,13,16,10,5,3,11,439,11,24,0.50 
2015,12,18,19:00,22,439,4,695,6,16,5,10,1,6,439,15,10,1.09 
2015,12,18,19:00,439,22,2,695,16,12,8,7,8,5,439,27,20,1.35 
2015,12,18,19:00,22,439,7,695,16,9,8,7,8,2,439,10,20,0.57 
2015,12,17,21:00,642,439,0,695,6,16,6,9,0,7,439,13,10,0.99 
2015,12,17,21:00,642,439,14,695,3,16,3,12,0,4,439,13,9,1.12 
2015,12,16,21:00,214,439,1,695,13,16,11,4,2,12,439,17,19,0.85 
2015,12,16,21:00,439,214,0,695,16,1,14,1,2,0,439,11,10,0.94 
2015,12,15,22:25,439,755,7,701,16,2,13,2,3,0,439,13,9,1.14 
2015,12,15,18:30,439,755,0,701,16,7,10,5,6,2,439,13,11,0.90 
2015,12,15,18:30,439,755,4,701,19,21,5,10,10,5,439,32,30,1.06 
2015,12,15,18:30,439,755,7,701,16,3,12,3,4,0,439,15,9,1.27 
2015,12,14,17:30,439,639,0,701,16,5,11,4,5,1,439,12,9,1.05 
2015,12,14,17:30,439,639,7,701,16,2,13,2,3,0,439,18,8,1.61 
2015,12,10,21:00,439,647,14,654,16,8,8,7,8,1,439,15,11,1.11 
2015,12,10,21:00,647,439,7,654,5,16,5,10,0,6,439,11,13,1.02 
2015,12,03,20:00,439,214,7,654,15,21,5,10,10,5,439,16,27,0.67 
2015,12,03,20:00,214,439,0,654,21,19,11,4,4,11,439,21,28,0.78 
2015,12,02,21:15,439,743,4,657,16,14,8,7,8,7,439,24,22,1.04 
2015,12,02,21:15,743,439,0,657,16,14,8,7,8,7,439,15,19,0.85 
2015,12,02,21:15,439,743,7,657,16,12,8,7,8,5,439,14,20,0.73 
2015,12,01,23:30,439,819,0,723,16,1,14,1,2,0,439,9,10,0.88 
2015,12,01,21:15,654,439,2,657,5,16,4,11,1,5,439,13,15,0.81 
2015,12,01,21:15,654,439,7,657,15,19,8,7,7,8,439,21,22,0.94 
2015,12,01,18:30,439,820,4,723,16,8,10,5,6,3,439,18,11,1.19 
2015,12,01,18:30,820,439,7,723,12,16,7,8,5,8,439,16,18,0.93 
2015,12,01,18:30,820,439,14,723,16,10,10,5,6,5,439,17,18,0.89 
2015,11,30,20:30,490,439,7,652,16,13,5,10,11,3,439,19,21,0.85 
2015,11,30,20:30,439,490,14,652,14,16,8,7,6,9,439,15,21,0.70 
2015,11,30,20:30,439,490,0,652,16,11,11,4,5,7,439,21,14,1.24 
2015,11,30,17:30,819,439,14,723,6,16,2,13,4,3,439,23,14,1.51 
2015,11,30,17:30,439,819,0,723,16,7,10,5,6,2,439,21,14,1.33 
2015,11,29,19:00,52,439,7,652,19,17,10,5,5,10,439,31,26,1.16 
2015,11,29,19:00,52,439,2,652,16,8,11,4,5,4,439,16,19,0.87 
2015,11,28,16:00,490,439,7,652,9,16,6,9,3,7,439,17,13,1.12 
2015,11,28,16:00,439,490,14,652,16,3,12,3,4,0,439,17,6,1.46 
2015,11,18,02:00,759,439,2,744,11,16,7,8,4,8,439,26,17,1.36 
2015,11,17,23:00,702,439,14,744,16,10,7,8,9,2,439,14,18,0.77 
2015,11,17,19:00,439,303,7,744,13,16,7,8,6,8,439,17,19,0.93 
2015,11,09,18:05,258,439,7,696,16,11,10,5,6,6,439,16,21,0.85 
2015,11,09,18:05,439,258,14,696,12,16,6,9,6,7,439,24,19,1.23 
2015,11,05,20:00,439,302,0,654,10,16,2,13,8,3,439,14,20,0.71 
2015,11,05,20:00,302,439,2,654,14,16,10,5,4,11,439,15,19,0.76 
2015,11,05,18:00,642,439,4,741,16,2,13,2,3,0,439,9,18,0.42 
2015,11,05,18:00,642,439,2,741,16,11,8,7,8,4,439,26,19,1.30 
2015,11,04,18:00,147,439,0,654,16,8,10,5,6,3,439,14,19,0.78 
2015,11,04,18:00,147,439,7,654,6,16,3,12,3,4,439,19,10,1.43 
2015,10,27,21:00,59,439,4,654,12,16,7,8,5,8,439,13,20,0.72 
2015,10,27,21:00,59,439,7,654,16,9,9,6,7,3,439,16,19,0.85 
2015,10,23,21:00,13,439,2,593,16,11,10,5,6,6,439,14,20,0.73 
2015,10,23,21:00,13,439,0,593,14,16,11,4,3,12,439,14,17,0.78 
2015,10,23,21:00,13,439,7,593,16,6,12,3,4,3,439,8,18,0.45 
2015,10,20,20:00,383,439,2,654,18,21,11,4,4,11,439,20,26,0.79 
2015,10,20,20:00,383,439,14,654,16,7,12,3,4,4,439,16,17,1.00 
2015,10,19,19:00,314,439,7,593,17,21,8,7,7,8,439,35,22,1.42 
2015,10,19,19:00,439,314,14,593,16,8,12,3,4,5,439,23,14,1.41 
2015,10,18,22:20,13,439,14,741,16,10,10,5,6,5,439,19,21,0.88 
2015,10,18,22:20,439,13,4,741,11,16,5,10,6,6,439,19,22,0.89 
2015,10,18,18:00,439,472,7,741,6,16,5,10,1,6,439,11,17,0.68 
2015,10,18,18:00,439,472,0,741,16,13,8,7,8,6,439,20,16,1.02 
2015,10,13,20:00,196,439,7,783,5,16,5,10,0,6,439,15,9,1.20 
2015,10,13,20:00,439,196,0,783,10,16,9,6,1,10,439,13,19,0.68 
2015,10,06,22:00,439,302,2,741,2,16,2,13,0,3,439,2,16,0.18 
2015,10,06,22:00,439,302,4,741,11,16,8,7,3,9,439,15,20,0.76 
2015,10,06,18:00,584,439,2,741,16,3,14,1,2,2,439,5,17,0.31 
2015,10,06,18:00,584,439,14,741,16,4,12,3,4,1,439,7,19,0.36 
2015,10,05,20:30,22,439,14,783,16,5,10,5,6,0,439,8,19,0.40 
2015,10,05,20:30,439,22,0,783,6,16,5,10,1,6,439,12,18,0.63 
2015,10,03,19:15,196,439,0,570,16,5,13,2,3,3,439,8,16,0.65 
2015,10,03,19:15,439,196,1,570,16,19,7,8,8,7,439,22,22,0.98 
2015,10,03,15:30,439,642,4,796,16,10,12,3,4,7,439,15,17,0.85 
2015,10,03,15:30,439,642,14,796,7,16,6,9,1,7,439,16,17,0.95 
2015,10,03,15:30,642,439,0,796,9,16,7,8,2,8,439,19,13,1.26 
2015,10,03,13:00,439,949,7,796,16,13,8,7,8,6,439,16,17,0.90 
2015,10,03,13:00,439,949,0,796,16,5,12,3,4,2,439,18,8,1.53 
2015,10,01,18:00,439,945,4,741,16,12,7,8,9,4,439,21,15,1.21 
2015,10,01,18:00,439,945,14,741,16,11,11,4,5,7,439,20,18,1.04 
2015,09,30,21:25,13,439,7,593,16,13,10,5,6,8,439,14,17,0.84 
2015,09,30,21:25,13,439,2,593,16,11,6,9,10,2,439,22,21,1.06 
2015,09,30,18:15,439,890,2,741,16,8,12,3,4,5,439,19,9,1.41 
2015,09,30,18:15,890,439,7,741,12,16,8,7,4,9,439,17,16,0.98 
2015,09,29,22:00,439,314,4,741,13,16,7,8,6,8,439,16,19,0.86 
2015,09,29,22:00,439,314,0,741,8,16,3,12,5,4,439,11,17,0.67 
2015,09,23,22:22,384,439,1,766,16,1,14,1,2,0,439,6,17,0.33 
2015,09,23,22:22,384,439,0,766,16,14,7,8,9,6,439,23,23,1.08 
2015,09,23,22:15,384,439,7,766,14,16,9,6,5,10,439,27,18,1.43 
2015,09,23,15:30,439,291,0,766,10,16,8,7,2,9,439,13,17,0.86 
2015,09,23,15:30,439,291,4,766,11,16,6,9,5,7,439,20,22,0.90 
2015,09,23,15:30,291,439,1,766,17,19,4,11,11,4,439,28,24,1.16 
2015,09,15,20:00,968,439,4,796,8,16,5,10,3,6,439,21,14,1.22 
2015,09,15,20:00,439,968,0,796,16,2,13,2,3,0,439,16,6,1.48 
2015,09,13,18:00,380,719,1,766,16,12,8,7,8,5,380,24,17,1.20 
2015,09,13,18:00,380,719,7,766,16,5,13,2,3,3,380,23,9,1.74 
2015,09,13,15:30,776,380,1,766,12,16,6,9,6,7,380,21,15,1.21 
2015,09,13,15:30,380,776,4,766,16,11,9,6,7,5,380,21,19,1.02 
2015,09,13,12:00,944,380,7,766,8,16,7,8,1,8,380,22,12,1.42 
2015,09,13,12:00,380,944,4,766,16,3,12,3,4,0,380,14,11,1.02 
2015,09,08,20:00,59,380,2,783,14,16,12,3,2,13,380,14,18,0.83 
2015,09,08,20:00,380,59,4,783,9,16,6,9,3,7,380,13,19,0.68 
2015,09,06,15:00,380,302,14,766,18,21,7,8,8,7,380,27,30,0.87 
2015,09,06,15:00,302,380,0,766,16,4,11,4,5,0,380,8,19,0.49 
2015,09,06,12:00,380,719,0,766,16,11,9,6,7,5,380,23,17,1.21 
2015,09,06,12:00,380,719,1,766,14,16,7,8,7,8,380,23,24,1.00 
2015,09,06,12:00,380,719,7,766,16,9,12,3,4,6,380,17,14,1.18 
2015,09,03,19:30,380,967,7,796,16,5,10,5,6,0,380,28,11,1.86 
2015,09,03,19:30,380,967,0,796,16,9,10,5,6,4,380,26,13,1.72 
2015,09,01,23:45,380,458,7,836,9,16,6,9,3,7,380,12,18,0.65 
2015,09,01,23:45,380,458,0,836,16,2,13,2,3,0,380,17,7,1.64 
2015,09,01,22:00,52,380,7,836,24,26,4,11,11,4,380,35,30,1.09 
2015,09,01,19:00,380,458,2,836,13,16,11,4,2,12,380,15,20,0.77 
2015,09,01,19:00,380,458,0,836,16,14,9,6,7,8,380,18,22,0.82 
2015,09,01,19:00,458,380,7,836,16,11,13,2,3,9,380,15,19,0.81 
2015,08,31,20:45,52,380,0,836,7,16,6,9,1,7,380,17,16,1.04 
2015,08,31,20:45,380,52,7,836,16,4,11,4,5,0,380,17,9,1.36 
2015,08,30,20:30,825,380,0,833,16,6,12,3,4,3,380,15,19,0.94 
2015,08,27,18:00,22,380,14,841,14,16,8,7,6,9,380,15,20,0.81 
2015,08,27,18:00,380,22,4,841,19,17,8,7,7,8,380,23,23,0.94 
2015,08,27,18:00,22,380,2,841,16,14,12,3,4,11,380,15,19,0.76 
2015,08,26,22:45,380,945,7,783,19,22,7,8,8,7,380,27,30,0.88 
2015,08,26,22:45,945,380,0,783,10,16,10,5,0,11,380,21,17,1.11 
2015,08,26,18:00,380,214,1,843,9,16,9,6,0,10,380,21,17,1.19 
2015,08,26,18:00,214,380,2,843,16,11,7,8,9,3,380,30,20,1.55 
2015,08,18,20:00,380,369,14,815,13,16,8,7,5,9,380,22,23,0.94 
2015,08,18,20:00,369,380,1,815,16,13,9,6,7,7,380,20,17,1.05 
2015,08,18,20:00,369,380,0,815,8,16,4,11,4,5,380,18,13,1.15 
2015,08,18,19:00,314,380,7,815,10,16,8,7,2,9,380,20,16,1.18 
2015,08,13,18:00,985,458,2,741,16,13,8,7,8,6,458,20,24,0.92 
2015,08,13,18:00,985,458,1,741,3,16,3,12,0,4,458,19,9,1.72 
2015,08,08,23:15,370,458,7,867,14,16,4,11,10,5,458,17,20,0.84 
2015,08,08,23:15,370,458,1,867,4,16,3,12,1,4,458,21,11,1.68 
2015,08,08,16:00,369,458,7,867,12,16,5,10,7,6,458,26,18,1.32 
2015,08,08,16:00,458,369,1,867,16,3,12,3,4,0,458,18,6,1.72 
2015,08,07,17:00,458,690,0,867,16,10,12,3,4,7,458,16,17,0.93 
2015,08,07,17:00,458,690,1,867,16,8,7,8,9,0,458,19,16,1.15 
2015,08,07,17:00,458,690,14,867,5,16,4,11,1,5,458,11,18,0.66 
2015,06,01,21:00,383,270,1,654,12,16,4,11,8,5,383,29,20,1.44 
2015,06,01,21:00,270,383,7,654,16,5,13,2,3,3,383,22,17,1.42 
2015,05,28,20:30,383,458,1,913,15,21,11,4,4,11,383,27,23,1.03 
2015,05,28,20:30,458,383,7,913,21,17,12,3,3,12,383,24,26,0.94 
2015,05,23,15:00,52,383,0,916,16,11,11,4,5,7,383,18,20,0.92 
2015,05,22,21:00,383,508,1,916,10,16,3,12,7,4,383,18,19,0.89 
2015,05,22,21:00,383,508,14,916,8,16,5,10,3,6,383,20,17,1.28 
2015,05,22,21:00,383,508,7,916,16,5,10,5,6,0,383,17,12,1.25 
2015,05,21,21:30,1045,383,7,654,16,2,13,2,3,0,383,10,17,0.61 
2015,05,21,21:30,383,1045,4,654,8,16,7,8,1,8,383,17,18,0.89 
2015,05,13,21:00,383,1054,4,654,16,14,4,11,12,3,383,19,22,0.81 
2015,05,13,21:00,383,1054,1,654,16,14,5,10,11,4,383,18,24,0.76 
2015,05,13,21:00,383,1054,7,654,9,16,6,9,3,7,383,16,19,0.85 
2015,05,13,20:00,383,647,6,920,9,16,2,13,7,3,383,17,22,0.83 
2015,05,12,21:45,384,383,0,654,16,12,11,4,5,8,383,20,20,0.93 
2015,05,12,21:45,383,384,4,654,13,16,9,6,4,10,383,16,19,0.86 
2015,05,05,21:30,490,383,7,920,16,10,12,3,4,7,383,17,19,0.92 
2015,05,05,21:30,383,490,6,920,8,16,7,8,1,8,383,13,21,0.65 
2015,05,02,20:20,383,214,6,930,3,16,1,14,2,2,383,6,16,0.42 
2015,05,02,20:20,214,383,0,930,14,16,7,8,7,8,383,25,21,1.15 
2015,05,02,20:20,383,214,1,930,14,16,7,8,7,8,383,26,20,1.21 
2015,05,02,17:30,544,383,0,930,12,16,7,8,5,8,383,28,16,1.50 
2015,05,02,17:30,383,544,4,930,16,10,8,7,8,3,383,23,15,1.35 
2015,04,28,21:15,383,287,6,932,13,16,6,9,7,7,383,23,21,1.03 
2015,04,28,21:15,383,287,1,932,14,16,10,5,4,11,383,15,21,0.72 
2015,04,28,21:15,383,287,7,932,16,12,8,7,8,5,383,28,17,1.38 
2015,04,28,18:00,383,749,4,932,19,17,8,7,7,8,383,39,23,1.55 
2015,04,28,18:00,383,749,14,932,11,16,8,7,3,9,383,20,17,1.06 
2015,04,28,18:00,383,749,1,932,16,1,14,1,2,0,383,11,4,1.30 
2015,04,25,19:30,383,287,0,654,16,2,13,2,3,0,383,18,8,1.40 
2015,04,25,19:30,287,383,7,654,12,16,6,9,6,7,383,30,20,1.52 
2015,04,25,19:30,383,287,1,654,12,16,10,5,2,11,383,30,21,1.49 
2015,04,25,17:10,159,383,0,654,10,16,10,5,0,11,383,27,17,1.46 
2015,04,20,21:00,383,59,1,937,8,16,4,11,4,5,383,16,19,0.98 
2015,04,20,21:00,383,59,6,937,4,16,3,12,1,4,383,14,19,0.83 
2015,04,20,21:00,383,59,7,937,16,3,13,2,3,1,383,18,8,1.51 
2014,10,19,02:25,13,196,7,1005,16,8,11,4,5,4,196,13,22,0.59 
2014,10,18,21:15,297,196,7,1005,10,16,5,10,5,6,196,22,17,1.21 
2014,10,15,23:00,1175,1176,14,1008,16,10,10,5,6,5,1175,23,13,1.35 
2014,10,12,19:00,1175,1177,1,1008,5,16,2,13,3,3,1175,18,17,1.12 
2014,10,08,22:00,1175,1178,14,1008,16,2,14,1,2,1,1175,17,6,1.56 
2014,10,01,22:00,1175,838,0,1008,10,16,5,10,5,6,1175,19,18,1.08 
2014,09,30,21:30,1175,949,5,1008,16,5,10,5,6,0,1175,14,12,1.02 
2014,09,21,16:15,841,1175,6,1008,16,14,12,3,4,11,1175,32,19,1.42 
2014,06,11,20:20,8,648,5,1060,16,4,12,3,4,1,648,14,17,1.06 
2014,06,07,21:00,648,380,6,1060,4,16,4,11,0,5,648,11,19,0.59 
2014,06,02,20:00,838,648,0,1060,16,14,8,7,8,7,648,28,21,1.26 
