2016,03,26,14:00,512,516,1,620,16,8,7,8,9,0,516,9,17,0.62 
2016,03,26,14:00,516,512,0,620,7,16,3,12,4,4,516,8,20,0.40 
2016,03,25,19:50,519,516,14,620,5,16,4,11,1,5,516,14,10,1.09 
2016,03,25,19:50,516,519,7,620,16,6,13,2,3,4,516,20,10,1.36 
2016,03,25,12:00,522,516,14,620,4,16,3,12,1,4,516,13,8,1.12 
2016,03,25,12:00,516,522,7,620,16,4,12,3,4,1,516,22,9,1.57 
2016,03,06,13:20,516,510,7,636,17,19,8,7,7,8,516,23,30,0.80 
2016,03,06,13:20,516,510,0,636,11,16,9,6,2,10,516,11,20,0.66 
2016,03,06,13:20,516,510,6,636,25,23,10,5,5,10,516,33,34,0.91 
2016,03,05,17:00,516,512,2,636,16,14,8,7,8,7,516,23,20,1.11 
2016,03,05,14:20,639,516,2,636,16,6,11,4,5,2,516,12,18,0.74 
2016,03,05,13:20,512,516,7,636,0,16,0,15,0,1,516,21,7,2.14 
2015,07,12,16:00,510,516,14,876,16,10,10,5,6,5,516,16,20,0.79 
2015,07,12,16:00,510,516,1,876,16,11,8,7,8,4,516,12,18,0.74 
2015,07,11,19:00,1026,516,1,876,19,17,9,6,6,9,516,18,25,0.78 
2015,07,11,17:30,1039,516,1,876,13,16,5,10,8,6,516,23,21,1.05 
2015,07,11,16:00,1048,516,1,876,6,16,3,12,3,4,516,24,8,1.76 
2015,04,04,20:00,1074,516,4,949,11,16,8,7,3,9,516,13,21,0.65 
2015,04,04,20:00,516,1074,7,949,14,16,6,9,8,7,516,14,22,0.74 
2015,04,04,20:00,1074,516,0,949,12,16,7,8,5,8,516,19,21,0.94 
2015,04,04,16:00,516,1108,0,949,16,4,13,2,3,2,516,11,12,0.84 
2015,04,04,16:00,1108,516,1,949,16,11,7,8,9,3,516,9,22,0.43 
2015,04,04,16:00,516,1108,7,949,16,4,14,1,2,3,516,18,12,1.40 
2015,04,04,10:00,1109,516,14,949,14,16,9,6,5,10,516,19,21,0.85 
2015,04,04,10:00,516,1109,1,949,11,16,4,11,7,5,516,12,21,0.62 
2015,04,04,10:00,516,1109,0,949,22,19,8,7,7,8,516,23,27,0.87 
2015,04,03,18:30,516,1047,0,949,16,12,9,6,7,6,516,25,14,1.38 
2015,04,03,18:30,1047,516,7,949,11,16,8,7,3,9,516,21,17,1.06 
2015,04,03,12:00,1118,516,0,949,2,16,2,13,0,3,516,13,8,1.22 
2015,04,03,12:00,516,1118,1,949,16,1,14,1,2,0,516,19,5,1.75 
2014,11,01,09:45,1107,516,5,999,16,11,13,2,3,9,516,17,23,0.73 
2014,11,01,09:45,516,1107,14,999,7,16,6,9,1,7,516,11,20,0.56 
2014,10,31,10:25,516,271,0,999,16,5,11,4,5,1,516,15,12,1.06 
2014,10,31,10:25,516,271,14,999,16,10,14,1,2,9,516,16,15,0.95 
2014,10,31,10:25,271,516,5,999,16,2,13,2,3,0,516,7,17,0.37 
2014,10,30,18:15,516,1166,0,999,16,14,8,7,8,7,516,18,19,0.90 
2014,10,30,17:00,516,1119,7,999,15,15,13,2,2,13,516,20,18,1.09 
2014,10,30,15:40,1107,516,6,999,16,8,14,1,2,7,516,17,21,0.84 
