2015,01,14,19:00,1106,995,5,965,16,4,11,4,5,0,995,3,18,0.21 
2015,01,14,18:59,1106,995,0,965,16,10,9,6,7,4,995,17,22,0.78 
2014,12,22,18:30,1054,995,0,970,16,14,9,6,7,8,995,15,23,0.72 
2014,12,22,18:30,995,1054,5,970,11,16,8,7,3,9,995,11,18,0.66 
2014,12,20,22:45,1151,995,0,971,16,6,12,3,4,3,995,9,19,0.48 
2014,12,20,19:35,995,1151,7,971,21,18,9,6,6,9,995,20,33,0.69 
2014,12,20,19:35,995,1151,4,971,14,16,11,4,3,12,995,22,24,0.95 
2014,12,20,17:20,196,995,0,971,16,4,11,4,5,0,995,10,18,0.59 
2014,12,20,17:20,196,995,6,971,16,1,14,1,2,0,995,5,17,0.28 
2014,12,20,13:00,995,8,7,971,7,16,4,11,3,5,995,14,18,0.79 
2014,12,20,13:00,995,8,5,971,14,16,5,10,9,6,995,25,23,1.06 
2014,12,13,15:40,995,214,7,978,8,16,2,13,6,3,995,12,18,0.65 
2014,12,13,15:40,995,214,0,978,9,16,5,10,4,6,995,18,20,0.88 
2014,12,10,19:00,22,995,0,965,16,12,13,2,3,10,995,11,17,0.69 
2014,12,10,19:00,995,22,5,965,11,16,9,6,2,10,995,14,22,0.69 
2014,11,20,22:30,995,1054,6,946,16,7,14,1,2,6,995,13,12,0.91 
2014,11,20,22:30,995,1054,0,946,24,26,11,4,4,11,995,27,37,0.72 
2014,11,20,22:30,995,1054,5,946,16,5,13,2,3,3,995,19,9,1.64 
2014,11,10,22:40,995,544,7,978,16,5,10,5,6,0,995,19,12,1.24 
2014,11,10,21:50,995,1037,0,978,16,5,11,4,5,1,995,12,8,1.01 
2014,11,10,19:10,995,500,5,978,5,16,4,11,1,5,995,15,17,0.95 
2014,08,05,22:10,1037,1220,1,1032,21,17,5,10,10,5,1220,20,29,0.72 
2014,08,05,21:00,995,1220,6,1032,10,16,6,9,4,7,1220,17,17,1.01 
2014,08,05,19:00,1037,1220,0,1032,16,14,12,3,4,11,1220,19,18,1.05 
2014,02,02,21:00,1220,995,2,1090,16,3,12,3,4,0,1220,16,13,1.14 
2014,02,02,21:00,995,1220,1,1090,16,13,8,7,8,6,1220,20,23,0.92 
2014,02,02,21:00,995,1220,6,1090,10,16,6,9,4,7,1220,21,19,1.10 
2013,10,14,20:10,383,1328,5,978,14,16,6,9,8,7,383,25,20,1.20 
2013,10,14,19:00,1333,383,5,978,10,16,9,6,1,10,383,23,14,1.32 
2013,10,07,21:25,1220,383,7,978,16,12,7,8,9,4,383,25,20,1.34 
2013,10,07,20:00,383,1259,0,978,21,19,8,7,7,8,383,25,29,0.83 
2013,10,07,19:00,383,544,8,978,16,12,8,7,8,5,383,17,19,0.99 
2013,09,24,19:00,690,383,13,1125,16,8,12,3,4,5,383,15,20,0.88 
2013,09,17,19:00,158,383,11,1125,16,12,8,7,8,5,383,17,19,0.91 
2013,09,10,19:00,383,690,9,1125,6,16,1,14,5,2,383,14,18,0.76 
2013,03,26,19:00,1336,1335,12,1069,10,16,5,10,5,6,1336,23,23,1.10 
2013,03,24,21:00,1312,1336,9,1069,16,10,7,8,9,2,1336,11,22,0.50 
2013,03,14,21:00,1425,1336,10,1069,12,16,6,9,6,7,1336,28,16,1.59 
2013,03,13,21:00,1336,690,9,1069,8,16,7,8,1,8,1336,12,19,0.66 
2013,03,12,20:00,1336,1411,13,1069,11,16,6,9,5,7,1336,16,19,0.89 
2013,03,10,21:00,1336,214,11,1069,16,4,11,4,5,0,1336,20,9,1.57 
