2016,07,21,22:30,257,215,14,502,14,16,9,6,5,10,257,15,19,0.77 
2016,07,21,22:30,215,257,1,502,9,16,7,8,2,8,257,14,13,0.91 
2016,07,21,22:30,215,257,4,502,19,15,7,8,8,7,257,23,21,1.00 
2016,07,18,03:10,257,270,2,518,16,5,11,4,5,1,257,13,14,0.90 
2016,07,18,03:10,270,257,1,518,14,16,5,10,9,6,257,26,15,1.36 
2016,07,17,23:25,257,69,0,518,19,17,6,9,9,6,257,26,19,1.10 
2016,07,17,23:25,69,257,4,518,22,25,9,6,6,9,257,32,31,0.99 
2016,07,16,23:30,97,257,14,518,17,19,4,11,11,4,257,33,23,1.35 
2016,07,16,23:30,97,257,0,518,10,16,6,9,4,7,257,21,13,1.48 
2016,06,25,21:35,270,257,2,540,16,11,9,6,7,5,257,17,21,0.92 
2016,06,25,21:35,257,270,7,540,7,16,6,9,1,7,257,19,13,1.35 
2016,06,25,15:00,253,257,4,540,8,16,6,9,2,7,257,13,11,0.92 
2016,06,25,15:00,257,253,1,540,16,9,11,4,5,5,257,19,13,1.17 
2016,06,24,19:40,210,257,1,540,16,13,11,4,5,9,257,16,19,0.88 
2016,06,12,23:20,257,292,7,552,8,16,8,7,0,9,257,15,15,0.95 
2016,06,12,18:15,257,258,14,552,12,16,7,8,5,8,257,20,15,1.08 
2016,06,11,17:45,34,257,7,552,13,16,10,5,3,11,257,25,15,1.39 
2016,06,10,20:15,214,257,0,552,16,12,11,4,5,8,257,20,18,1.16 
2016,06,09,15:40,257,364,14,552,16,12,8,7,8,5,257,17,19,0.94 
2016,05,28,04:00,257,70,1,502,9,16,1,14,8,2,257,13,16,0.82 
2016,05,28,04:00,70,257,14,502,19,16,7,8,8,7,257,35,23,1.46 
2016,05,28,04:00,257,70,0,502,16,11,9,6,7,5,257,17,13,1.08 
2016,05,26,22:30,286,257,7,502,11,16,5,10,6,6,257,16,15,1.01 
2016,05,26,22:30,257,286,14,502,16,3,12,3,4,0,257,13,11,1.10 
2016,05,26,00:00,257,286,14,502,11,16,7,8,4,8,257,20,21,0.93 
2016,05,25,23:00,257,286,2,502,16,7,9,6,7,1,257,19,12,1.31 
2016,05,25,21:45,257,70,2,502,10,16,5,10,5,6,257,12,20,0.73 
2016,05,25,20:40,70,257,1,502,16,7,10,5,6,2,257,15,17,0.96 
2016,05,24,22:10,257,303,7,502,16,2,13,2,3,0,257,13,8,1.15 
2016,05,24,21:00,257,303,1,502,16,11,7,8,9,3,257,12,11,0.88 
2016,05,24,04:00,257,291,1,563,16,14,8,7,8,7,257,20,11,1.19 
2016,05,24,04:00,257,291,4,563,16,12,10,5,6,7,257,23,14,1.28 
2016,05,24,04:00,291,257,14,563,16,9,13,2,3,7,257,14,18,0.86 
2016,05,22,02:00,303,257,1,563,14,16,8,7,6,9,257,19,20,0.94 
2016,05,22,02:00,303,257,4,563,9,16,7,8,2,8,257,14,14,0.99 
2016,05,21,02:00,257,116,2,563,16,11,7,8,9,3,257,21,15,1.12 
2016,05,21,02:00,116,257,7,563,14,16,7,8,7,8,257,13,19,0.70 
2016,05,21,02:00,257,116,1,563,7,16,5,10,2,6,257,8,17,0.65 
2016,05,20,04:15,257,270,1,563,16,4,12,3,4,1,257,24,9,1.80 
2016,05,20,04:15,270,257,14,563,10,16,9,6,1,10,257,20,10,1.37 
2016,05,20,04:15,257,270,6,563,10,16,5,10,5,6,257,12,18,0.82 
2016,05,12,14:00,303,257,14,576,16,10,10,5,6,5,257,15,16,0.86 
2016,05,12,14:00,257,303,1,576,16,19,7,8,8,7,257,29,21,1.28 
2016,05,11,16:30,257,210,6,576,10,16,6,9,4,7,257,18,16,1.09 
2016,05,08,17:00,257,424,7,582,11,16,2,13,9,3,257,13,18,0.72 
2016,05,08,17:00,424,257,6,582,19,16,9,6,6,9,257,25,23,1.13 
2016,05,08,17:00,257,424,14,582,16,13,8,7,8,6,257,22,11,1.32 
2016,05,08,00:15,291,257,1,582,11,16,10,5,1,11,257,19,15,1.12 
2016,05,08,00:15,257,291,0,582,12,16,12,3,0,13,257,23,17,1.17 
2016,05,08,00:15,291,257,7,582,16,19,10,5,5,10,257,19,18,0.98 
2016,05,07,05:00,70,257,0,582,16,3,15,0,1,3,257,5,16,0.35 
2016,05,07,01:00,257,291,14,582,16,1,14,1,2,0,257,15,7,1.46 
2016,05,04,01:00,257,366,1,563,16,7,13,2,3,5,257,22,10,1.49 
2016,05,04,01:00,366,257,0,563,4,16,4,11,0,5,257,9,9,0.85 
2016,05,04,01:00,257,366,7,563,14,16,7,8,7,8,257,22,16,1.11 
2016,04,30,04:30,257,70,0,563,14,16,9,6,5,10,257,12,23,0.56 
2016,04,30,04:30,257,70,1,563,7,16,5,10,2,6,257,16,19,0.87 
2016,04,29,04:00,446,257,7,563,2,16,2,13,0,3,257,12,4,1.35 
2016,04,29,04:00,257,446,1,563,16,5,11,4,5,1,257,14,6,1.39 
2016,04,27,03:00,257,471,1,598,16,4,14,1,2,3,257,9,6,0.95 
2016,04,27,02:00,257,471,2,598,16,9,13,2,3,7,257,16,12,1.08 
2016,04,25,01:15,257,362,4,598,16,5,14,1,2,4,257,17,8,1.40 
2016,04,25,00:00,257,362,14,598,16,7,10,5,6,2,257,21,12,1.43 
2016,04,24,01:00,257,312,1,563,16,8,10,5,6,3,257,13,12,0.93 
2016,04,24,01:00,257,312,7,563,5,16,3,12,2,4,257,10,20,0.57 
2016,04,24,01:00,257,312,0,563,16,13,6,9,10,4,257,26,18,1.36 
2016,04,21,04:00,257,38,14,563,16,11,7,8,9,3,257,12,12,0.87 
2016,04,21,04:00,38,257,0,563,16,7,8,7,8,0,257,14,15,0.92 
2016,04,21,04:00,257,38,2,563,16,8,10,5,6,3,257,20,14,1.18 
2016,04,15,05:00,257,435,6,590,16,2,13,2,3,0,257,17,9,1.45 
2016,04,15,05:00,435,257,4,590,10,16,7,8,3,8,257,14,17,0.82 
2016,04,15,05:00,435,257,7,590,16,9,7,8,9,1,257,8,17,0.57 
2016,04,14,04:25,257,79,14,590,16,11,6,9,10,2,257,17,12,1.09 
2016,04,14,04:25,79,257,7,590,4,16,1,14,3,2,257,14,6,1.36 
2016,04,08,03:00,257,303,7,598,5,16,4,11,1,5,257,11,15,0.73 
2016,04,08,02:00,303,257,1,598,16,8,8,7,8,1,257,12,18,0.67 
2016,04,03,18:00,502,503,5,616,22,19,11,4,4,11,502,19,32,0.67 
2016,03,30,21:30,292,257,1,615,16,3,12,3,4,0,257,12,16,0.75 
2016,03,30,01:15,257,215,2,615,9,16,7,8,2,8,257,15,18,0.89 
2016,03,24,05:30,279,257,2,598,3,16,3,12,0,4,257,15,5,1.38 
2016,03,24,04:30,257,279,1,598,16,7,14,1,2,6,257,20,12,1.32 
2016,03,22,03:30,257,366,14,598,16,5,13,2,3,3,257,19,6,1.75 
2016,03,22,02:30,257,366,2,598,16,12,9,6,7,6,257,23,14,1.28 
2016,03,21,04:45,303,257,7,624,5,16,5,10,0,6,257,18,10,1.25 
2016,03,21,04:45,303,257,2,624,7,16,5,10,2,6,257,15,8,1.18 
2016,03,21,04:45,257,303,1,624,17,19,3,12,12,3,257,27,22,1.07 
2016,03,20,18:00,69,257,7,624,3,16,3,12,0,4,257,8,6,0.94 
2016,03,20,18:00,257,69,1,624,16,5,13,2,3,3,257,23,9,1.63 
2016,03,20,02:00,257,312,0,624,19,17,5,10,10,5,257,25,21,1.07 
2016,03,20,02:00,257,312,7,624,16,3,14,1,2,2,257,21,4,1.81 
2016,03,18,05:30,70,257,14,598,16,7,10,5,6,2,257,11,18,0.65 
2016,03,18,04:30,70,257,4,598,13,16,11,4,2,12,257,30,17,1.50 
2016,03,17,03:30,286,257,1,598,8,16,5,10,3,6,257,16,10,1.15 
2016,03,17,02:00,286,257,2,598,16,19,9,6,6,9,257,23,23,0.96 
2016,03,14,05:00,257,69,7,598,4,16,4,11,0,5,257,4,17,0.29 
2016,03,14,04:00,69,257,2,598,10,16,4,11,6,5,257,19,18,1.00 
2016,03,13,04:00,257,116,7,598,16,2,13,2,3,0,257,14,7,1.21 
2016,03,13,03:15,116,257,4,598,15,19,5,10,10,5,257,32,24,1.27 
2016,03,10,04:30,312,257,14,598,16,7,9,6,7,1,257,12,16,0.73 
2016,03,10,03:00,257,312,7,598,13,16,4,11,9,5,257,22,18,1.12 
2016,02,28,22:40,286,257,7,639,16,19,8,7,7,8,257,22,21,0.98 
2016,02,28,22:40,257,286,0,639,16,14,10,5,6,9,257,18,16,0.96 
2016,02,27,21:40,257,22,7,639,16,13,11,4,5,9,257,22,16,1.14 
2016,02,27,05:30,152,257,7,639,16,9,12,3,4,6,257,14,16,0.88 
2016,02,22,07:30,291,257,14,647,16,3,12,3,4,0,257,2,17,0.17 
2016,02,22,07:30,257,291,7,647,12,16,9,6,3,10,257,19,20,0.90 
2016,02,22,03:25,257,424,1,647,8,16,3,12,5,4,257,21,18,1.08 
2016,02,22,03:25,424,257,2,647,10,16,6,9,4,7,257,22,14,1.49 
2016,02,22,03:25,424,257,6,647,16,8,8,7,8,1,257,11,15,0.71 
2016,02,21,22:40,366,257,1,647,14,16,4,11,10,5,257,18,17,1.01 
2016,02,21,22:40,366,257,2,647,9,16,6,9,3,7,257,14,14,0.94 
2016,02,21,22:40,366,257,6,647,16,9,9,6,7,3,257,15,20,0.78 
2016,02,21,20:20,257,669,4,647,16,1,14,1,2,0,257,13,4,1.37 
2016,02,21,20:20,669,257,7,647,12,16,2,13,10,3,257,11,15,0.77 
2016,02,15,05:15,257,424,7,653,17,19,10,5,5,10,257,24,20,1.10 
2016,02,15,05:15,257,424,0,653,14,16,11,4,3,12,257,20,19,0.89 
2016,02,15,02:00,312,257,2,653,10,16,8,7,2,9,257,24,14,1.39 
2016,02,15,02:00,312,257,1,653,11,16,5,10,6,6,257,22,16,1.38 
2016,02,15,02:00,257,312,6,653,4,16,3,12,1,4,257,9,15,0.73 
2016,02,14,22:00,257,684,7,653,16,11,6,9,10,2,257,22,14,1.40 
2016,02,14,22:00,684,257,6,653,6,16,5,10,1,6,257,14,8,1.24 
2016,02,12,03:00,291,257,4,598,5,16,4,11,1,5,257,16,7,1.37 
2016,02,12,02:00,291,257,14,598,12,16,9,6,3,10,257,18,14,1.07 
2016,02,06,11:00,258,257,4,657,16,12,7,8,9,4,257,15,19,0.75 
2016,02,06,11:00,257,258,0,657,13,16,12,3,1,13,257,22,15,1.19 
2016,02,05,21:30,257,292,2,657,11,16,10,5,1,11,257,17,19,0.94 
2016,02,05,21:30,292,257,7,657,16,3,13,2,3,1,257,5,16,0.38 
2016,02,05,15:15,496,257,1,657,11,16,6,9,5,7,257,21,13,1.24 
2016,02,05,15:15,257,496,7,657,16,14,9,6,7,8,257,23,17,1.21 
2016,02,05,09:00,292,257,14,657,16,6,12,3,4,3,257,10,18,0.71 
2016,02,05,09:00,292,257,2,657,16,13,9,6,7,7,257,16,18,0.91 
2016,02,05,09:00,292,257,7,657,17,19,9,6,6,9,257,30,18,1.36 
2015,12,16,04:00,257,682,6,692,8,16,5,10,3,6,257,9,18,0.57 
2015,12,16,04:00,682,257,14,692,16,10,10,5,6,5,257,10,15,0.73 
2015,12,10,00:00,788,257,7,657,7,16,6,9,1,7,257,19,10,1.33 
2015,12,10,00:00,257,788,14,657,16,2,13,2,3,0,257,19,5,1.73 
2015,11,21,23:10,257,270,1,734,5,16,5,10,0,6,257,17,18,0.96 
2015,11,21,23:10,257,270,7,734,16,14,10,5,6,9,257,22,17,1.16 
2015,11,21,23:10,270,257,4,734,16,11,8,7,8,4,257,21,20,1.10 
2015,11,20,03:00,257,496,14,740,16,10,7,8,9,2,257,14,16,0.92 
2015,11,20,02:00,257,70,6,740,4,16,3,12,1,4,257,9,17,0.59 
2015,11,19,11:30,286,257,7,744,12,16,6,9,6,7,257,28,18,1.44 
2015,11,19,03:30,257,303,6,744,16,7,9,6,7,1,257,22,10,1.46 
2015,11,19,03:30,303,257,14,744,11,16,3,12,8,4,257,19,13,1.16 
2015,11,19,03:30,257,303,4,744,12,16,9,6,3,10,257,15,18,0.86 
2015,11,18,21:40,257,286,14,744,16,6,9,6,7,0,257,16,11,1.09 
2015,11,18,21:40,286,257,7,744,19,16,5,10,10,5,257,24,23,0.95 
2015,11,18,21:40,286,257,6,744,11,16,8,7,3,9,257,17,15,1.04 
2015,11,18,03:45,257,702,7,744,16,14,12,3,4,11,257,27,19,1.24 
2015,11,18,03:45,702,257,14,744,15,19,8,7,7,8,257,23,21,1.05 
2015,11,18,03:45,702,257,1,744,16,14,9,6,7,8,257,23,18,1.18 
2015,11,17,08:00,758,257,7,744,2,16,2,13,0,3,257,22,9,2.20 
2015,11,17,06:15,257,496,1,744,16,2,15,0,1,2,257,14,6,1.45 
2015,11,17,03:05,116,257,14,744,1,16,1,14,0,2,257,14,7,1.30 
2015,11,15,23:45,303,257,14,748,15,19,7,8,8,7,257,31,22,1.31 
2015,11,15,23:45,303,257,6,748,16,4,11,4,5,0,257,9,19,0.47 
2015,11,15,23:45,257,303,7,748,16,5,10,5,6,0,257,16,10,1.23 
2015,11,15,21:35,70,257,1,748,7,16,2,13,5,3,257,15,13,1.00 
2015,11,15,21:35,257,70,14,748,16,9,12,3,4,6,257,23,13,1.49 
2015,11,15,05:30,257,116,6,748,16,5,13,2,3,3,257,18,10,1.39 
2015,11,15,02:40,257,303,7,748,14,16,4,11,10,5,257,27,17,1.40 
2015,11,14,23:50,738,257,6,748,4,16,4,11,0,5,257,14,11,1.04 
2015,11,13,05:00,70,257,4,749,16,13,8,7,8,6,257,20,21,1.02 
2015,11,12,05:00,303,257,7,749,16,12,6,9,10,3,257,11,21,0.62 
2015,11,12,03:00,362,257,7,749,8,16,7,8,1,8,257,10,15,0.65 
2015,11,12,02:00,116,257,4,740,11,16,7,8,4,8,257,20,15,1.15 
2015,11,11,04:15,257,738,1,740,16,6,9,6,7,0,257,20,11,1.33 
2015,11,11,02:00,257,116,7,749,16,12,10,5,6,7,257,21,16,1.14 
2015,11,06,03:00,291,257,7,740,16,12,9,6,7,6,257,20,20,1.02 
2015,11,06,02:00,682,257,7,740,16,12,5,10,11,2,257,19,21,0.87 
2015,11,05,03:30,279,257,4,749,12,16,8,7,4,9,257,26,15,1.38 
2015,11,04,03:00,805,257,2,740,16,12,8,7,8,5,257,16,23,0.77 
2015,11,04,02:00,257,116,6,740,11,16,5,10,6,6,257,12,21,0.60 
2015,10,30,10:00,257,210,4,766,12,16,9,6,3,10,257,15,20,0.83 
2015,10,30,10:00,257,210,1,766,6,16,6,9,0,7,257,15,17,0.91 
2015,10,29,10:00,642,257,14,766,13,16,7,8,6,8,257,12,14,0.85 
2015,10,28,12:00,70,257,1,766,16,11,8,7,8,4,257,15,18,0.80 
2015,10,25,02:00,257,291,0,740,11,16,9,6,2,10,257,23,18,1.11 
2015,10,25,01:00,682,257,4,740,16,10,10,5,6,5,257,14,20,0.71 
2015,10,22,05:00,738,257,4,740,16,6,13,2,3,4,257,7,16,0.49 
2015,10,22,04:00,257,805,14,740,16,6,11,4,5,2,257,17,9,1.42 
2015,10,22,02:00,303,257,14,749,16,12,9,6,7,6,257,16,23,0.79 
2015,10,21,04:00,257,303,6,740,6,16,5,10,1,6,257,16,16,0.99 
2015,10,21,02:00,362,257,14,740,8,16,4,11,4,5,257,18,10,1.27 
2015,10,20,04:00,257,279,7,740,16,11,5,10,11,1,257,14,13,0.95 
2015,10,15,04:00,257,70,4,749,16,7,9,6,7,1,257,19,9,1.46 
2015,10,15,02:00,303,257,1,740,17,19,5,10,10,5,257,29,18,1.27 
2015,10,14,03:00,910,257,1,749,6,16,5,10,1,6,257,17,8,1.32 
2015,10,02,05:00,933,257,0,740,13,16,8,7,5,9,257,23,19,1.08 
2015,10,02,03:15,257,70,2,740,16,6,12,3,4,3,257,20,7,1.53 
2015,10,01,04:00,257,362,0,740,16,19,9,6,6,9,257,26,19,1.19 
2015,10,01,03:00,279,257,1,740,1,16,1,14,0,2,257,15,3,1.55 
2015,09,22,18:30,22,257,7,766,6,16,3,12,3,4,257,17,12,1.12 
2015,09,22,18:30,22,257,6,766,12,16,6,9,6,7,257,19,12,1.24 
2015,09,22,12:30,257,724,7,766,16,8,7,8,9,0,257,14,13,0.96 
2015,09,22,12:30,724,257,1,766,14,16,9,6,5,10,257,20,17,1.10 
2015,09,18,03:00,496,257,2,740,7,16,6,9,1,7,257,23,10,1.57 
2015,09,18,02:00,257,933,6,740,16,8,12,3,4,5,257,22,10,1.48 
2015,09,10,19:00,250,257,1,822,19,16,6,9,9,6,257,25,22,1.12 
2015,09,10,13:15,257,258,14,822,12,16,8,7,4,9,257,20,20,1.02 
2015,08,21,13:45,23,257,1,846,16,13,6,9,10,4,257,22,17,1.13 
2015,08,20,21:05,8,257,14,846,16,8,8,7,8,1,257,14,16,0.90 
2015,08,20,19:30,214,257,4,846,10,16,8,7,2,9,257,16,14,0.98 
2015,08,02,23:30,1035,257,7,869,5,16,5,10,0,6,257,25,8,1.80 
2015,08,02,23:30,257,1035,6,869,16,7,9,6,7,1,257,24,12,1.46 
2015,08,01,21:30,257,303,1,869,16,10,9,6,7,4,257,20,13,1.39 
2015,08,01,19:00,447,257,14,869,2,16,2,13,0,3,257,10,2,1.25 
2015,07,26,19:15,8,257,6,871,16,11,14,1,2,10,257,20,18,1.05 
2015,07,26,19:15,8,257,7,871,7,16,4,11,3,5,257,19,13,1.22 
2015,07,26,19:15,8,257,2,871,16,5,13,2,3,3,257,11,15,0.70 
2015,07,26,04:20,291,257,7,871,9,16,7,8,2,8,257,17,12,1.09 
2015,07,26,02:00,291,257,1,871,12,16,2,13,10,3,257,20,15,1.06 
2015,07,25,19:30,214,257,1,871,16,12,5,10,11,2,257,22,17,1.23 
2015,07,25,19:30,214,257,7,871,16,5,12,3,4,2,257,14,14,1.02 
2015,07,25,02:00,291,257,7,871,17,19,2,13,13,2,257,26,17,1.29 
2015,07,25,02:00,291,257,14,871,10,16,9,6,1,10,257,23,12,1.47 
2015,07,18,21:05,270,257,0,874,16,2,13,2,3,0,257,9,17,0.53 
2015,07,18,21:05,270,257,7,874,16,14,8,7,8,7,257,23,16,1.21 
2015,07,18,17:30,257,210,2,874,21,19,10,5,5,10,257,31,26,1.09 
2015,07,18,17:30,210,257,0,874,7,16,4,11,3,5,257,20,8,1.44 
2015,07,16,15:30,215,257,14,874,14,16,7,8,7,8,257,25,17,1.32 
2015,07,16,12:15,23,257,1,874,7,16,5,10,2,6,257,25,7,2.13 
2015,07,12,23:00,215,257,4,875,16,14,7,8,9,6,257,13,17,0.79 
2015,07,12,23:00,215,257,1,875,14,16,10,5,4,11,257,24,17,1.29 
2015,07,12,23:00,215,257,6,875,16,3,13,2,3,1,257,5,17,0.34 
2015,07,12,16:00,258,257,14,875,17,19,5,10,10,5,257,27,23,1.07 
2015,07,12,16:00,257,258,2,875,16,8,10,5,6,3,257,28,12,1.83 
2015,07,11,16:00,257,303,6,875,16,14,10,5,6,9,257,19,20,0.88 
2015,07,11,16:00,303,257,4,875,11,16,9,6,2,10,257,21,18,1.12 
2015,07,10,19:00,257,13,7,875,16,10,7,8,9,2,257,25,13,1.50 
2015,07,10,17:30,404,257,4,875,6,16,5,10,1,6,257,20,12,1.45 
2015,07,10,16:00,257,1049,14,875,16,4,14,1,2,3,257,14,9,1.21 
2015,07,05,18:30,210,257,1,877,19,15,5,10,10,5,257,29,20,1.23 
2015,07,05,18:30,257,210,4,877,14,16,9,6,5,10,257,16,19,0.84 
2015,07,05,18:29,257,210,7,877,6,16,3,12,3,4,257,17,18,0.90 
2015,07,05,18:29,210,257,14,877,14,16,8,7,6,9,257,26,18,1.24 
2015,07,04,17:50,257,291,1,877,16,8,9,6,7,2,257,18,13,1.22 
2015,07,04,16:00,291,257,7,877,5,16,4,11,1,5,257,21,9,1.47 
2015,07,03,16:00,258,257,7,877,12,16,10,5,2,11,257,27,19,1.36 
2015,07,03,16:00,258,257,1,877,12,16,7,8,5,8,257,20,18,1.05 
2015,07,02,18:15,8,257,4,877,16,10,10,5,6,5,257,17,17,0.93 
2015,07,02,14:00,258,257,7,877,13,16,8,7,5,9,257,26,18,1.28 
2015,06,27,15:15,257,8,1,880,5,16,4,11,1,5,257,13,17,0.84 
2015,06,27,15:15,257,8,4,880,13,16,9,6,4,10,257,24,18,1.28 
2015,06,26,22:30,257,258,7,880,12,16,7,8,5,8,257,16,18,0.87 
2015,06,26,22:30,258,257,6,880,16,2,13,2,3,0,257,11,17,0.65 
2015,06,26,22:30,258,257,2,880,16,19,9,6,6,9,257,35,20,1.48 
2015,06,23,02:00,424,257,0,888,11,16,5,10,6,6,257,21,18,1.07 
2015,06,22,00:00,70,257,7,888,5,16,5,10,0,6,257,16,12,1.10 
2015,06,21,21:15,303,257,7,891,16,13,8,7,8,6,257,17,19,0.80 
2015,06,21,21:15,257,303,1,891,4,16,4,11,0,5,257,9,17,0.59 
2015,06,20,03:00,257,70,6,878,16,7,13,2,3,5,257,17,12,1.21 
2015,06,20,02:00,291,257,6,878,9,16,5,10,4,6,257,12,11,0.93 
2015,06,19,05:00,303,257,7,878,16,4,14,1,2,3,257,10,17,0.66 
2015,06,19,02:00,257,70,6,878,16,8,9,6,7,2,257,11,9,0.97 
2015,06,18,05:30,257,1035,1,878,16,5,11,4,5,1,257,14,12,1.07 
2015,06,18,03:00,257,1056,2,888,16,8,9,6,7,2,257,23,9,1.48 
2015,06,17,06:00,1035,257,2,878,10,16,9,6,1,10,257,20,16,1.22 
2015,06,17,04:00,257,1023,14,888,16,4,12,3,4,1,257,17,6,1.60 
2015,06,17,03:00,257,303,1,888,16,4,14,1,2,3,257,17,9,1.33 
2015,06,17,02:00,257,303,4,878,12,16,7,8,5,8,257,16,19,0.84 
2015,06,16,02:00,303,257,4,883,3,16,2,13,1,3,257,12,7,1.10 
2015,06,16,02:00,303,257,7,883,4,16,3,12,1,4,257,24,8,1.90 
2015,06,11,05:30,1057,257,7,878,12,16,11,4,1,12,257,16,19,0.88 
2015,06,11,04:30,404,257,4,888,16,6,13,2,3,4,257,8,19,0.47 
2015,06,11,03:30,1057,257,6,888,11,16,5,10,6,6,257,18,19,0.91 
2015,06,08,04:30,257,303,1,898,16,6,12,3,4,3,257,25,7,1.87 
2015,06,08,04:30,303,257,7,898,14,16,7,8,7,8,257,20,18,1.00 
2015,06,05,04:15,1057,257,2,883,13,16,11,4,2,12,257,21,17,1.10 
2015,06,05,04:15,257,1057,7,883,16,10,8,7,8,3,257,18,14,1.13 
2015,06,03,05:30,291,257,2,878,12,16,4,11,8,5,257,24,17,1.13 
2015,06,03,04:00,1057,257,6,878,19,21,5,10,10,5,257,38,19,1.56 
2015,06,03,03:00,257,496,2,888,16,12,9,6,7,6,257,23,16,1.20 
2015,06,03,02:00,291,257,1,888,10,16,4,11,6,5,257,30,14,1.62 
2015,06,02,04:00,334,257,14,888,3,16,3,12,0,4,257,16,4,1.50 
2015,06,02,03:00,424,257,6,888,16,13,13,2,3,11,257,18,19,0.96 
2015,06,01,02:00,291,257,7,888,13,16,3,12,10,4,257,19,17,0.97 
2015,05,28,04:00,1057,257,6,888,12,16,9,6,3,10,257,19,17,1.09 
2015,05,28,02:00,257,1056,4,888,16,9,11,4,5,5,257,27,10,1.67 
2015,05,27,05:00,496,257,2,888,3,16,3,12,0,4,257,12,8,1.06 
2015,05,25,04:15,257,760,6,883,16,4,13,2,3,2,257,17,7,1.41 
2015,05,25,04:15,760,257,7,883,2,16,2,13,0,3,257,18,4,1.73 
2015,05,25,02:00,424,257,2,883,7,16,4,11,3,5,257,26,13,1.53 
2015,05,24,01:00,257,1035,0,888,8,16,7,8,1,8,257,12,20,0.67 
2015,05,24,00:00,1035,257,14,888,17,19,8,7,7,8,257,27,23,1.07 
2015,05,22,04:00,257,70,0,888,16,12,9,6,7,6,257,17,22,0.81 
2015,05,21,02:00,257,404,1,888,16,12,11,4,5,8,257,23,17,1.21 
2015,05,16,20:15,711,257,6,921,16,9,9,6,7,3,257,13,21,0.66 
2015,05,16,20:15,257,711,7,921,6,16,4,11,2,5,257,14,19,0.80 
2015,05,16,11:00,258,257,1,921,16,10,6,9,10,1,257,19,15,1.15 
2015,05,16,11:00,258,257,7,921,16,5,10,5,6,0,257,10,16,0.73 
2015,05,15,20:45,8,257,2,921,16,7,12,3,4,4,257,16,19,0.90 
2015,05,15,20:45,8,257,7,921,16,9,9,6,7,3,257,15,19,0.84 
2015,05,15,15:30,429,257,7,921,6,16,6,9,0,7,257,18,9,1.30 
2015,05,15,15:30,429,257,2,921,2,16,2,13,0,3,257,15,10,1.22 
2015,05,11,05:15,257,334,6,883,16,5,12,3,4,2,257,19,13,1.29 
2015,05,11,05:15,334,257,4,883,14,16,9,6,5,10,257,20,19,0.99 
2015,05,06,05:00,303,257,4,888,13,16,12,3,1,13,257,25,16,1.51 
2015,05,06,02:00,257,496,4,883,16,0,15,0,1,0,257,13,8,1.20 
2015,05,06,02:00,496,257,7,883,16,13,6,9,10,4,257,18,19,0.86 
2015,05,05,04:00,1023,257,6,888,7,16,5,10,2,6,257,15,11,1.27 
2015,05,01,02:00,257,70,6,883,3,16,3,12,0,4,257,9,15,0.63 
2015,05,01,02:00,70,257,7,883,12,16,8,7,4,9,257,26,15,1.42 
2015,04,16,01:30,1035,291,5,944,17,19,14,1,1,14,1035,18,25,0.75 
2015,04,16,01:30,1035,291,1,944,12,16,6,9,6,7,1035,17,21,0.77 
2015,04,16,01:30,291,1035,7,944,14,16,6,9,8,7,1035,25,16,1.27 
2015,04,15,23:30,1057,1035,1,944,4,16,3,12,1,4,1035,9,6,0.98 
2015,04,15,23:30,1035,1057,0,944,16,0,15,0,1,0,1035,9,7,1.00 
2015,04,15,03:35,70,1035,7,944,11,16,7,8,4,8,1035,33,12,1.88 
2015,04,15,03:35,1035,70,6,944,16,2,13,2,3,0,1035,18,6,1.73 
2015,04,14,00:30,291,1035,1,944,22,20,2,13,13,2,1035,27,31,0.86 
2015,04,14,00:30,1035,291,7,944,12,16,3,12,9,4,1035,16,20,0.75 
2015,02,20,05:35,984,759,4,935,13,16,5,10,8,6,984,19,14,1.28 
2015,02,19,03:00,257,984,1,935,16,13,5,10,11,3,984,20,14,1.10 
2014,12,20,21:00,1152,1023,8,967,8,16,3,12,5,4,1152,16,12,1.01 
2014,12,20,21:00,1023,1152,5,967,16,12,12,3,4,9,1152,17,21,0.81 
2014,12,20,21:00,1152,1023,6,967,16,3,12,3,4,0,1152,21,7,1.77 
2014,12,20,21:00,1023,1152,7,967,12,16,7,8,5,8,1152,20,19,1.00 
2014,12,20,21:00,1023,1152,1,967,21,19,10,5,5,10,1152,20,26,0.79 
2014,12,19,02:20,1152,789,1,967,16,5,13,2,3,3,1152,26,9,1.92 
2014,12,19,02:20,1152,789,6,967,16,14,9,6,7,8,1152,27,16,1.40 
2014,12,19,02:20,789,1152,7,967,6,16,3,12,3,4,1152,13,13,0.91 
2014,12,07,17:45,210,1152,6,980,16,9,10,5,6,4,1152,18,18,1.02 
2014,12,07,17:45,1152,210,7,980,12,16,3,12,9,4,1152,22,18,1.18 
2014,12,07,05:20,1152,789,6,980,16,12,10,5,6,7,1152,29,15,1.55 
2014,12,07,05:20,789,1152,7,980,13,16,11,4,2,12,1152,29,18,1.51 
2014,12,07,00:55,1152,711,6,980,19,16,8,7,7,8,1152,30,22,1.22 
2014,12,07,00:55,1152,711,8,980,16,10,7,8,9,2,1152,17,13,1.02 
2014,12,07,00:55,711,1152,7,980,16,11,12,3,4,8,1152,17,18,0.97 
2014,12,06,21:50,1152,214,1,980,16,7,12,3,4,4,1152,23,11,1.59 
2014,12,06,21:50,214,1152,7,980,14,16,9,6,5,10,1152,21,18,1.05 
2014,12,06,02:05,1152,8,6,980,22,25,10,5,5,10,1152,37,31,1.16 
2014,12,06,02:05,1152,8,2,980,10,16,9,6,1,10,1152,14,19,0.74 
2014,12,06,02:05,8,1152,7,980,4,16,3,12,1,4,1152,15,12,1.16 
2014,11,27,16:15,1152,196,6,983,13,16,13,2,0,14,1152,16,19,0.80 
2014,11,27,14:00,22,1152,5,983,16,7,13,2,3,5,1152,15,17,0.88 
2014,11,27,13:15,1152,384,5,983,16,4,12,3,4,1,1152,19,7,1.67 
2014,11,10,02:00,1152,789,7,994,16,9,10,5,6,4,1152,21,10,1.42 
2014,11,10,02:00,789,1152,1,994,9,16,4,11,5,5,1152,15,11,1.00 
2014,11,10,02:00,1152,789,6,994,12,16,5,10,7,6,1152,15,18,0.88 
2014,11,10,02:00,789,1152,0,994,13,16,10,5,3,11,1152,26,16,1.37 
2014,11,01,09:30,1152,215,5,998,13,16,12,3,1,13,1152,17,20,0.86 
2014,11,01,09:30,215,1152,4,998,16,13,14,1,2,12,1152,19,18,1.02 
2014,10,31,17:30,22,1152,6,998,16,14,9,6,7,8,1152,16,17,0.82 
2014,10,31,15:30,1106,1152,5,998,11,16,10,5,1,11,1152,25,13,1.41 
2014,10,31,12:50,1054,1152,6,998,7,16,4,11,3,5,1152,14,13,0.99 
2014,10,31,11:30,1152,214,7,998,16,8,11,4,5,4,1152,18,15,1.13 
2014,10,31,10:30,1165,1152,6,998,1,16,1,14,0,2,1152,16,4,1.62 
2014,10,26,17:32,210,1152,5,1001,16,14,13,2,3,12,1152,19,21,0.93 
2014,10,26,16:13,210,1152,6,1001,16,10,11,4,5,6,1152,15,14,1.04 
2014,10,26,15:13,210,1152,0,1001,16,8,12,3,4,5,1152,15,22,0.78 
2014,10,26,13:48,1152,210,1,1001,16,8,9,6,7,2,1152,22,13,1.38 
2014,10,25,16:13,301,1152,1,1001,12,16,4,11,8,5,1152,19,18,0.96 
2014,10,25,15:05,1152,301,6,1001,31,27,12,3,3,12,1152,39,36,1.03 
2014,10,25,11:47,1152,22,5,1001,13,16,11,4,2,12,1152,27,15,1.45 
2014,10,25,10:38,1152,22,1,1001,16,3,12,3,4,0,1152,21,9,1.66 
2014,10,24,20:00,210,1152,1,1001,16,12,7,8,9,4,1152,16,21,0.87 
2014,10,24,19:19,210,1152,6,1001,16,13,10,5,6,8,1152,18,22,0.76 
2014,10,21,04:30,1152,1035,7,1003,16,7,9,6,7,1,1152,20,9,1.36 
2014,10,09,04:00,1152,1027,1,1012,31,27,8,7,7,8,1152,43,37,1.10 
2014,10,02,05:00,257,1152,4,1012,16,10,9,6,7,4,1152,17,19,1.01 
2014,09,25,03:00,1152,1171,5,1012,16,14,11,4,5,10,1152,20,19,0.95 
2014,09,11,05:40,1152,1198,7,1012,16,10,7,8,9,2,1152,27,11,1.52 
2014,09,04,04:15,1197,1152,6,1012,10,16,9,6,1,10,1152,24,16,1.23 
2014,08,15,17:45,8,1152,7,1043,16,2,13,2,3,0,1152,8,18,0.40 
2014,08,14,16:20,1152,1149,14,1043,16,6,12,3,4,3,1152,15,11,1.16 
2014,08,14,15:00,210,1152,14,1043,16,7,9,6,7,1,1152,5,20,0.28 
2014,08,06,20:30,1152,215,6,1045,16,9,9,6,7,3,1152,26,16,1.51 
2014,08,06,20:30,1152,215,7,1045,16,8,10,5,6,3,1152,21,12,1.48 
2014,08,06,20:30,215,1152,1,1045,16,10,9,6,7,4,1152,13,20,0.65 
2014,08,06,18:25,1152,384,5,1045,16,8,10,5,6,3,1152,20,12,1.30 
2014,08,06,18:25,1152,384,1,1045,16,10,10,5,6,5,1152,24,14,1.48 
2014,08,03,11:30,711,1152,6,1046,16,8,10,5,6,3,1152,18,21,0.95 
2014,08,03,11:30,1152,711,1,1046,14,16,8,7,6,9,1152,30,17,1.61 
2014,08,03,00:15,1152,52,6,1046,16,13,9,6,7,7,1152,11,15,0.75 
2014,08,02,20:15,250,1152,6,1046,10,16,9,6,1,10,1152,12,12,0.94 
2014,08,02,18:30,1152,315,6,1046,15,15,10,5,5,10,1152,16,16,0.89 
2014,08,02,15:20,776,1152,6,1046,16,11,6,9,10,2,1152,17,19,0.85 
2014,08,02,11:15,1152,210,1,1046,15,15,8,7,7,8,1152,19,15,1.09 
2014,06,29,22:00,1152,116,5,1056,16,2,15,0,1,2,1152,12,10,1.02 
2014,06,29,22:00,116,1152,1,1056,9,16,6,9,3,7,1152,28,11,1.81 
2014,06,29,06:00,1152,116,6,1056,16,9,12,3,4,6,1152,23,10,1.50 
2014,06,29,06:00,1152,116,1,1056,16,12,8,7,8,5,1152,29,15,1.49 
2014,06,29,03:00,1152,8,8,1056,16,14,10,5,6,9,1152,22,16,1.13 
2014,06,29,03:00,1152,8,6,1056,14,16,11,4,3,12,1152,12,20,0.64 
2014,06,29,03:00,8,1152,7,1056,8,16,5,10,3,6,1152,19,11,1.37 
2014,06,28,04:30,1152,944,5,1056,16,6,12,3,4,3,1152,19,10,1.38 
2014,06,28,04:30,944,1152,7,1056,3,16,3,12,0,4,1152,16,6,1.66 
2014,03,13,23:40,1152,210,6,1082,13,16,6,9,7,7,1152,16,19,0.86 
2014,03,13,22:15,22,1152,5,1082,16,8,14,1,2,7,1152,15,20,0.75 
2014,01,19,20:35,1152,711,6,1095,16,14,9,6,7,8,1152,25,19,1.27 
2014,01,19,20:35,1152,711,5,1095,16,11,10,5,6,6,1152,29,18,1.68 
2014,01,19,20:35,711,1152,7,1095,19,15,5,10,10,5,1152,17,24,0.74 
2014,01,19,20:35,711,1152,1,1095,14,16,5,10,9,6,1152,17,16,0.93 
2014,01,19,20:35,1152,711,8,1095,16,9,9,6,7,3,1152,13,14,0.89 
2014,01,19,17:30,116,1152,5,1095,12,16,10,5,2,11,1152,22,19,1.21 
2014,01,19,17:30,116,1152,16,1095,16,14,11,4,5,10,1152,19,17,1.08 
2014,01,19,17:30,1152,116,7,1095,16,13,7,8,9,5,1152,13,20,0.77 
2014,01,19,02:00,1306,1152,1,1095,5,16,4,11,1,5,1152,18,9,1.38 
2014,01,19,02:00,1306,1152,7,1095,14,16,4,11,10,5,1152,18,17,1.11 
2014,01,18,23:15,1152,1023,5,1095,16,6,12,3,4,3,1152,15,10,1.12 
2014,01,18,23:15,1152,1023,1,1095,16,5,10,5,6,0,1152,19,5,1.60 
2014,01,18,19:00,711,1152,5,1095,16,5,13,2,3,3,1152,19,18,1.15 
2014,01,18,19:00,711,1152,1,1095,16,2,13,2,3,0,1152,3,16,0.23 
2014,01,18,19:00,1152,711,8,1095,16,13,6,9,10,4,1152,25,16,1.39 
2014,01,18,04:00,1152,1306,6,1095,16,9,9,6,7,3,1152,14,14,0.87 
2014,01,18,04:00,1152,1306,7,1095,16,10,10,5,6,5,1152,26,15,1.49 
2013,11,30,13:49,1326,1327,0,570,7,16,6,9,1,7,1327,19,13,1.25 
2013,11,30,11:30,1326,1327,2,570,13,16,10,5,3,11,1327,19,21,0.83 
2013,11,28,16:45,1152,545,6,1105,8,16,5,10,3,6,1152,13,18,0.73 
2013,11,28,15:45,1322,1152,1,1105,16,9,10,5,6,4,1152,16,20,0.79 
2013,09,26,03:00,1353,1307,11,1123,12,16,6,9,6,7,1353,13,18,0.74 
2013,09,26,03:00,1353,1307,9,1123,14,16,5,10,9,6,1353,27,18,1.27 
2013,09,11,05:50,1353,1307,1,1123,16,10,10,5,6,5,1353,17,12,1.12 
2013,09,11,04:15,1061,1353,9,1123,9,16,4,11,5,5,1353,23,12,1.45 
2013,09,11,02:00,1212,1353,11,1123,11,16,9,6,2,10,1353,25,17,1.29 
2013,08,18,03:15,1353,116,11,1131,12,16,5,10,7,6,1353,26,18,1.34 
2013,08,18,03:15,116,1353,9,1131,16,2,13,2,3,0,1353,11,17,0.65 
2013,08,18,01:15,250,1353,11,1131,16,3,12,3,4,0,1353,9,19,0.43 
2013,08,18,01:15,250,1353,9,1131,16,14,7,8,9,6,1353,21,19,1.04 
2013,08,17,17:30,116,1353,7,1131,7,16,7,8,0,8,1353,22,12,1.49 
2013,08,17,17:30,1353,116,11,1131,22,20,9,6,6,9,1353,26,26,1.04 
2013,06,15,22:50,52,1353,10,1139,16,10,9,6,7,4,1353,19,22,0.89 
2013,06,15,21:00,384,1353,11,1139,16,3,12,3,4,0,1353,12,17,0.67 
2013,06,15,19:15,1353,52,11,1139,16,10,6,9,10,1,1353,19,13,1.11 
2013,04,20,22:00,1353,1405,13,1145,6,16,4,11,2,5,1353,12,16,0.84 
2013,04,20,22:00,1405,1353,11,1145,16,11,11,4,5,7,1353,27,18,1.45 
2013,04,20,17:00,250,1353,12,1145,16,9,10,5,6,4,1353,21,20,1.12 
2013,04,20,17:00,1353,250,13,1145,14,16,10,5,4,11,1353,23,21,1.06 
2013,04,20,04:00,1353,1312,9,1145,16,13,6,9,10,4,1353,22,17,1.13 
2013,04,20,04:00,1353,1312,18,1145,16,9,9,6,7,3,1353,20,12,1.21 
2013,04,20,00:30,1105,1104,9,1147,7,16,4,11,3,5,1105,15,20,0.75 
2013,03,30,16:15,1317,1353,9,1155,16,4,11,4,5,0,1353,16,18,0.92 
2013,03,30,14:30,1353,698,9,1155,16,8,10,5,6,3,1353,28,9,1.90 
2013,03,30,12:30,1353,1414,13,1155,16,8,13,2,3,6,1353,25,11,1.67 
2013,03,30,10:00,49,1353,11,1155,13,16,2,13,11,3,1353,21,14,1.21 
2013,03,30,00:15,1405,1353,9,1155,16,8,11,4,5,4,1353,18,18,0.98 
2013,03,30,00:15,1405,1353,12,1155,16,9,8,7,8,2,1353,23,20,1.23 
2013,03,29,17:00,1383,1353,13,1155,22,19,13,2,2,13,1353,36,24,1.30 
2013,03,29,17:00,1353,1383,9,1155,6,16,4,11,2,5,1353,11,18,0.65 
2013,03,29,17:00,1353,1383,11,1155,16,5,10,5,6,0,1353,20,11,1.43 
2013,03,29,13:30,218,1353,13,1155,14,16,11,4,3,12,1353,27,20,1.33 
2013,03,29,13:30,218,1353,9,1155,9,16,4,11,5,5,1353,20,9,1.49 
2013,03,29,10:00,1353,314,11,1155,16,4,11,4,5,0,1353,21,5,2.10 
2013,03,29,10:00,314,1353,9,1155,15,19,9,6,6,9,1353,21,19,1.01 
