2014,09,21,22:45,936,33,1,993,16,5,10,5,6,0,33,10,18,0.54 
2014,05,14,21:25,599,1001,5,1063,14,16,9,6,5,10,599,15,25,0.69 
2014,05,14,21:25,599,1001,0,1063,13,16,7,8,6,8,599,17,21,0.87 
2014,05,13,21:09,214,599,1,1063,16,6,9,6,7,0,599,14,20,0.82 
2014,05,13,21:00,214,599,6,1063,16,10,9,6,7,4,599,19,20,0.98 
2013,11,14,22:00,33,958,9,1098,14,16,10,5,4,11,33,21,24,0.90 
2013,11,14,19:00,937,33,1,1098,16,2,13,2,3,0,33,10,17,0.54 
2013,10,16,20:00,939,33,9,1098,2,16,2,13,0,3,33,14,11,1.10 
2013,10,03,20:00,124,33,10,1098,10,16,5,10,5,6,33,22,13,1.32 
2013,07,14,21:25,840,1383,11,1135,9,16,8,7,1,9,1383,21,13,1.22 
2013,07,14,21:25,1383,840,10,1135,16,1,14,1,2,0,1383,27,7,2.59 
2013,07,14,18:33,1383,722,11,1135,1,16,1,14,0,2,1383,7,16,0.46 
2013,07,14,18:33,722,1383,10,1135,16,13,10,5,6,8,1383,22,20,1.03 
2013,07,14,18:15,722,1383,9,1135,9,16,3,12,6,4,1383,17,11,1.14 
2013,07,14,13:45,1383,336,13,1135,16,7,9,6,7,1,1383,16,13,1.06 
2013,07,14,13:45,336,1383,10,1135,12,16,7,8,5,8,1383,21,16,1.14 
2013,07,13,14:30,1390,1383,10,1135,2,16,2,13,0,3,1383,15,6,1.43 
2013,07,13,12:45,838,1383,9,1135,8,16,3,12,5,4,1383,23,11,1.51 
2013,07,13,11:45,1383,1072,9,1135,16,10,8,7,8,3,1383,24,11,1.42 
2013,06,13,20:00,1383,52,11,1142,13,16,6,9,7,7,1383,21,19,0.97 
2013,06,13,20:00,52,1383,10,1142,16,7,10,5,6,2,1383,17,18,1.02 
2013,06,13,20:00,1383,52,13,1142,16,6,13,2,3,4,1383,18,14,1.24 
2013,06,12,21:00,1383,210,10,1141,11,16,9,6,2,10,1383,18,19,0.99 
2013,06,12,20:00,250,1383,13,1141,16,1,14,1,2,0,1383,5,17,0.25 
2013,06,12,19:00,1383,517,13,1141,16,14,9,6,7,8,1383,28,21,1.29 
2013,06,11,22:00,1383,250,13,1142,13,16,7,8,6,8,1383,16,24,0.70 
2013,06,11,22:00,1383,250,11,1142,10,16,7,8,3,8,1383,19,17,1.09 
2013,06,07,19:00,210,1383,10,1142,4,16,4,11,0,5,1383,22,9,1.57 
2013,06,07,19:00,210,1383,9,1142,9,16,6,9,3,7,1383,12,15,0.82 
2013,06,04,19:00,1394,1383,9,1143,16,3,12,3,4,0,1383,12,17,0.74 
2013,05,28,20:00,1383,250,13,1143,9,16,8,7,1,9,1383,13,21,0.75 
2013,05,28,19:00,400,1383,13,1143,5,16,3,12,2,4,1383,11,11,0.85 
2013,05,26,22:00,1312,1383,9,1142,6,16,5,10,1,6,1383,17,10,1.22 
2013,05,26,21:00,1383,1001,13,1142,14,16,8,7,6,9,1383,19,22,0.88 
2013,05,23,22:15,1383,384,9,1142,16,7,12,3,4,4,1383,16,6,1.34 
2013,05,23,20:00,8,1383,13,1142,14,16,10,5,4,11,1383,27,19,1.36 
2013,05,22,23:20,52,1383,11,1142,16,3,12,3,4,0,1383,4,16,0.30 
2013,05,21,20:00,210,1383,13,1143,16,8,12,3,4,5,1383,12,19,0.64 
2013,05,21,19:00,1106,1383,9,1143,3,16,2,13,1,3,1383,20,9,1.61 
2013,05,14,20:40,384,1383,11,1143,16,4,11,4,5,0,1383,9,17,0.61 
2013,04,13,14:00,1317,1383,11,1151,16,14,12,3,4,11,1383,18,20,0.91 
2013,04,13,14:00,1317,1383,9,1151,9,16,5,10,4,6,1383,21,14,1.32 
2013,04,13,14:00,1317,1383,13,1151,16,1,14,1,2,0,1383,2,16,0.15 
2013,03,13,19:00,215,1383,9,1164,21,18,8,7,7,8,1383,25,27,0.98 
2013,03,12,21:00,1214,1383,9,1158,16,9,8,7,8,2,1383,11,16,0.73 
