2016,07,16,18:20,38,279,0,518,16,1,14,1,2,0,279,4,16,0.24 
2016,07,16,18:20,279,38,5,518,13,16,7,8,6,8,279,19,26,0.81 
2016,06,27,01:30,279,334,2,539,16,13,10,5,6,8,279,27,17,1.48 
2016,06,27,01:30,334,279,7,539,11,16,6,9,5,7,279,19,19,0.98 
2016,06,27,01:30,334,279,4,539,16,7,10,5,6,2,279,16,20,0.79 
2016,06,26,20:45,231,279,14,539,3,16,3,12,0,4,279,19,8,1.49 
2016,06,26,20:45,231,279,2,539,17,19,10,5,5,10,279,23,24,0.92 
2016,05,20,00:20,279,231,14,566,12,16,7,8,5,8,279,16,21,0.81 
2016,05,19,21:30,69,279,7,566,16,4,11,4,5,0,279,11,20,0.55 
2016,05,09,01:00,279,448,0,581,16,13,7,8,9,5,279,18,20,0.91 
2016,05,09,01:00,448,279,4,581,5,16,4,11,1,5,279,13,14,1.01 
2016,05,08,20:40,279,394,5,581,16,5,11,4,5,1,279,18,15,1.06 
2016,05,08,20:40,279,394,7,581,16,11,8,7,8,4,279,13,18,0.74 
2016,05,08,20:40,394,279,4,581,25,23,6,9,9,6,279,35,35,1.02 
2016,05,08,18:00,452,279,14,581,4,16,3,12,1,4,279,16,15,1.16 
2016,05,08,18:00,279,452,2,581,16,1,14,1,2,0,279,19,8,1.74 
2016,04,27,03:15,279,291,0,598,16,13,9,6,7,7,279,24,19,1.23 
2016,04,27,02:00,291,279,4,598,10,16,4,11,6,5,279,19,16,1.13 
2016,04,22,05:00,279,471,7,598,16,6,12,3,4,3,279,12,14,0.83 
2016,04,22,04:00,279,471,6,598,16,7,10,5,6,2,279,14,14,0.93 
2016,04,15,02:15,279,435,7,590,10,16,6,9,4,7,279,17,20,0.91 
2016,04,15,02:15,435,279,4,590,7,16,5,10,2,6,279,16,15,0.92 
2016,04,15,02:15,435,279,14,590,16,13,6,9,10,4,279,10,24,0.45 
2016,04,07,01:00,38,279,2,614,16,12,6,9,10,3,279,18,24,0.82 
2016,04,07,01:00,279,38,0,614,21,25,10,5,5,10,279,35,36,0.99 
2016,03,24,05:30,279,257,2,598,3,16,3,12,0,4,279,8,18,0.39 
2016,03,24,04:30,257,279,1,598,16,7,14,1,2,6,279,14,18,0.86 
2016,03,23,05:00,366,279,6,598,16,12,9,6,7,6,279,31,18,1.59 
2016,03,23,04:00,366,279,2,598,16,10,10,5,6,5,279,14,21,0.72 
2016,03,22,05:00,279,116,4,598,16,14,9,6,7,8,279,18,23,0.75 
2016,03,22,04:15,279,116,1,598,16,12,6,9,10,3,279,15,18,0.90 
2016,03,21,01:00,69,279,0,598,16,5,11,4,5,1,279,12,18,0.76 
2016,03,21,00:00,279,69,2,598,16,10,10,5,6,5,279,19,14,1.12 
2016,03,20,01:00,279,303,4,598,16,11,10,5,6,6,279,19,17,1.02 
2016,03,20,00:00,303,279,7,598,16,8,9,6,7,2,279,11,18,0.66 
2016,03,19,18:00,69,279,0,624,16,14,6,9,10,5,279,24,22,1.06 
2016,03,19,18:00,279,69,4,624,13,16,4,11,9,5,279,13,23,0.62 
2016,03,16,03:00,312,279,0,598,6,16,5,10,1,6,279,10,12,0.91 
2016,03,16,02:00,279,312,6,598,5,16,2,13,3,3,279,14,16,0.83 
2016,03,15,01:00,286,279,4,590,16,2,13,2,3,0,279,11,18,0.54 
2016,03,15,01:00,279,286,6,590,9,16,8,7,1,9,279,16,19,0.85 
2016,03,10,06:15,70,279,2,598,3,16,3,12,0,4,279,18,8,1.45 
2016,03,10,05:15,279,70,4,598,11,16,6,9,5,7,279,14,21,0.74 
2016,03,09,04:00,286,279,2,598,16,3,12,3,4,0,279,7,18,0.44 
2016,03,09,03:15,286,279,1,598,16,4,11,4,5,0,279,4,19,0.24 
2016,02,24,04:00,279,362,0,598,16,3,12,3,4,0,279,15,9,1.27 
2016,02,24,03:00,279,362,7,598,2,16,2,13,0,3,279,9,14,0.63 
2016,02,23,05:00,366,279,1,590,16,6,12,3,4,3,279,8,20,0.48 
2016,02,23,05:00,279,366,0,590,14,16,8,7,6,9,279,27,22,1.30 
2016,02,23,05:00,366,279,2,590,11,16,5,10,6,6,279,24,17,1.24 
2016,01,25,01:00,702,279,14,662,16,10,8,7,8,3,279,19,19,0.99 
2016,01,25,01:00,702,279,1,662,12,16,7,8,5,8,279,19,19,0.99 
2016,01,25,01:00,702,279,0,662,16,4,14,1,2,3,279,6,18,0.36 
2016,01,24,21:30,279,312,7,662,16,10,6,9,10,1,279,14,15,0.93 
2016,01,24,21:30,312,279,6,662,9,16,4,11,5,5,279,16,15,0.98 
2016,01,24,21:30,312,279,14,662,16,8,11,4,5,4,279,11,19,0.65 
2016,01,24,00:30,270,279,6,662,11,16,7,8,4,8,279,12,17,0.76 
2016,01,24,00:30,270,279,7,662,7,16,3,12,4,4,279,11,13,0.83 
2016,01,17,16:00,279,682,4,670,7,16,4,11,3,5,279,11,19,0.64 
2016,01,17,16:00,682,279,0,670,16,8,8,7,8,1,279,18,20,0.93 
2016,01,16,23:30,499,279,1,670,14,16,8,7,6,9,279,27,20,1.35 
2016,01,16,23:30,499,279,6,670,16,12,10,5,6,7,279,18,24,0.88 
2016,01,16,23:30,279,499,0,670,16,9,6,9,10,0,279,16,12,1.08 
2016,01,16,20:00,279,312,4,670,11,16,8,7,3,9,279,21,20,1.05 
2015,12,19,03:00,279,668,0,657,16,7,8,7,8,0,279,23,16,1.44 
2015,12,19,03:00,279,668,7,657,10,16,3,12,7,4,279,21,21,1.05 
2015,12,19,03:00,668,279,14,657,16,19,6,9,9,6,279,32,27,1.31 
2015,12,18,03:15,362,279,1,657,9,16,3,12,6,4,279,21,17,1.17 
2015,12,18,03:15,279,362,7,657,16,12,8,7,8,5,279,16,19,0.84 
2015,12,09,04:00,279,496,0,696,7,16,6,9,1,7,279,17,20,0.90 
2015,12,09,04:00,496,279,1,696,7,16,2,13,5,3,279,13,17,0.76 
2015,12,09,04:00,279,496,14,696,6,16,6,9,0,7,279,11,19,0.63 
2015,11,26,04:30,759,279,14,696,7,16,4,11,3,5,279,19,11,1.34 
2015,11,26,04:30,279,759,4,696,16,12,9,6,7,6,279,24,19,1.14 
2015,11,20,03:00,279,805,1,740,7,16,6,9,1,7,279,13,17,0.89 
2015,11,20,02:00,291,279,14,740,16,13,7,8,9,5,279,20,22,1.01 
2015,11,18,19:20,702,279,14,744,16,4,11,4,5,0,279,8,17,0.51 
2015,11,18,19:20,702,279,0,744,16,5,13,2,3,3,279,7,17,0.52 
2015,11,18,02:30,286,279,0,744,16,14,8,7,8,7,279,20,22,0.93 
2015,11,18,02:30,286,279,14,744,16,8,8,7,8,1,279,11,19,0.60 
2015,11,18,00:15,279,704,4,744,16,13,6,9,10,4,279,23,21,1.01 
2015,11,17,22:30,279,70,0,744,9,16,6,9,3,7,279,10,20,0.54 
2015,11,17,19:00,510,279,0,744,13,16,5,10,8,6,279,19,17,0.99 
2015,11,14,22:00,291,279,0,748,16,2,14,1,2,1,279,8,17,0.51 
2015,11,14,19:00,70,279,1,748,16,5,11,4,5,1,279,15,16,0.87 
2015,11,13,04:00,447,279,14,696,9,16,8,7,1,9,279,13,16,0.77 
2015,11,13,04:00,279,447,7,696,7,16,6,9,1,7,279,15,16,0.92 
2015,11,13,04:00,279,447,1,696,16,10,9,6,7,4,279,17,17,0.92 
2015,11,13,02:00,303,279,0,749,16,11,9,6,7,5,279,13,20,0.68 
2015,11,12,05:00,70,279,1,740,16,5,11,4,5,1,279,10,19,0.59 
2015,11,12,02:15,70,279,4,749,16,9,9,6,7,3,279,22,19,1.09 
2015,11,05,05:00,303,279,0,740,11,16,10,5,1,11,279,22,18,1.23 
2015,11,05,04:15,303,279,4,749,16,6,13,2,3,4,279,5,18,0.36 
2015,11,05,03:30,279,257,4,749,12,16,8,7,4,9,279,27,20,1.29 
2015,11,04,04:30,116,279,14,696,16,12,6,9,10,3,279,25,21,1.14 
2015,11,04,04:30,116,279,14,696,16,12,6,9,10,3,279,25,21,1.14 
2015,11,04,04:30,279,116,7,696,12,16,8,7,4,9,279,20,22,0.92 
2015,11,04,04:00,279,116,0,749,2,16,2,13,0,3,279,6,18,0.28 
2015,11,04,02:00,682,279,14,740,25,22,9,6,6,9,279,35,34,1.02 
2015,10,23,05:00,279,682,6,740,16,8,9,6,7,2,279,17,17,1.07 
2015,10,23,04:00,496,279,6,740,16,13,7,8,9,5,279,15,20,0.81 
2015,10,22,04:15,910,279,0,749,16,13,10,5,6,8,279,20,22,0.85 
2015,10,22,03:00,279,805,0,740,19,16,6,9,9,6,279,24,25,0.99 
2015,10,22,02:00,279,70,4,740,16,7,9,6,7,1,279,26,12,1.84 
2015,10,21,05:00,896,279,2,740,16,7,11,4,5,3,279,11,20,0.63 
2015,10,20,04:00,257,279,7,740,16,11,5,10,11,1,279,21,20,1.23 
2015,10,19,04:00,279,738,14,740,14,16,7,8,7,8,279,19,24,0.87 
2015,10,19,01:10,279,116,0,740,16,12,10,5,6,7,279,28,16,1.64 
2015,10,18,04:15,279,116,2,740,12,16,8,7,4,9,279,18,20,0.92 
2015,10,18,01:00,738,279,6,740,16,13,7,8,9,5,279,13,23,0.60 
2015,10,16,04:30,279,291,4,740,4,16,4,11,0,5,279,10,18,0.56 
2015,10,16,03:00,257,279,4,749,16,3,13,2,3,1,279,7,19,0.34 
2015,10,15,05:00,279,303,1,783,10,16,7,8,3,8,279,9,24,0.40 
2015,10,15,05:00,303,279,7,783,16,7,11,4,5,3,279,15,19,0.84 
2015,10,15,03:00,496,279,7,740,15,19,8,7,7,8,279,33,24,1.32 
2015,10,15,02:00,279,70,2,749,3,16,3,12,0,4,279,5,16,0.35 
2015,10,14,05:15,682,279,4,783,16,2,13,2,3,0,279,7,17,0.43 
2015,10,14,05:15,279,682,7,783,9,16,5,10,4,6,279,7,18,0.49 
2015,10,14,04:00,116,279,2,749,16,0,15,0,1,0,279,1,16,0.05 
2015,10,14,03:00,303,279,4,740,16,6,13,2,3,4,279,11,17,0.76 
2015,10,14,02:15,910,279,1,749,16,5,10,5,6,0,279,7,19,0.38 
2015,10,06,02:00,279,291,2,783,5,16,4,11,1,5,279,15,18,0.85 
2015,10,06,02:00,291,279,14,783,21,25,5,10,10,5,279,39,37,1.11 
2015,10,05,04:30,279,362,0,783,16,11,9,6,7,5,279,24,14,1.35 
2015,10,05,04:30,362,279,1,783,16,11,10,5,6,6,279,11,20,0.62 
2015,10,05,02:30,279,70,6,783,13,16,6,9,7,7,279,28,20,1.36 
2015,10,05,02:30,70,279,7,783,16,4,13,2,3,2,279,13,18,0.68 
2015,10,05,00:00,279,738,7,783,7,16,4,11,3,5,279,13,20,0.68 
2015,10,05,00:00,279,738,6,783,6,16,3,12,3,4,279,12,19,0.65 
2015,10,01,05:00,362,279,14,740,16,9,9,6,7,3,279,20,18,1.11 
2015,10,01,03:00,279,257,1,740,1,16,1,14,0,2,279,5,17,0.35 
2015,09,30,05:25,933,279,7,740,7,16,6,9,1,7,279,11,15,0.86 
2015,09,30,02:00,362,279,2,740,16,6,10,5,6,1,279,13,19,0.71 
2015,09,24,22:00,279,286,7,766,10,16,6,9,4,7,279,8,20,0.58 
2015,09,24,22:00,279,286,2,766,13,16,8,7,5,9,279,21,19,0.99 
2015,09,24,12:30,279,214,14,766,11,16,7,8,4,8,279,17,21,0.88 
2015,09,24,12:30,279,214,1,766,17,19,8,7,7,8,279,21,27,0.77 
2015,09,15,02:00,116,984,4,783,11,16,9,6,2,10,984,15,20,0.76 
2015,09,15,02:00,984,116,1,783,16,14,7,8,9,6,984,18,19,0.90 
2015,09,12,20:45,70,984,14,819,16,8,9,6,7,2,984,18,18,1.05 
2015,09,12,20:45,70,984,7,819,16,13,8,7,8,6,984,10,24,0.43 
2015,09,12,20:45,984,70,4,819,16,8,12,3,4,5,984,16,16,0.95 
2015,09,12,18:00,984,702,0,819,16,5,12,3,4,2,984,15,14,1.12 
2015,09,12,18:00,702,984,1,819,8,16,4,11,4,5,984,18,16,1.07 
2015,09,12,05:45,984,738,1,766,16,7,8,7,8,0,984,23,9,1.69 
2015,09,12,05:45,984,738,0,766,7,16,6,9,1,7,984,17,20,1.00 
2015,09,12,05:45,984,738,7,766,26,21,7,8,8,7,984,42,33,1.29 
2015,09,12,02:30,984,496,6,766,16,9,12,3,4,6,984,6,18,0.43 
2015,09,12,02:30,496,984,4,766,16,8,8,7,8,1,984,10,19,0.59 
2015,09,12,02:30,984,496,1,766,16,12,8,7,8,5,984,23,19,1.26 
2015,09,10,02:30,984,805,1,783,16,7,9,6,7,1,984,19,11,1.34 
2015,09,10,02:30,805,984,0,783,22,18,4,11,11,4,984,28,32,0.89 
2015,08,28,02:00,496,984,0,783,16,13,13,2,3,11,984,21,20,1.04 
2015,08,28,02:00,984,496,7,783,14,16,6,9,8,7,984,19,23,0.89 
2015,08,25,02:00,984,979,7,783,16,7,9,6,7,1,984,23,14,1.48 
2015,08,25,02:00,984,979,1,783,14,16,11,4,3,12,984,24,22,1.14 
2015,08,21,02:00,1027,984,6,783,16,9,10,5,6,4,984,5,22,0.27 
2015,08,21,02:00,984,1027,7,783,16,13,8,7,8,6,984,20,19,1.04 
2015,08,02,20:15,1035,984,0,869,16,13,7,8,9,5,984,12,22,0.60 
2015,08,02,01:00,984,291,1,869,14,16,4,11,10,5,984,17,26,0.64 
2015,08,02,01:00,984,1028,7,869,16,13,7,8,9,5,984,21,17,1.08 
2015,07,25,16:00,424,70,14,871,16,6,11,4,5,2,70,7,19,0.46 
2015,07,25,16:00,424,70,1,871,16,13,5,10,11,3,70,19,21,0.91 
2015,07,25,16:00,70,424,7,871,19,15,4,11,11,4,70,27,25,1.08 
2015,07,24,23:00,215,70,1,871,16,8,10,5,6,3,70,8,20,0.46 
2015,07,24,23:00,215,70,4,871,16,3,13,2,3,1,70,9,18,0.50 
2015,07,11,02:00,215,70,6,875,16,7,9,6,7,1,70,8,19,0.46 
2015,07,11,01:00,302,70,14,875,16,11,9,6,7,5,70,11,20,0.62 
2015,07,10,21:45,70,711,1,875,7,16,4,11,3,5,70,16,15,1.13 
2015,07,02,19:20,258,70,1,877,16,7,9,6,7,1,70,14,18,0.74 
2015,07,02,12:50,70,8,14,877,4,16,4,11,0,5,70,8,17,0.43 
2015,06,25,02:00,70,303,6,878,10,16,6,9,4,7,70,16,17,0.91 
2015,06,24,05:00,70,291,0,878,16,10,11,4,5,6,70,17,14,1.01 
2015,06,24,04:00,70,761,14,842,16,6,10,5,6,1,70,15,14,0.95 
2015,06,24,02:15,303,70,0,878,14,16,6,9,8,7,70,12,25,0.51 
2015,06,23,02:00,334,70,0,888,8,16,5,10,3,6,70,12,12,0.85 
2015,06,22,01:00,1035,70,14,888,8,16,6,9,2,7,70,17,14,1.03 
2015,06,22,00:00,70,257,7,888,5,16,5,10,0,6,70,5,16,0.39 
2015,06,21,04:00,70,1057,4,888,16,10,11,4,5,6,70,22,17,1.32 
2015,06,20,03:00,257,70,6,878,16,7,13,2,3,5,70,10,20,0.52 
2015,06,19,02:00,257,70,6,878,16,8,9,6,7,2,70,12,19,0.64 
2015,06,18,05:00,70,1023,1,888,16,3,14,1,2,2,70,12,11,1.09 
2015,06,17,03:15,291,70,0,878,16,11,10,5,6,6,70,15,19,0.77 
2015,06,12,06:00,70,496,2,888,16,12,7,8,9,4,70,13,16,0.76 
2015,06,12,04:00,70,404,0,888,27,31,13,2,2,13,70,34,38,0.91 
2015,06,12,02:00,70,291,6,888,16,13,12,3,4,10,70,17,19,0.82 
2015,06,11,04:00,1035,70,14,878,22,26,6,9,9,6,70,40,34,1.18 
2015,06,09,04:15,70,303,14,888,16,6,10,5,6,1,70,20,15,1.20 
2015,06,08,02:00,70,1035,7,883,16,6,9,6,7,0,70,17,12,1.28 
2015,06,08,02:00,1035,70,0,883,16,11,7,8,9,3,70,10,20,0.59 
2015,06,05,02:00,760,70,0,883,4,16,3,12,1,4,70,11,10,0.98 
2015,06,05,02:00,70,760,4,883,16,7,8,7,8,0,70,15,13,0.94 
2015,06,04,02:00,70,1056,1,888,16,5,11,4,5,1,70,21,8,1.70 
2015,06,03,01:00,404,70,6,905,10,16,8,7,2,9,70,21,17,1.31 
2015,06,03,01:00,70,404,14,905,16,6,11,4,5,2,70,8,13,0.64 
2015,06,02,02:00,70,1056,1,883,16,6,13,2,3,4,70,16,11,1.23 
2015,06,02,02:00,70,1056,0,883,16,5,11,4,5,1,70,15,10,1.47 
2015,05,31,03:00,70,424,2,888,16,6,12,3,4,3,70,17,13,1.19 
2015,05,31,02:00,70,424,7,888,16,9,12,3,4,6,70,20,17,1.25 
2015,05,28,05:00,70,1057,4,888,16,12,3,12,13,0,70,22,17,1.20 
2015,05,28,01:15,70,1074,6,905,16,2,14,1,2,1,70,14,10,1.27 
2015,05,28,01:15,1074,70,7,905,11,16,4,11,7,5,70,23,15,1.27 
2015,05,27,04:15,424,70,0,883,5,16,5,10,0,6,70,14,10,1.12 
2015,05,27,04:15,70,424,1,883,16,8,11,4,5,4,70,24,16,1.57 
2015,05,25,02:00,70,334,6,888,16,5,11,4,5,1,70,21,12,1.46 
2015,05,22,04:00,257,70,0,888,16,12,9,6,7,6,70,13,21,0.65 
2015,05,21,04:15,70,1027,7,883,16,9,9,6,7,3,70,24,14,1.37 
2015,05,21,04:15,1027,70,0,883,16,11,6,9,10,2,70,17,16,0.99 
2015,05,19,03:00,1023,70,14,888,19,17,5,10,10,5,70,23,25,0.96 
2015,05,18,04:35,759,70,6,883,12,16,11,4,1,12,70,18,17,0.99 
2015,05,18,04:35,70,759,7,883,10,16,5,10,5,6,70,12,23,0.55 
2015,05,14,04:00,70,404,2,888,15,19,10,5,5,10,70,20,26,0.79 
2015,05,14,02:00,70,1035,6,888,22,19,13,2,2,13,70,29,28,1.01 
2015,05,13,04:15,70,1057,1,883,16,6,12,3,4,3,70,18,15,1.08 
2015,05,13,04:15,1057,70,7,883,16,9,11,4,5,5,70,12,21,0.58 
2015,05,13,02:00,70,291,7,883,16,10,11,4,5,6,70,16,17,0.82 
2015,05,13,02:00,291,70,6,883,9,16,8,7,1,9,70,12,19,0.62 
2015,05,08,04:00,1088,70,4,888,9,16,5,10,4,6,70,20,20,1.09 
2015,05,08,01:00,70,303,1,883,16,13,5,10,11,3,70,14,24,0.58 
2015,05,08,01:00,303,70,7,883,16,6,10,5,6,1,70,13,17,0.76 
2015,05,07,05:00,291,70,1,888,16,7,11,4,5,3,70,14,20,0.74 
2015,05,07,04:00,303,70,7,888,8,16,7,8,1,8,70,17,16,1.03 
2015,05,06,04:15,496,70,6,883,9,16,6,9,3,7,70,18,12,1.23 
2015,05,06,04:15,70,496,0,883,16,5,12,3,4,2,70,17,15,1.08 
2015,05,05,02:00,70,1089,6,888,16,7,13,2,3,5,70,20,13,1.43 
2015,05,01,02:00,257,70,6,883,3,16,3,12,0,4,70,12,11,0.95 
2015,05,01,02:00,70,257,7,883,12,16,8,7,4,9,70,23,21,1.06 
2015,04,18,17:00,291,70,1,939,16,8,11,4,5,4,70,13,19,0.70 
2015,04,18,17:00,291,70,0,939,16,5,12,3,4,2,70,14,19,0.80 
2015,04,17,19:00,711,70,7,939,19,16,11,4,4,11,70,25,29,0.90 
2015,04,17,19:00,711,70,0,939,16,7,13,2,3,5,70,11,19,0.62 
2015,04,15,03:35,70,1035,7,944,11,16,7,8,4,8,70,22,22,1.11 
2015,04,15,03:35,1035,70,6,944,16,2,13,2,3,0,70,11,16,1.15 
2015,04,14,04:00,70,1057,1,944,9,16,6,9,3,7,70,13,19,0.70 
2015,04,14,04:00,70,1057,7,944,7,16,6,9,1,7,70,16,22,0.82 
2015,04,03,05:30,759,984,6,935,16,4,14,1,2,3,984,17,16,1.06 
2015,04,01,03:00,257,984,7,935,16,8,12,3,4,5,984,11,19,0.60 
2015,03,27,04:00,291,984,0,935,16,8,9,6,7,2,984,7,19,0.44 
2015,03,25,03:30,303,984,0,935,16,3,12,3,4,0,984,6,19,0.26 
2015,02,25,04:20,984,303,6,935,12,16,11,4,1,12,984,13,23,0.60 
2015,02,20,05:35,984,759,4,935,13,16,5,10,8,6,984,5,6,1.21 
2015,02,19,03:00,257,984,1,935,16,13,5,10,11,3,984,20,23,0.92 
2014,11,15,19:00,881,876,5,987,7,16,7,8,0,8,881,18,21,0.93 
2014,11,15,17:00,858,881,1,987,16,5,10,5,6,0,881,8,17,0.53 
2014,11,15,16:00,881,1164,0,987,16,1,14,1,2,0,881,17,3,1.71 
2014,08,26,03:00,1212,1197,7,1038,3,16,3,12,0,4,1212,9,18,0.59 
