2016,08,11,18:15,100,101,1,487,16,13,7,8,9,5,101,18,21,0.90 
2016,08,11,18:15,101,100,2,487,14,16,12,3,2,13,101,18,22,0.80 
2016,08,09,18:10,30,101,5,488,8,16,6,9,2,7,101,15,14,0.93 
2016,08,09,18:10,30,101,14,488,8,16,6,9,2,7,101,21,13,1.37 
2016,08,07,19:05,101,153,0,477,16,9,9,6,7,3,101,19,14,1.18 
2016,08,07,18:10,101,155,0,477,16,9,8,7,8,2,101,23,11,1.39 
2016,08,07,16:15,47,101,0,477,24,26,7,8,8,7,101,30,30,0.96 
2016,08,07,15:15,161,101,0,477,7,16,4,11,3,5,101,16,17,0.97 
2016,08,03,18:00,46,101,0,471,16,6,11,4,5,2,101,8,19,0.49 
2016,08,03,18:00,46,101,4,471,17,19,5,10,10,5,101,26,18,1.16 
2016,08,03,18:00,101,46,2,471,11,16,10,5,1,11,101,12,21,0.60 
2016,08,02,21:00,119,101,0,471,11,16,4,11,7,5,101,12,17,0.74 
2016,08,02,21:00,119,101,1,471,12,16,9,6,3,10,101,15,20,0.81 
2016,08,02,21:00,101,119,4,471,13,16,5,10,8,6,101,14,23,0.65 
2016,08,01,19:10,22,101,5,471,16,1,14,1,2,0,101,5,16,0.40 
2016,08,01,19:10,22,101,14,471,16,8,8,7,8,1,101,16,20,0.86 
2016,08,01,19:10,101,22,0,471,16,14,6,9,10,5,101,14,18,0.74 
2016,07,22,20:20,241,101,14,487,12,16,7,8,5,8,101,18,16,0.99 
2016,07,22,20:20,241,101,7,487,7,16,3,12,4,4,101,18,13,1.19 
2016,07,21,18:15,196,101,14,503,10,16,5,10,5,6,101,20,16,1.09 
2016,07,21,18:15,101,196,0,503,16,10,10,5,6,5,101,12,14,0.81 
2016,07,20,19:15,41,101,14,503,12,16,7,8,5,8,101,16,22,0.71 
2016,07,19,18:15,264,101,14,488,7,16,3,12,4,4,101,20,16,1.13 
2016,07,18,20:40,101,100,14,498,25,23,6,9,9,6,101,34,29,1.07 
2016,07,18,20:40,100,101,1,498,16,7,11,4,5,3,101,10,21,0.48 
2016,07,15,18:00,249,101,1,487,4,16,2,13,2,3,101,7,12,0.65 
2016,07,15,18:00,101,249,0,487,13,16,11,4,2,12,101,18,20,0.91 
2016,07,15,18:00,249,101,14,487,8,16,2,13,6,3,101,16,14,0.99 
2016,07,06,17:25,101,102,14,515,16,13,4,11,12,2,101,30,14,1.67 
2016,07,06,17:25,102,101,0,515,12,16,8,7,4,9,101,20,14,1.15 
2016,07,05,20:20,196,101,4,499,16,8,12,3,4,5,101,15,18,0.77 
2016,07,05,20:20,101,196,0,499,8,16,6,9,2,7,101,17,19,0.96 
2016,07,04,20:10,101,118,4,488,9,16,5,10,4,6,101,7,20,0.44 
2016,07,04,18:00,101,102,0,498,16,4,13,2,3,2,101,6,6,0.85 
2016,07,04,18:00,102,101,4,498,10,16,7,8,3,8,101,16,14,1.02 
2016,06,29,21:20,241,101,5,487,16,9,11,4,5,5,101,13,18,0.73 
2016,06,29,21:20,101,241,1,487,7,16,2,13,5,3,101,12,16,0.76 
2016,06,29,21:20,101,241,2,487,16,5,11,4,5,1,101,18,12,1.20 
2016,06,27,19:30,319,101,5,488,9,16,8,7,1,9,101,19,15,1.05 
2016,06,24,18:25,218,101,4,499,8,16,8,7,0,9,101,19,13,1.30 
2016,06,24,18:25,101,218,7,499,7,16,1,14,6,2,101,10,20,0.49 
2016,06,24,18:25,101,218,1,499,16,12,8,7,8,5,101,17,17,0.91 
2016,06,23,18:00,297,101,1,515,19,17,9,6,6,9,101,20,29,0.72 
2016,06,23,18:00,101,297,14,515,7,16,3,12,4,4,101,13,20,0.63 
2016,06,18,20:00,101,195,4,498,16,12,9,6,7,6,101,16,20,0.79 
2016,06,18,20:00,195,101,1,498,2,16,2,13,0,3,101,16,7,1.43 
2016,06,15,16:15,260,101,1,498,11,16,6,9,5,7,101,21,16,1.09 
2016,06,15,16:15,101,260,4,498,16,7,10,5,6,2,101,17,14,1.06 
2016,06,12,16:30,101,102,4,553,16,10,11,4,5,6,101,19,13,1.20 
2016,06,12,16:30,102,101,2,553,4,16,3,12,1,4,101,17,9,1.39 
2016,06,12,16:30,102,101,14,553,16,9,11,4,5,5,101,17,17,0.97 
2016,06,12,10:30,363,101,2,553,8,16,6,9,2,7,101,14,14,0.95 
2016,06,12,10:30,363,101,0,553,11,16,9,6,2,10,101,16,16,0.94 
2016,06,05,15:30,30,101,14,546,16,13,8,7,8,6,101,17,23,0.74 
2016,06,05,15:30,101,30,2,546,5,16,2,13,3,3,101,9,17,0.57 
2016,06,05,15:30,101,30,0,546,19,17,7,8,8,7,101,30,20,1.51 
2016,06,05,12:00,241,101,5,546,16,19,7,8,8,7,101,25,25,1.00 
2016,06,05,12:00,241,101,2,546,8,16,6,9,2,7,101,27,13,1.75 
2016,06,05,12:00,101,241,1,546,12,16,3,12,9,4,101,20,18,1.10 
2016,05,31,20:10,101,49,1,499,8,16,3,12,5,4,101,14,18,0.86 
2016,05,31,20:10,49,101,0,499,16,6,13,2,3,4,101,12,18,0.63 
2016,05,30,22:00,49,101,4,515,16,6,10,5,6,1,101,14,16,0.86 
2016,05,30,22:00,49,101,14,515,16,7,8,7,8,0,101,10,17,0.65 
2016,05,29,19:30,392,101,1,546,16,10,9,6,7,4,101,17,22,0.74 
2016,05,29,19:30,392,101,0,546,16,12,8,7,8,5,101,19,20,0.99 
2016,05,29,19:30,101,392,2,546,16,5,11,4,5,1,101,17,10,1.32 
2016,05,29,16:15,132,101,0,546,12,16,6,9,6,7,101,17,17,0.95 
2016,05,29,16:15,101,132,5,546,16,9,12,3,4,6,101,18,12,1.14 
2016,05,29,12:15,101,49,0,546,16,7,9,6,7,1,101,10,11,0.81 
2016,05,29,12:15,49,101,14,546,16,11,7,8,9,3,101,4,10,0.64 
2016,05,25,18:00,311,101,1,515,6,16,3,12,3,4,101,19,12,1.22 
2016,05,25,18:00,311,101,5,515,11,16,5,10,6,6,101,19,18,1.07 
2016,05,24,20:00,49,101,1,498,16,12,9,6,7,6,101,12,21,0.62 
2016,05,24,20:00,49,101,4,498,7,16,6,9,1,7,101,10,12,0.78 
2016,05,24,16:30,52,101,1,499,7,16,6,9,1,7,101,16,12,1.10 
2016,05,24,16:30,52,101,2,499,12,16,4,11,8,5,101,17,16,0.94 
2016,05,20,22:00,384,101,2,498,8,16,8,7,0,9,101,20,13,1.22 
2016,05,20,22:00,101,384,4,498,14,16,8,7,6,9,101,12,20,0.66 
2016,05,19,20:00,101,301,2,498,16,2,13,2,3,0,101,16,7,1.40 
2016,05,19,20:00,301,101,4,498,17,19,7,8,8,7,101,20,21,0.90 
2016,05,18,20:00,101,147,5,498,22,19,10,5,5,10,101,30,30,0.99 
2016,05,18,20:00,147,101,1,498,8,16,3,12,5,4,101,19,14,1.15 
2016,05,16,17:00,360,101,6,499,19,17,10,5,5,10,101,25,20,1.09 
2016,05,16,17:00,360,101,14,499,12,16,4,11,8,5,101,14,17,0.80 
2016,05,16,17:00,360,101,7,499,16,6,11,4,5,2,101,13,18,0.80 
2016,05,10,17:10,101,261,14,499,16,8,9,6,7,2,101,10,12,0.76 
2016,05,10,17:10,101,261,2,499,16,5,12,3,4,2,101,17,6,1.48 
2016,05,01,17:45,132,101,2,573,16,13,7,8,9,5,101,24,20,1.14 
2016,05,01,17:45,132,101,6,573,9,16,6,9,3,7,101,25,15,1.70 
2016,05,01,17:45,132,101,1,573,16,13,8,7,8,6,101,12,20,0.66 
2016,05,01,15:00,356,101,6,573,9,16,6,9,3,7,101,17,17,0.97 
2016,05,01,15:00,356,101,14,573,5,16,5,10,0,6,101,15,12,1.06 
2016,04,29,19:30,101,29,1,593,16,19,6,9,9,6,101,34,26,1.24 
2016,04,29,19:30,101,29,0,593,9,16,6,9,3,7,101,15,18,0.89 
2016,04,29,19:30,101,29,2,593,12,16,7,8,5,8,101,16,21,0.78 
2016,04,27,17:00,132,101,14,536,13,16,4,11,9,5,101,23,14,1.32 
2016,04,27,17:00,101,132,0,536,20,22,10,5,5,10,101,22,28,0.76 
2016,04,27,17:00,101,132,1,536,10,16,6,9,4,7,101,17,20,0.91 
2016,04,24,18:45,59,101,14,573,16,11,10,5,6,6,101,12,22,0.57 
2016,04,24,18:45,59,101,1,573,16,8,8,7,8,1,101,8,21,0.45 
2016,04,24,18:45,101,59,0,573,16,11,9,6,7,5,101,24,14,1.37 
2016,04,24,15:00,101,476,1,573,16,6,11,4,5,2,101,21,14,1.23 
2016,04,24,15:00,101,476,6,573,9,16,5,10,4,6,101,17,17,0.92 
2016,04,24,15:00,476,101,2,573,10,16,8,7,2,9,101,12,17,0.78 
2016,04,22,19:00,101,472,2,593,16,10,8,7,8,3,101,10,18,0.62 
2016,04,22,19:00,472,101,6,593,6,16,3,12,3,4,101,16,13,1.07 
2016,04,12,17:00,101,52,14,610,21,18,7,8,8,7,101,30,27,1.10 
2016,04,12,17:00,101,52,0,610,11,16,9,6,2,10,101,4,22,0.27 
2016,04,12,17:00,52,101,6,610,6,16,4,11,2,5,101,21,8,1.50 
2016,04,12,17:00,52,101,1,610,12,16,3,12,9,4,101,20,17,1.15 
2016,04,11,15:30,101,152,2,536,11,16,6,9,5,7,101,14,17,0.82 
2016,04,11,15:30,101,152,1,536,17,19,9,6,6,9,101,32,25,1.27 
2016,04,11,15:30,152,101,6,536,10,16,6,9,4,7,101,22,21,1.06 
2016,04,08,17:00,364,101,0,610,3,16,3,12,0,4,101,13,5,1.26 
2016,04,08,17:00,101,364,2,610,16,1,14,1,2,0,101,14,7,1.30 
2016,04,07,22:15,152,101,2,614,16,9,10,5,6,4,101,9,19,0.52 
2016,04,07,22:15,152,101,0,614,16,14,11,4,5,10,101,18,20,0.93 
2016,04,06,22:30,101,302,1,614,16,5,12,3,4,2,101,19,7,1.47 
2016,04,06,22:30,101,302,4,614,10,16,6,9,4,7,101,12,21,0.65 
2016,04,06,18:00,59,101,6,614,16,13,4,11,12,2,101,15,20,0.81 
2016,04,06,18:00,101,59,14,614,9,16,4,11,5,5,101,13,21,0.66 
2016,04,04,17:00,52,101,6,610,16,10,11,4,5,6,101,17,17,1.03 
2016,04,04,17:00,52,101,1,610,16,2,13,2,3,0,101,6,17,0.36 
2016,03,31,21:30,101,132,1,605,7,16,6,9,1,7,101,13,18,0.73 
2016,03,31,21:30,132,101,2,605,16,3,12,3,4,0,101,9,15,0.69 
2016,03,30,18:45,496,101,4,605,5,16,5,10,0,6,101,19,11,1.31 
2016,03,30,18:45,101,496,0,605,8,16,5,10,3,6,101,13,16,0.80 
2016,03,30,18:45,496,101,2,605,1,16,1,14,0,2,101,18,6,1.75 
2016,03,25,19:00,365,101,6,579,16,13,9,6,7,7,101,19,22,0.88 
2016,03,24,22:00,101,49,2,593,16,4,12,3,4,1,101,10,7,1.04 
2016,03,24,22:00,101,49,14,593,16,14,8,7,8,7,101,27,17,1.32 
2016,03,24,22:00,49,101,6,593,16,9,8,7,8,2,101,10,20,0.52 
2016,03,24,18:00,177,101,6,605,16,4,12,3,4,1,101,8,17,0.49 
2016,03,22,18:00,101,132,1,610,19,17,11,4,4,11,101,24,21,0.99 
2016,03,22,18:00,132,101,4,610,7,16,7,8,0,8,101,20,11,1.33 
2016,03,21,20:10,364,101,6,579,16,14,6,9,10,5,101,17,18,0.88 
2016,03,21,17:30,101,132,4,536,16,6,9,6,7,0,101,14,11,1.15 
2016,03,21,17:30,132,101,1,536,10,16,5,10,5,6,101,17,13,1.02 
2016,03,20,19:30,101,22,14,625,8,16,6,9,2,7,101,14,19,0.78 
2016,03,20,19:30,22,101,0,625,16,10,8,7,8,3,101,18,19,0.91 
2016,03,20,19:30,101,22,2,625,16,3,14,1,2,2,101,18,5,1.61 
2016,03,20,16:45,101,302,6,625,16,5,13,2,3,3,101,14,8,1.17 
2016,03,20,16:45,101,302,4,625,22,19,12,3,3,12,101,35,27,1.19 
2016,03,20,13:00,101,29,2,625,16,11,13,2,3,9,101,24,14,1.37 
2016,03,20,13:00,101,29,14,625,16,8,11,4,5,4,101,21,13,1.49 
2016,03,14,21:00,379,598,14,593,9,16,4,11,5,5,598,21,13,1.33 
2016,03,14,19:00,364,598,14,593,9,16,8,7,1,9,598,22,15,1.34 
2016,03,13,16:45,598,214,1,625,3,16,3,12,0,4,598,4,16,0.34 
2016,03,13,16:45,214,598,14,625,16,7,13,2,3,5,598,14,16,0.83 
2016,03,13,13:00,598,152,14,625,16,14,8,7,8,7,598,18,18,0.98 
2016,03,13,13:00,598,152,2,625,16,5,13,2,3,3,598,13,10,1.00 
2016,03,13,13:00,598,152,6,625,9,16,5,10,4,6,598,11,18,0.62 
2016,03,10,21:45,598,196,0,498,9,16,9,6,0,10,598,10,19,0.55 
2016,02,20,18:00,22,642,14,649,16,5,12,3,4,2,642,6,19,0.40 
2016,02,20,13:30,292,642,4,649,16,9,10,5,6,4,642,16,18,0.93 
2016,02,19,21:40,676,642,14,649,2,16,2,13,0,3,642,10,9,0.94 
2016,02,19,19:05,22,642,0,649,16,7,9,6,7,1,642,15,19,0.74 
2016,02,12,13:00,642,439,14,654,18,21,4,11,11,4,642,30,29,0.99 
2016,02,12,13:00,439,642,2,654,6,16,3,12,3,4,642,20,12,1.53 
2016,02,12,13:00,439,642,0,654,16,10,12,3,4,7,642,16,19,0.80 
2016,02,11,23:30,642,59,14,654,14,16,7,8,7,8,642,23,23,0.93 
2016,02,11,23:30,59,642,6,654,16,14,8,7,8,7,642,14,20,0.70 
2016,01,19,20:15,360,642,14,669,12,16,2,13,10,3,642,21,14,1.20 
2016,01,19,20:15,642,360,1,669,16,11,12,3,4,8,642,16,19,0.89 
2016,01,18,23:45,642,472,7,654,10,16,2,13,8,3,642,18,19,1.09 
2016,01,18,23:45,472,642,0,654,17,21,4,11,11,4,642,25,22,0.94 
2016,01,13,22:00,642,13,0,654,16,11,10,5,6,6,642,18,16,1.08 
2016,01,13,22:00,13,642,4,654,7,16,6,9,1,7,642,16,12,1.20 
2016,01,10,21:15,642,712,0,657,16,13,9,6,7,7,642,21,13,1.20 
2016,01,10,21:15,712,642,7,657,13,16,7,8,6,8,642,10,20,0.58 
2016,01,10,15:00,302,642,4,679,16,11,7,8,9,3,642,14,22,0.61 
2016,01,10,15:00,642,302,2,679,16,10,13,2,3,8,642,12,17,0.74 
2016,01,10,15:00,642,302,14,679,9,16,4,11,5,5,642,13,21,0.68 
2016,01,10,12:00,53,642,0,679,13,16,7,8,6,8,642,21,20,0.96 
2016,01,10,12:00,53,642,4,679,12,16,4,11,8,5,642,15,17,0.95 
2016,01,09,21:00,710,642,2,657,19,17,5,10,10,5,642,18,25,0.78 
2016,01,09,21:00,710,642,4,657,16,3,14,1,2,2,642,12,16,0.72 
2015,12,18,15:30,383,642,6,652,12,16,10,5,2,11,642,20,14,1.19 
2015,12,18,15:30,642,383,14,652,17,19,11,4,4,11,642,23,24,0.92 
2015,12,17,21:00,642,439,0,695,6,16,6,9,0,7,642,12,16,0.78 
2015,12,17,21:00,642,439,14,695,3,16,3,12,0,4,642,8,17,0.50 
2015,12,16,23:00,29,642,0,698,16,11,4,11,12,0,642,19,21,0.98 
2015,12,15,21:00,642,13,0,695,16,9,9,6,7,3,642,18,11,1.36 
2015,12,15,21:00,13,642,6,695,13,16,8,7,5,9,642,34,20,1.57 
2015,12,15,20:00,137,642,6,698,4,16,4,11,0,5,642,18,10,1.39 
2015,12,15,17:00,642,29,2,698,7,16,4,11,3,5,642,13,18,0.67 
2015,12,15,17:00,642,29,1,698,11,16,4,11,7,5,642,14,19,0.78 
2015,12,14,17:00,642,137,14,698,16,9,10,5,6,4,642,20,16,1.15 
2015,12,14,17:00,137,642,0,698,9,16,6,9,3,7,642,9,15,0.67 
2015,12,12,19:00,770,771,7,708,2,16,2,13,0,3,770,21,15,1.43 
2015,12,12,15:00,770,18,6,708,4,16,2,13,2,3,770,8,17,0.49 
2015,12,12,15:00,18,770,4,708,16,0,15,0,1,0,770,7,16,0.40 
2015,12,12,10:15,770,775,1,708,16,6,9,6,7,0,770,18,11,1.30 
2015,12,12,10:15,775,770,6,708,7,16,5,10,2,6,770,13,10,1.03 
2015,12,09,17:00,642,722,2,652,14,16,10,5,4,11,642,13,20,0.67 
2015,12,09,17:00,722,642,6,652,16,6,9,6,7,0,642,16,19,0.90 
2015,12,08,18:00,642,292,1,654,9,16,6,9,3,7,642,16,20,0.77 
2015,12,08,18:00,642,292,0,654,7,16,6,9,1,7,642,7,18,0.43 
2015,12,02,21:00,642,258,2,676,18,21,8,7,7,8,642,26,28,0.94 
2015,12,02,21:00,258,642,6,676,16,3,12,3,4,0,642,4,18,0.22 
2015,11,24,20:00,642,475,14,733,16,11,7,8,9,3,642,30,13,1.61 
2015,11,24,20:00,475,642,4,733,14,16,7,8,7,8,642,20,21,0.96 
2015,11,17,21:00,776,642,0,654,5,16,5,10,0,6,642,14,10,1.18 
2015,11,17,21:00,642,776,4,654,10,16,9,6,1,10,642,18,21,0.89 
2015,11,15,21:30,302,642,4,733,16,21,8,7,7,8,642,23,27,0.83 
2015,11,15,19:15,642,196,0,733,21,18,6,9,9,6,642,18,28,0.71 
2015,11,12,21:30,642,360,4,753,16,5,13,2,3,3,642,18,11,1.22 
2015,11,12,17:00,642,360,0,753,16,11,7,8,9,3,642,23,16,1.22 
2015,11,12,17:00,642,360,2,753,16,7,13,2,3,5,642,11,19,0.62 
2015,11,12,17:00,360,642,4,753,19,16,10,5,5,10,642,42,20,1.73 
2015,11,11,19:45,314,642,0,753,11,16,5,10,6,6,642,18,19,0.91 
2015,11,11,19:45,314,642,14,753,6,16,6,9,0,7,642,20,13,1.33 
2015,11,05,20:00,642,888,14,741,20,22,11,4,4,11,642,35,30,1.21 
2015,11,05,20:00,642,888,7,741,16,13,5,10,11,3,642,23,23,0.95 
2015,11,05,18:00,642,439,4,741,16,2,13,2,3,0,642,21,6,1.84 
2015,11,05,18:00,642,439,2,741,16,11,8,7,8,4,642,26,18,1.48 
2015,11,04,18:15,490,642,4,696,10,16,7,8,3,8,642,27,15,1.66 
2015,11,04,18:15,642,490,1,696,11,16,4,11,7,5,642,19,20,0.95 
2015,11,04,18:15,642,490,14,696,16,12,8,7,8,5,642,19,18,0.98 
2015,10,29,10:00,642,257,14,766,13,16,7,8,6,8,642,21,18,1.07 
2015,10,28,10:45,642,210,14,766,10,16,10,5,0,11,642,16,19,0.80 
2015,10,22,18:00,642,472,6,741,11,16,6,9,5,7,642,12,17,0.70 
2015,10,22,18:00,472,642,4,741,16,13,10,5,6,8,642,22,20,1.01 
2015,10,21,21:40,472,642,4,593,16,13,4,11,12,2,642,13,21,0.66 
2015,10,21,21:40,642,472,6,593,5,16,5,10,0,6,642,6,18,0.38 
2015,10,20,22:50,642,500,2,654,9,16,4,11,5,5,642,12,17,0.71 
2015,10,20,22:50,642,500,1,654,8,16,4,11,4,5,642,21,18,1.13 
2015,10,20,21:00,909,911,6,776,16,5,10,5,6,0,911,9,20,0.40 
2015,10,20,21:00,909,911,2,776,16,13,9,6,7,7,911,15,20,0.73 
2015,10,19,21:00,642,215,4,696,5,16,3,12,2,4,642,12,19,0.67 
2015,10,19,21:00,215,642,2,696,16,2,13,2,3,0,642,8,16,0.53 
2015,10,15,18:00,210,642,2,696,16,13,11,4,5,9,642,17,24,0.69 
2015,10,15,18:00,210,642,4,696,16,14,10,5,6,9,642,15,19,0.79 
2015,10,14,18:00,642,302,2,784,7,16,6,9,1,7,642,20,17,1.37 
2015,10,14,18:00,642,302,6,784,16,14,4,11,12,3,642,19,20,0.92 
2015,10,14,18:00,302,642,14,784,16,11,10,5,6,6,642,12,21,0.64 
2015,10,13,18:00,642,147,4,784,12,16,9,6,3,10,642,9,20,0.52 
2015,10,13,18:00,642,147,6,784,16,14,8,7,8,7,642,20,21,0.92 
2015,10,13,18:00,642,147,14,784,14,16,9,6,5,10,642,25,20,1.12 
2015,10,06,19:00,196,642,14,654,12,16,6,9,6,7,642,21,20,0.96 
2015,10,06,19:00,642,196,6,654,16,4,12,3,4,1,642,14,13,0.93 
2015,10,05,21:15,642,215,14,593,6,16,6,9,0,7,642,15,20,0.80 
2015,10,05,21:15,642,215,1,593,16,19,9,6,6,9,642,17,28,0.65 
2015,10,03,15:30,439,642,4,796,16,10,12,3,4,7,642,19,19,0.99 
2015,10,03,15:30,439,642,14,796,7,16,6,9,1,7,642,19,11,1.27 
2015,10,03,15:30,642,439,0,796,9,16,7,8,2,8,642,15,20,0.71 
2015,10,03,10:30,950,642,14,796,3,16,3,12,0,4,642,17,10,1.26 
2015,10,03,10:30,642,950,0,796,16,3,12,3,4,0,642,16,8,1.36 
2015,09,28,22:30,642,314,0,741,9,16,7,8,2,8,642,8,22,0.41 
2015,09,28,22:30,642,314,4,741,8,16,2,13,6,3,642,21,19,1.17 
2015,09,28,18:30,642,320,1,790,16,14,2,13,14,1,642,21,18,1.12 
2015,09,28,18:30,642,320,7,790,11,16,7,8,4,8,642,17,20,0.93 
2015,09,28,18:30,320,642,14,790,6,16,5,10,1,6,642,19,8,1.43 
2015,09,26,21:30,59,642,4,766,13,16,11,4,2,12,642,18,15,1.05 
2015,09,26,21:30,59,642,1,766,16,7,11,4,5,3,642,11,19,0.62 
2015,09,26,21:30,642,59,14,766,16,11,5,10,11,1,642,11,22,0.53 
2015,09,25,21:30,751,642,4,766,12,16,10,5,2,11,642,21,17,1.11 
2015,09,25,21:30,642,751,7,766,16,14,6,9,10,5,642,25,20,1.14 
2015,09,25,15:10,642,59,1,766,7,16,1,14,6,2,642,15,19,0.84 
2015,09,25,15:10,642,59,14,766,11,16,7,8,4,8,642,16,23,0.70 
2015,09,22,22:00,950,642,4,796,12,16,7,8,5,8,642,13,24,0.55 
2015,09,22,22:00,950,642,1,796,5,16,4,11,1,5,642,17,9,1.31 
2015,09,20,18:00,642,945,14,741,16,9,11,4,5,5,642,12,17,0.71 
2015,09,20,18:00,945,642,4,741,25,21,4,11,11,4,642,25,33,0.77 
2015,09,17,21:15,840,642,0,784,13,16,10,5,3,11,642,18,15,0.99 
2015,09,17,21:15,840,642,1,784,12,16,5,10,7,6,642,16,17,0.88 
2015,09,17,21:15,840,642,14,784,16,10,9,6,7,4,642,16,17,0.89 
2015,09,17,18:00,642,404,1,784,16,14,6,9,10,5,642,18,20,0.93 
2015,09,17,18:00,404,642,2,784,5,16,5,10,0,6,642,15,10,1.13 
2015,09,14,20:15,825,985,1,818,4,16,4,11,0,5,985,20,6,1.70 
2015,09,14,20:15,825,985,0,818,16,9,12,3,4,6,985,17,19,0.90 
2015,09,14,20:15,825,985,4,818,3,16,3,12,0,4,985,22,11,1.65 
2015,09,14,18:00,985,458,1,818,16,6,12,3,4,3,985,15,13,1.06 
2015,09,14,18:00,985,458,2,818,16,13,7,8,9,5,985,27,18,1.37 
2015,09,13,20:30,841,985,1,818,14,16,10,5,4,11,985,21,20,0.95 
2015,09,13,20:30,841,985,14,818,5,16,5,10,0,6,985,24,13,1.90 
2015,09,13,20:30,985,841,0,818,11,16,6,9,5,7,985,17,20,0.84 
2015,09,10,22:45,985,302,14,824,10,16,5,10,5,6,985,19,19,0.96 
2015,09,10,22:45,985,302,1,824,14,16,8,7,6,9,985,18,21,0.88 
2015,09,10,21:45,985,841,0,824,16,9,8,7,8,2,985,16,15,1.00 
2015,09,10,17:00,302,985,2,824,16,6,13,2,3,4,985,9,17,0.61 
2015,09,10,17:00,302,985,4,824,16,14,11,4,5,10,985,16,24,0.72 
2015,09,10,17:00,302,985,0,824,3,16,2,13,1,3,985,15,11,1.22 
2015,09,09,19:30,841,985,1,824,8,16,8,7,0,9,985,13,14,0.87 
2015,09,09,19:30,985,841,0,824,16,3,12,3,4,0,985,20,5,1.79 
2015,09,07,22:00,985,302,4,741,3,16,3,12,0,4,985,7,15,0.60 
2015,09,07,22:00,302,985,14,741,16,10,14,1,2,9,985,22,17,1.15 
2015,09,02,21:00,983,985,0,796,10,16,8,7,2,9,985,17,17,0.90 
2015,09,02,21:00,983,985,4,796,9,16,7,8,2,8,985,22,14,1.47 
2015,09,01,18:00,985,23,1,741,16,6,12,3,4,3,985,19,10,1.35 
2015,09,01,18:00,23,985,2,741,16,7,9,6,7,1,985,11,15,0.73 
2015,08,25,18:00,331,985,0,741,16,6,10,5,6,1,985,13,18,0.83 
2015,08,25,18:00,985,331,4,741,16,11,12,3,4,8,985,17,16,1.01 
2015,08,21,16:41,291,985,0,846,16,14,10,5,6,9,985,21,20,1.11 
2015,08,20,18:15,210,985,0,846,16,2,14,1,2,1,985,12,16,0.74 
2015,08,13,18:00,985,458,2,741,16,13,8,7,8,6,985,23,18,1.11 
2015,08,13,18:00,985,458,1,741,3,16,3,12,0,4,985,6,18,0.37 
2015,08,10,17:00,137,985,4,820,22,19,6,9,9,6,985,24,30,0.88 
2015,08,10,17:00,985,137,0,820,13,16,6,9,7,7,985,12,21,0.61 
2015,08,01,20:15,724,985,0,870,12,16,9,6,3,10,985,21,13,1.25 
2015,08,01,20:15,985,724,1,870,7,16,7,8,0,8,985,18,16,1.08 
2015,08,01,20:15,724,985,14,870,18,22,10,5,5,10,985,24,26,0.99 
2015,08,01,16:00,137,985,4,870,11,16,9,6,2,10,985,14,17,0.84 
2015,08,01,16:00,137,985,1,870,5,16,4,11,1,5,985,17,10,1.34 
2015,07,30,18:00,724,985,1,870,13,16,4,11,9,5,985,18,20,0.85 
2015,07,30,16:00,726,985,14,870,8,16,4,11,4,5,985,31,15,1.69 
2015,07,26,18:45,985,711,2,872,25,23,10,5,5,10,985,53,30,1.64 
2015,07,26,15:20,985,59,4,872,16,14,5,10,11,4,985,19,23,0.85 
2015,07,26,13:00,137,985,2,872,19,22,10,5,5,10,985,29,24,1.06 
2015,06,28,16:20,1051,839,0,881,25,23,10,5,5,10,1051,39,28,1.30 
2015,06,28,16:20,839,1051,1,881,16,11,7,8,9,3,1051,18,19,0.93 
2015,06,28,16:20,839,1051,14,881,4,16,4,11,0,5,1051,16,8,1.42 
2015,06,02,22:00,1051,13,7,894,14,16,7,8,7,8,1051,23,24,1.02 
2015,06,02,22:00,1051,13,4,894,17,19,7,8,8,7,1051,32,26,1.15 
2015,05,25,21:00,647,1051,2,894,14,16,5,10,9,6,1051,24,19,1.18 
2015,05,25,21:00,647,1051,7,894,5,16,4,11,1,5,1051,20,13,1.30 
2015,05,25,21:00,1051,647,1,894,3,16,2,13,1,3,1051,14,16,0.90 
2015,05,23,23:30,1071,1051,6,915,16,3,12,3,4,0,1051,12,17,0.77 
2015,05,23,22:30,369,1051,0,915,17,21,5,10,10,5,1051,31,22,1.24 
2015,05,20,21:00,215,1051,1,894,16,7,9,6,7,1,1051,20,17,1.14 
2015,05,20,21:00,1051,215,0,894,8,16,7,8,1,8,1051,19,18,1.37 
2015,02,15,13:45,1051,1146,5,959,11,16,9,6,2,10,1051,13,23,0.59 
2015,02,15,11:01,257,1051,6,959,16,2,14,1,2,1,1051,11,17,0.68 
2014,07,18,20:40,1051,944,5,1052,13,16,10,5,3,11,1051,23,20,1.14 
2014,07,18,18:45,229,1051,2,1052,11,16,6,9,5,7,1051,26,15,1.48 
2014,07,18,17:30,287,1051,5,1052,16,2,13,2,3,0,1051,5,18,0.23 
2014,06,07,20:00,403,1051,6,1060,16,5,11,4,5,1,1051,10,18,0.62 
2014,06,05,19:30,1241,1051,0,1060,12,16,8,7,4,9,1051,27,18,1.45 
2014,04,15,20:00,1274,49,0,1077,3,16,3,12,0,4,1274,6,18,0.34 
2014,04,14,19:00,214,1274,2,1077,3,16,3,12,0,4,1274,16,11,1.26 
2014,04,09,19:00,1274,1244,6,1077,11,16,10,5,1,11,1274,8,19,0.51 
2014,04,07,22:00,301,1274,5,1077,16,10,14,1,2,9,1274,13,19,0.68 
2014,04,06,20:00,8,1274,0,1077,16,5,11,4,5,1,1274,14,20,0.65 
2014,04,01,21:00,1280,1274,5,1077,15,15,10,5,5,10,1274,30,18,1.45 
2014,04,01,20:00,1274,287,2,1077,16,7,14,1,2,6,1274,20,11,1.30 
2014,03,25,17:00,59,1274,6,1077,16,2,13,2,3,0,1274,9,17,0.53 
2014,03,17,18:00,1273,1274,5,1077,12,16,6,9,6,7,1274,20,15,1.06 
2014,03,12,20:00,1069,1274,5,1077,11,16,4,11,7,5,1274,29,16,1.47 
2014,03,07,18:00,210,1274,6,1077,16,13,10,5,6,8,1274,21,19,1.04 
2014,03,07,17:00,711,1274,5,1077,16,3,12,3,4,0,1274,6,18,0.34 
2014,03,06,19:00,1274,215,0,1077,10,16,6,9,4,7,1274,18,21,0.89 
2014,03,05,21:00,1274,287,6,1083,15,15,8,7,7,8,1274,32,18,1.60 
2014,03,05,20:00,1264,1274,6,1083,16,10,7,8,9,2,1274,27,20,1.27 
2014,03,05,19:00,1274,250,5,1083,7,16,6,9,1,7,1274,14,17,0.92 
2014,03,04,18:00,250,1274,5,1077,16,13,13,2,3,11,1274,22,22,1.01 
2014,02,27,19:00,1274,49,2,1085,17,21,11,4,4,11,1274,31,27,1.15 
2014,02,27,19:00,1274,49,0,1085,8,16,3,12,5,4,1274,13,18,0.78 
2014,02,27,19:00,1274,49,6,1085,16,8,10,5,6,3,1274,19,12,1.31 
2014,02,25,22:40,1126,1274,5,1085,11,16,7,8,4,8,1274,21,17,1.08 
2014,02,25,22:40,1126,1274,0,1085,11,16,8,7,3,9,1274,18,15,1.05 
2014,02,25,19:00,1274,945,1,1085,7,16,4,11,3,5,1274,12,20,0.69 
2014,02,25,19:00,945,1274,6,1085,16,12,8,7,8,5,1274,21,22,1.01 
2013,12,15,19:30,1274,1273,1,1100,16,13,4,11,12,2,1274,33,18,1.66 
2013,12,15,19:30,1273,1274,5,1100,11,16,6,9,5,7,1274,24,19,1.24 
2013,12,15,19:30,1273,1274,6,1100,26,22,10,5,5,10,1274,24,35,0.70 
2013,12,14,20:10,1318,1274,5,1100,7,16,3,12,4,4,1274,19,11,1.32 
2013,12,14,20:10,1274,1318,6,1100,16,2,13,2,3,0,1274,20,6,1.89 
2013,09,01,22:00,841,250,7,1120,10,16,3,12,7,4,841,17,19,0.90 
2013,09,01,19:00,841,384,13,1117,6,16,5,10,1,6,841,8,20,0.48 
2013,08,29,23:00,1045,841,10,1117,14,16,4,11,10,5,841,22,23,0.97 
2013,08,29,21:00,841,250,12,1117,12,16,10,5,2,11,841,19,20,0.92 
2013,08,29,20:52,1311,841,10,1117,16,10,11,4,5,6,841,9,19,0.55 
2013,08,28,19:00,1312,841,10,1117,16,13,9,6,7,7,841,20,18,0.99 
2013,08,21,20:00,841,1280,10,1120,16,4,11,4,5,0,841,14,8,1.19 
2013,03,10,15:00,1439,841,11,1165,9,16,7,8,2,8,1439,20,19,1.10 
2013,03,10,15:00,1439,841,10,1165,8,16,7,8,1,8,1439,17,20,0.80 
2013,03,10,12:00,1384,1439,13,1165,13,16,8,7,5,9,1439,23,16,1.19 
2013,03,10,12:00,1439,1384,11,1165,16,1,14,1,2,0,1439,21,7,2.06 
2013,03,09,20:45,841,1439,11,1165,16,5,13,2,3,3,1439,12,18,0.70 
2013,03,09,20:45,841,1439,9,1165,16,7,12,3,4,4,1439,9,19,0.57 
2013,03,09,11:00,838,1439,9,1165,8,16,5,10,3,6,1439,21,14,1.25 
2013,03,09,11:00,1439,838,10,1165,16,12,8,7,8,5,1439,27,22,1.23 
