2016,07,29,23:00,215,210,2,502,14,16,6,9,8,7,215,16,23,0.66 
2016,07,29,23:00,210,215,14,502,16,4,12,3,4,1,215,12,19,0.69 
2016,07,21,22:30,257,215,14,502,14,16,9,6,5,10,215,21,21,0.93 
2016,07,21,22:30,215,257,1,502,9,16,7,8,2,8,215,8,22,0.37 
2016,07,21,22:30,215,257,4,502,19,15,7,8,8,7,215,19,20,0.85 
2016,07,08,17:00,215,303,14,523,6,16,2,13,4,3,215,11,20,0.52 
2016,07,08,17:00,215,303,5,523,12,16,8,7,4,9,215,19,19,0.97 
2016,07,08,17:00,303,215,2,523,11,16,10,5,1,11,215,20,16,1.21 
2016,07,06,13:15,215,250,14,523,16,12,6,9,10,3,215,19,19,0.93 
2016,07,05,13:45,215,13,2,523,16,7,13,2,3,5,215,19,14,1.16 
2016,06,25,04:00,215,13,0,502,16,2,13,2,3,0,215,11,5,1.26 
2016,06,25,04:00,215,13,2,502,16,13,9,6,7,7,215,20,17,1.15 
2016,06,23,20:00,215,38,4,502,16,4,11,4,5,0,215,15,9,1.16 
2016,06,23,20:00,215,38,5,502,16,9,10,5,6,4,215,16,16,0.94 
2016,06,22,21:30,13,215,2,502,6,16,3,12,3,4,215,20,12,1.39 
2016,06,22,20:20,13,215,4,502,8,16,6,9,2,7,215,12,17,0.70 
2016,06,22,00:00,214,215,14,502,6,16,3,12,3,4,215,8,12,0.67 
2016,06,21,23:05,215,214,0,502,6,16,5,10,1,6,215,7,19,0.40 
2016,06,21,19:05,38,215,1,502,16,11,12,3,4,8,215,16,20,0.77 
2016,06,21,18:00,215,38,2,502,16,6,10,5,6,1,215,9,11,0.86 
2016,06,05,16:25,8,215,2,557,16,4,14,1,2,3,215,9,17,0.56 
2016,06,05,16:25,215,8,0,557,18,22,11,4,4,11,215,24,31,0.79 
2016,05,22,18:00,215,8,14,567,10,16,6,9,4,7,215,12,19,0.65 
2016,05,22,18:00,215,8,2,567,16,8,12,3,4,5,215,18,9,1.35 
2016,05,22,18:00,8,215,6,567,16,11,12,3,4,8,215,11,21,0.74 
2016,05,22,09:00,380,215,14,567,12,16,10,5,2,11,215,20,16,1.17 
2016,05,22,09:00,215,380,4,567,16,9,12,3,4,6,215,16,18,0.97 
2016,05,21,17:15,9,215,0,567,14,16,5,10,9,6,215,12,16,0.75 
2016,05,21,17:15,215,9,14,567,16,12,6,9,10,3,215,21,17,1.15 
2016,05,21,13:45,59,215,0,567,13,16,10,5,3,11,215,19,14,1.11 
2016,05,21,13:45,59,215,4,567,8,16,7,8,1,8,215,22,16,1.30 
2016,05,20,09:30,215,13,14,567,16,9,12,3,4,6,215,21,17,1.24 
2016,05,20,09:30,215,13,4,567,16,14,10,5,6,9,215,24,21,1.11 
2016,05,20,09:30,215,13,2,567,4,16,4,11,0,5,215,7,16,0.46 
2016,05,19,16:30,215,380,2,567,17,19,9,6,6,9,215,22,26,0.93 
2016,05,19,16:30,380,215,0,567,16,9,7,8,9,1,215,17,19,0.95 
2016,05,19,16:30,215,380,4,567,16,11,9,6,7,5,215,13,20,0.66 
2016,04,26,20:00,215,214,7,598,10,16,10,5,0,11,215,14,20,0.68 
2016,04,26,19:00,215,214,1,598,16,10,10,5,6,5,215,19,15,1.13 
2016,04,20,21:45,292,215,4,598,16,3,13,2,3,1,215,11,18,0.65 
2016,04,20,20:15,215,292,2,598,19,16,5,10,10,5,215,20,23,0.84 
2016,04,20,19:15,13,215,14,598,16,8,12,3,4,5,215,16,17,1.04 
2016,04,20,18:00,13,215,2,598,12,16,6,9,6,7,215,15,23,0.70 
2016,04,19,21:40,210,215,14,598,13,16,7,8,6,8,215,18,19,0.86 
2016,04,19,20:30,210,215,4,598,16,11,7,8,9,3,215,16,22,0.86 
2016,04,17,19:30,215,250,14,608,14,16,8,7,6,9,215,13,22,0.60 
2016,04,17,19:30,215,250,1,608,14,16,9,6,5,10,215,18,22,0.82 
2016,04,17,12:00,215,258,6,608,16,2,13,2,3,0,215,15,3,1.57 
2016,04,17,12:00,215,258,1,608,16,7,11,4,5,3,215,16,14,1.00 
2016,04,16,11:00,34,215,0,608,5,16,2,13,3,3,215,14,14,1.11 
2016,04,16,11:00,34,215,6,608,10,16,5,10,5,6,215,18,17,0.97 
2016,04,13,18:30,215,291,1,608,19,15,7,8,8,7,215,22,18,1.06 
2016,04,12,14:00,215,9,2,608,16,11,13,2,3,9,215,13,15,0.81 
2016,04,03,19:45,70,215,4,615,16,2,13,2,3,0,215,5,17,0.28 
2016,04,03,19:45,215,70,0,615,17,19,11,4,4,11,215,31,27,1.26 
2016,04,02,20:45,253,215,1,615,5,16,3,12,2,4,215,15,12,1.25 
2016,04,02,20:45,215,253,6,615,16,14,7,8,9,6,215,13,18,0.75 
2016,04,01,16:00,250,215,0,615,10,16,5,10,5,6,215,14,13,0.92 
2016,04,01,16:00,215,250,6,615,16,9,13,2,3,7,215,14,18,0.74 
2016,03,31,02:40,8,215,14,615,4,16,3,12,1,4,215,14,11,1.07 
2016,03,30,01:15,257,215,2,615,9,16,7,8,2,8,215,16,14,0.99 
2016,03,20,22:30,215,258,14,598,16,7,9,6,7,1,215,14,17,0.90 
2016,03,20,21:30,215,258,2,598,16,11,12,3,4,8,215,13,21,0.65 
2016,03,18,18:15,253,215,0,629,5,16,4,11,1,5,215,14,10,1.15 
2016,03,18,18:15,215,253,6,629,12,16,3,12,9,4,215,16,24,0.72 
2016,03,18,18:15,253,215,2,629,9,16,6,9,3,7,215,17,16,0.95 
2016,03,18,12:45,215,8,2,629,16,12,6,9,10,3,215,26,18,1.30 
2016,03,18,12:45,8,215,4,629,14,16,10,5,4,11,215,17,19,0.85 
2016,03,17,16:40,215,13,0,629,16,6,11,4,5,2,215,14,13,0.94 
2016,03,17,16:40,215,13,4,629,9,16,4,11,5,5,215,19,15,1.08 
2016,03,17,16:40,13,215,2,629,10,16,6,9,4,7,215,15,14,0.95 
2016,03,15,21:00,22,215,4,598,3,16,2,13,1,3,215,17,12,1.20 
2016,03,15,20:00,22,215,0,598,14,16,8,7,6,9,215,12,21,0.62 
2016,03,10,23:30,285,215,0,598,12,16,9,6,3,10,215,24,21,1.17 
2016,03,10,22:00,285,215,1,598,17,19,7,8,8,7,215,22,25,0.82 
2016,03,04,21:30,215,70,6,637,12,16,6,9,6,7,215,17,19,0.87 
2016,03,04,21:30,70,215,4,637,22,19,7,8,8,7,215,24,26,0.87 
2016,03,04,13:30,424,215,0,637,13,16,10,5,3,11,215,26,16,1.43 
2016,03,04,13:30,215,424,14,637,15,19,3,12,12,3,215,21,22,0.87 
2016,03,04,13:30,424,215,4,637,10,16,6,9,4,7,215,20,17,1.19 
2016,03,02,21:20,215,150,14,637,16,6,9,6,7,0,215,11,16,0.75 
2016,03,02,18:50,250,215,4,637,13,16,8,7,5,9,215,19,18,0.98 
2016,03,02,17:20,214,215,14,637,6,16,3,12,3,4,215,14,15,0.90 
2016,03,02,14:40,70,215,0,637,16,11,9,6,7,5,215,16,22,0.71 
2016,03,02,13:20,210,215,1,637,16,10,9,6,7,4,215,20,18,1.25 
2016,02,24,20:20,250,215,0,598,16,10,10,5,6,5,215,17,22,0.78 
2016,02,24,19:00,215,250,2,598,16,13,5,10,11,3,215,22,21,1.08 
2016,02,17,20:58,8,215,14,598,12,16,6,9,6,7,215,16,19,0.82 
2016,02,17,19:00,215,8,1,598,16,9,7,8,9,1,215,19,11,1.28 
2016,02,11,20:00,302,215,2,598,16,12,11,4,5,8,215,10,22,0.58 
2016,02,11,19:00,302,215,14,598,16,7,14,1,2,6,215,12,18,0.69 
2016,02,09,20:00,253,215,4,598,14,16,13,2,1,14,215,16,22,0.74 
2016,02,09,19:20,215,253,0,598,13,16,10,5,3,11,215,14,25,0.58 
2016,01,24,13:30,215,70,14,667,19,16,5,10,10,5,215,23,24,1.00 
2016,01,24,13:30,70,215,2,667,16,19,9,6,6,9,215,18,19,0.89 
2016,01,23,20:40,215,22,2,667,16,9,12,3,4,6,215,17,12,1.13 
2016,01,23,20:40,215,22,14,667,16,13,6,9,10,4,215,29,21,1.38 
2016,01,22,15:30,285,215,2,667,9,16,6,9,3,7,215,20,15,1.23 
2016,01,22,12:30,302,215,0,667,3,16,2,13,1,3,215,15,8,1.35 
2016,01,17,15:00,215,210,14,671,7,16,5,10,2,6,215,7,20,0.39 
2016,01,17,15:00,210,215,1,671,16,3,12,3,4,0,215,4,18,0.22 
2016,01,16,18:45,258,215,2,671,5,16,2,13,3,3,215,19,9,1.36 
2016,01,16,18:45,215,258,14,671,16,12,5,10,11,2,215,19,19,0.93 
2016,01,15,19:25,710,215,0,671,13,16,11,4,2,12,215,19,19,0.99 
2016,01,15,19:25,710,215,4,671,16,11,8,7,8,4,215,15,16,0.90 
2016,01,15,19:25,710,215,1,671,4,16,4,11,0,5,215,13,10,1.01 
2016,01,14,17:00,292,215,2,671,14,16,6,9,8,7,215,20,22,0.93 
2016,01,14,17:00,292,215,1,671,17,19,10,5,5,10,215,30,30,1.01 
2016,01,13,18:00,215,70,0,671,9,16,8,7,1,9,215,15,23,0.64 
2016,01,13,18:00,70,215,2,671,16,14,8,7,8,7,215,16,18,0.91 
2016,01,13,13:10,215,697,2,671,16,7,10,5,6,2,215,14,17,0.85 
2016,01,13,13:10,697,215,0,671,5,16,4,11,1,5,215,23,13,1.58 
2015,12,13,20:00,210,215,14,705,16,6,9,6,7,0,215,11,19,0.56 
2015,12,13,20:00,215,210,2,705,16,14,5,10,11,4,215,15,21,0.74 
2015,12,13,20:00,215,210,0,705,16,6,12,3,4,3,215,17,15,1.06 
2015,12,13,20:00,210,215,1,705,16,14,9,6,7,8,215,25,19,1.15 
2015,12,13,20:00,215,210,6,705,14,16,12,3,2,13,215,17,20,0.84 
2015,12,13,04:30,258,215,14,705,18,22,6,9,9,6,215,31,29,1.03 
2015,12,13,04:01,215,258,1,705,16,9,9,6,7,3,215,18,17,0.96 
2015,12,12,22:00,215,70,0,705,16,6,10,5,6,1,215,19,12,1.25 
2015,12,12,21:58,70,215,2,705,16,12,5,10,11,2,215,15,18,0.80 
2015,12,12,21:58,70,215,14,705,11,16,8,7,3,9,215,18,20,0.88 
2015,12,11,22:00,215,710,6,705,13,16,8,7,5,9,215,21,22,0.94 
2015,12,11,22:00,710,215,2,705,16,12,12,3,4,9,215,15,20,0.81 
2015,12,11,02:30,70,215,6,705,15,19,8,7,7,8,215,24,26,1.02 
2015,12,11,02:30,215,70,1,705,16,5,10,5,6,0,215,12,15,0.85 
2015,12,06,21:00,215,472,14,696,6,16,4,11,2,5,215,16,18,1.07 
2015,12,06,21:00,472,215,4,696,13,16,8,7,5,9,215,26,20,1.14 
2015,12,06,21:00,472,215,1,696,16,11,7,8,9,3,215,15,20,0.74 
2015,12,03,18:00,215,258,0,696,16,8,9,6,7,2,215,18,14,1.11 
2015,12,03,18:00,215,258,2,696,16,12,6,9,10,3,215,18,24,0.78 
2015,12,03,18:00,215,258,14,696,14,16,5,10,9,6,215,18,23,0.75 
2015,12,02,21:00,215,711,1,696,16,9,9,6,7,3,215,25,17,1.44 
2015,12,02,21:00,711,215,2,696,14,16,7,8,7,8,215,23,24,0.96 
2015,12,01,18:00,215,22,0,593,10,16,6,9,4,7,215,13,22,0.59 
2015,12,01,18:00,22,215,2,593,16,9,12,3,4,6,215,9,21,0.45 
2015,12,01,18:00,215,22,14,593,21,19,10,5,5,10,215,27,24,1.05 
2015,11,23,02:45,215,270,14,734,16,8,14,1,2,7,215,15,15,0.92 
2015,11,23,02:45,270,215,1,734,10,16,7,8,3,8,215,23,15,1.29 
2015,11,22,23:15,215,303,1,734,16,14,4,11,12,3,215,19,22,0.86 
2015,11,22,23:15,215,303,14,734,16,7,11,4,5,3,215,19,12,1.28 
2015,11,22,02:40,70,215,4,734,17,19,8,7,7,8,215,24,24,1.01 
2015,11,22,02:40,70,215,0,734,13,16,9,6,4,10,215,19,18,0.98 
2015,11,17,21:00,8,215,1,740,5,16,4,11,1,5,215,18,11,1.33 
2015,11,17,20:00,215,59,14,740,16,8,7,8,9,0,215,22,14,1.35 
2015,11,16,18:00,215,210,1,696,3,16,2,13,1,3,215,8,17,0.50 
2015,11,16,18:00,210,215,6,696,16,3,12,3,4,0,215,7,18,0.53 
2015,11,12,21:00,196,215,14,740,16,12,11,4,5,8,215,23,23,1.00 
2015,11,11,21:10,215,196,0,593,16,8,8,7,8,1,215,16,15,1.08 
2015,11,11,21:10,196,215,4,593,8,16,8,7,0,9,215,22,10,1.39 
2015,11,07,17:00,711,215,14,758,16,12,6,9,10,3,215,20,20,0.97 
2015,11,07,17:00,215,711,1,758,16,7,11,4,5,3,215,17,11,1.14 
2015,11,07,17:00,711,215,2,758,16,13,8,7,8,6,215,19,21,0.95 
2015,11,06,23:00,215,214,4,758,7,16,4,11,3,5,215,11,19,0.59 
2015,11,06,23:00,215,214,0,758,10,16,9,6,1,10,215,16,17,0.91 
2015,11,01,18:00,215,258,14,766,5,16,5,10,0,6,215,10,17,0.55 
2015,11,01,18:00,258,215,2,766,16,14,9,6,7,8,215,22,20,0.98 
2015,11,01,15:30,215,250,1,766,16,6,11,4,5,2,215,23,11,1.62 
2015,11,01,15:30,250,215,2,766,3,16,3,12,0,4,215,15,11,1.22 
2015,10,31,19:30,70,215,4,766,13,16,9,6,4,10,215,23,16,1.15 
2015,10,31,19:30,215,70,1,766,16,14,9,6,7,8,215,19,21,0.93 
2015,10,30,20:10,215,291,6,766,16,8,13,2,3,6,215,18,14,1.11 
2015,10,30,20:10,291,215,14,766,16,10,7,8,9,2,215,20,21,1.02 
2015,10,30,20:10,215,291,2,766,16,9,9,6,7,3,215,14,17,0.82 
2015,10,29,22:25,215,258,0,766,9,16,7,8,2,8,215,15,22,0.83 
2015,10,28,20:15,215,291,14,766,16,12,11,4,5,8,215,18,19,0.90 
2015,10,25,20:00,214,215,0,740,19,17,8,7,7,8,215,17,19,0.88 
2015,10,25,19:00,59,215,2,740,8,16,4,11,4,5,215,11,17,0.84 
2015,10,24,19:20,302,215,0,740,13,16,8,7,5,9,215,20,20,1.05 
2015,10,22,20:00,250,215,4,740,11,16,3,12,8,4,215,20,18,0.98 
2015,10,22,19:00,250,215,6,740,6,16,5,10,1,6,215,19,17,1.01 
2015,10,20,21:00,215,711,2,740,16,13,11,4,5,9,215,9,20,0.55 
2015,10,19,21:00,642,215,4,696,5,16,3,12,2,4,215,15,11,1.01 
2015,10,19,21:00,215,642,2,696,16,2,13,2,3,0,215,13,11,1.08 
2015,10,19,19:00,22,215,4,740,5,16,3,12,2,4,215,21,13,1.42 
2015,10,18,20:00,270,215,7,740,19,16,9,6,6,9,215,20,27,0.83 
2015,10,16,17:00,215,8,0,782,14,16,5,10,9,6,215,19,25,0.70 
2015,10,16,17:00,8,215,6,782,16,14,8,7,8,7,215,15,24,0.60 
2015,10,16,17:00,215,8,2,782,13,16,8,7,5,9,215,24,19,1.13 
2015,10,16,17:00,8,215,14,782,9,16,4,11,5,5,215,17,13,1.12 
2015,10,15,20:30,490,215,0,696,10,16,2,13,8,3,215,21,15,1.27 
2015,10,15,20:30,215,490,14,696,16,9,8,7,8,2,215,17,20,0.92 
2015,10,14,21:00,258,215,2,740,13,16,4,11,9,5,215,9,22,0.46 
2015,10,14,20:00,711,215,4,740,16,13,11,4,5,9,215,22,19,1.20 
2015,10,14,19:00,196,215,7,740,16,6,11,4,5,2,215,15,19,0.89 
2015,10,13,20:30,472,215,4,593,10,16,5,10,5,6,215,16,17,0.95 
2015,10,13,20:30,472,215,1,593,16,8,9,6,7,2,215,15,19,0.74 
2015,10,13,20:30,215,472,2,593,16,5,13,2,3,3,215,16,15,1.09 
2015,10,13,19:00,215,22,6,740,19,22,7,8,8,7,215,31,29,0.98 
2015,10,05,21:15,642,215,14,593,6,16,6,9,0,7,215,15,15,1.12 
2015,10,05,21:15,642,215,1,593,16,19,9,6,6,9,215,28,26,1.13 
2015,09,30,19:00,215,258,1,740,16,11,7,8,9,3,215,22,17,1.13 
2015,09,29,21:00,8,215,0,740,8,16,7,8,1,8,215,20,17,1.25 
2015,09,22,20:00,215,210,14,740,4,16,3,12,1,4,215,11,19,0.65 
2015,09,22,19:00,215,270,2,740,16,10,8,7,8,3,215,9,19,0.53 
2015,09,16,19:30,124,87,6,799,16,9,10,5,6,4,87,13,20,0.64 
2015,09,16,18:45,87,953,14,799,9,16,2,13,7,3,87,13,17,0.74 
2015,09,16,17:30,87,943,1,799,15,15,7,8,8,7,87,19,22,0.90 
2015,09,15,21:15,214,215,6,740,5,16,5,10,0,6,215,16,13,1.11 
2015,09,15,20:00,302,215,7,740,11,16,7,8,4,8,215,18,17,0.97 
2015,09,14,20:40,87,935,14,799,10,16,4,11,6,5,87,11,22,0.52 
2015,09,10,23:20,215,711,14,822,10,16,5,10,5,6,215,11,21,0.53 
2015,09,10,16:30,215,270,4,822,10,16,6,9,4,7,215,12,22,0.58 
2015,09,09,03:00,215,23,0,825,11,16,10,5,1,11,215,11,22,0.58 
2015,09,09,00:40,215,711,4,825,19,15,10,5,5,10,215,18,23,0.79 
2015,09,08,22:30,215,8,0,825,22,18,11,4,4,11,215,33,27,1.13 
2015,09,08,16:50,215,214,14,825,16,13,9,6,7,7,215,9,23,0.49 
2015,09,07,21:00,215,23,6,825,11,16,7,8,4,8,215,24,15,1.38 
2015,09,07,21:00,215,23,1,825,4,16,4,11,0,5,215,12,17,0.74 
2015,09,07,21:00,215,23,0,825,16,5,12,3,4,2,215,25,8,1.80 
2015,09,07,09:55,215,996,1,825,16,5,12,3,4,2,215,19,8,1.43 
2015,09,07,09:55,215,996,0,825,16,9,13,2,3,7,215,20,14,1.21 
2015,09,03,22:45,215,59,1,833,19,21,10,5,5,10,215,23,29,0.81 
2015,09,03,22:45,215,59,4,833,8,16,8,7,0,9,215,10,19,0.54 
2015,09,03,21:45,270,215,1,823,16,10,9,6,7,4,215,19,18,1.13 
2015,09,03,18:00,22,215,4,823,6,16,2,13,4,3,215,17,11,1.16 
2015,09,02,18:00,270,215,4,802,16,11,10,5,6,6,215,11,21,0.61 
2015,09,02,18:00,270,215,1,802,16,9,13,2,3,7,215,8,20,0.45 
2015,08,31,16:30,134,87,14,799,2,16,2,13,0,3,87,19,13,1.43 
2015,08,31,16:30,87,134,6,799,16,5,14,1,2,4,87,23,8,1.78 
2015,08,29,18:00,8,215,4,823,16,11,9,6,7,5,215,9,24,0.37 
2015,08,29,18:00,215,8,2,823,24,26,12,3,3,12,215,29,37,0.79 
2015,08,29,18:00,8,215,6,823,16,6,9,6,7,0,215,14,19,0.72 
2015,08,27,21:00,270,215,4,823,12,16,6,9,6,7,215,23,16,1.26 
2015,08,27,21:00,215,270,1,823,16,4,13,2,3,2,215,19,11,1.48 
2015,08,27,21:00,270,215,0,823,16,12,7,8,9,4,215,17,21,0.79 
2015,08,26,21:00,8,215,4,823,6,16,5,10,1,6,215,13,12,0.97 
2015,08,26,21:00,8,215,6,823,13,16,8,7,5,9,215,15,21,0.76 
2015,08,26,21:00,215,8,2,823,13,16,8,7,5,9,215,15,21,0.70 
2015,08,22,11:30,258,215,0,846,16,10,7,8,9,2,215,15,19,0.84 
2015,08,22,11:30,215,258,6,846,13,16,8,7,5,9,215,23,15,1.20 
2015,08,21,16:50,215,291,14,846,16,14,6,9,10,5,215,22,20,1.02 
2015,08,20,22:15,210,215,6,846,16,2,13,2,3,0,215,6,17,0.42 
2015,08,20,19:30,215,711,4,846,19,17,11,4,4,11,215,24,25,1.06 
2015,08,13,20:00,258,215,0,802,16,9,7,8,9,1,215,15,22,0.66 
2015,08,13,20:00,258,215,6,802,16,11,8,7,8,4,215,15,20,0.76 
2015,08,11,18:30,22,215,2,593,9,16,4,11,5,5,215,14,15,0.86 
2015,08,11,18:30,22,215,0,593,15,21,11,4,4,11,215,24,25,0.94 
2015,07,26,22:15,215,8,0,871,15,19,10,5,5,10,215,15,25,0.60 
2015,07,26,22:15,8,215,14,871,7,16,6,9,1,7,215,21,14,1.23 
2015,07,26,22:15,215,8,7,871,11,16,10,5,1,11,215,15,19,0.81 
2015,07,26,22:15,8,215,4,871,16,8,11,4,5,4,215,13,20,0.71 
2015,07,26,16:00,215,214,1,871,16,14,10,5,6,9,215,23,22,1.07 
2015,07,26,16:00,215,214,4,871,16,9,12,3,4,6,215,22,12,1.35 
2015,07,25,22:00,424,215,14,871,8,16,7,8,1,8,215,14,15,0.89 
2015,07,25,22:00,215,424,6,871,22,25,8,7,7,8,215,36,35,0.99 
2015,07,25,22:00,424,215,0,871,13,16,9,6,4,10,215,18,23,0.79 
2015,07,25,16:45,215,8,2,871,5,16,5,10,0,6,215,6,20,0.31 
2015,07,25,16:45,8,215,4,871,19,15,6,9,9,6,215,31,28,1.06 
2015,07,24,23:00,215,70,1,871,16,8,10,5,6,3,215,19,14,1.19 
2015,07,24,23:00,215,70,4,871,16,3,13,2,3,1,215,18,10,1.39 
2015,07,22,21:00,22,215,0,593,10,16,6,9,4,7,215,16,19,0.82 
2015,07,22,21:00,215,22,4,593,16,10,8,7,8,3,215,23,18,1.28 
2015,07,18,14:00,270,215,1,874,16,5,11,4,5,1,215,10,18,0.57 
2015,07,18,14:00,270,215,2,874,16,5,11,4,5,1,215,12,19,0.67 
2015,07,18,14:00,215,270,0,874,16,6,12,3,4,3,215,21,12,1.56 
2015,07,17,18:00,23,215,4,874,6,16,6,9,0,7,215,20,11,1.46 
2015,07,17,18:00,215,23,6,874,11,16,8,7,3,9,215,11,22,0.53 
2015,07,17,18:00,23,215,1,874,9,16,3,12,6,4,215,15,16,0.98 
2015,07,16,15:30,215,257,14,874,14,16,7,8,7,8,215,26,22,1.08 
2015,07,16,14:00,8,215,4,874,12,16,7,8,5,8,215,19,19,0.97 
2015,07,12,23:00,215,257,4,875,16,14,7,8,9,6,215,13,20,0.69 
2015,07,12,23:00,215,257,1,875,14,16,10,5,4,11,215,12,26,0.58 
2015,07,12,23:00,215,257,6,875,16,3,13,2,3,1,215,16,10,1.36 
2015,07,12,18:30,215,13,6,875,16,1,14,1,2,0,215,16,5,1.53 
2015,07,12,18:30,13,215,0,875,9,16,7,8,2,8,215,18,17,0.96 
2015,07,12,01:00,286,215,2,875,5,16,5,10,0,6,215,13,15,0.83 
2015,07,12,01:00,215,286,4,875,16,8,9,6,7,2,215,16,14,0.97 
2015,07,11,02:00,215,70,6,875,16,7,9,6,7,1,215,19,13,1.25 
2015,07,11,01:00,215,711,0,875,16,2,13,2,3,0,215,20,10,1.68 
2015,07,10,21:45,302,215,4,875,8,16,6,9,2,7,215,19,13,1.11 
2015,07,05,18:00,1050,215,0,593,2,16,2,13,0,3,215,18,9,1.57 
2015,07,05,18:00,215,1050,6,593,16,11,13,2,3,9,215,17,18,0.86 
2015,07,02,20:00,250,215,2,878,16,8,7,8,9,0,215,9,19,0.53 
2015,07,02,19:00,215,250,0,878,7,16,4,11,3,5,215,7,21,0.33 
2015,07,02,18:00,711,215,14,878,16,10,12,3,4,7,215,17,18,0.89 
2015,06,30,23:59,215,711,14,878,16,3,12,3,4,0,215,12,9,1.08 
2015,06,30,22:15,258,215,1,878,16,9,8,7,8,2,215,17,16,0.98 
2015,06,30,17:00,23,215,4,802,16,10,10,5,6,5,215,16,19,0.82 
2015,06,30,17:00,23,215,1,802,16,12,6,9,10,3,215,18,21,0.91 
2015,06,29,20:15,270,215,0,878,14,16,8,7,6,9,215,25,21,1.10 
2015,06,29,19:20,215,270,4,878,6,16,5,10,1,6,215,12,18,0.87 
2015,06,25,22:45,215,517,0,883,16,11,11,4,5,7,215,18,18,0.98 
2015,06,25,22:45,517,215,14,883,13,16,6,9,7,7,215,16,19,0.79 
2015,06,25,20:45,196,215,4,883,10,16,8,7,2,9,215,12,17,0.71 
2015,06,25,20:45,215,196,0,883,16,7,11,4,5,3,215,20,12,1.26 
2015,06,24,20:15,711,215,4,883,25,23,5,10,10,5,215,24,30,0.78 
2015,06,24,19:00,258,215,14,878,15,21,6,9,9,6,215,23,23,0.88 
2015,06,24,17:00,215,8,14,883,10,16,5,10,5,6,215,18,18,1.00 
2015,06,24,17:00,8,215,6,883,16,6,13,2,3,4,215,9,19,0.53 
2015,06,23,18:00,215,214,1,883,6,16,6,9,0,7,215,9,21,0.43 
2015,06,23,18:00,214,215,0,883,16,5,10,5,6,0,215,7,16,0.47 
2015,06,21,18:00,258,215,6,892,23,25,10,5,5,10,215,35,35,1.06 
2015,06,21,18:00,258,215,4,892,4,16,4,11,0,5,215,15,10,1.35 
2015,06,21,17:59,258,215,1,892,16,10,13,2,3,8,215,16,19,0.96 
2015,06,21,17:59,215,258,14,892,16,14,6,9,10,5,215,18,21,0.82 
2015,06,21,11:00,215,13,6,892,16,5,11,4,5,1,215,17,12,1.25 
2015,06,21,11:00,215,13,14,892,16,4,12,3,4,1,215,12,11,0.98 
2015,06,20,11:30,258,215,1,892,16,13,8,7,8,6,215,17,23,0.72 
2015,06,20,11:30,215,59,4,892,16,11,6,9,10,2,215,22,21,1.16 
2015,06,19,19:00,292,215,14,892,16,8,11,4,5,4,215,9,20,0.47 
2015,06,19,18:31,215,1054,6,892,16,14,3,12,13,2,215,22,16,1.19 
2015,06,19,16:49,215,13,14,892,16,13,8,7,8,6,215,26,25,1.02 
2015,06,18,21:00,196,215,1,888,3,16,2,13,1,3,215,16,11,1.23 
2015,06,18,20:00,711,215,4,888,16,11,10,5,6,6,215,14,19,0.83 
2015,06,17,21:00,8,215,7,888,16,8,11,4,5,4,215,12,19,0.64 
2015,06,17,19:00,215,210,14,888,9,16,9,6,0,10,215,9,22,0.43 
2015,06,15,21:30,210,215,2,893,16,14,8,7,8,7,215,15,21,0.76 
2015,06,15,21:30,215,210,0,893,9,16,4,11,5,5,215,10,17,0.62 
2015,06,15,17:00,215,711,6,893,16,7,8,7,8,0,215,15,18,0.82 
2015,06,15,17:00,711,215,4,893,11,16,9,6,2,10,215,21,19,1.17 
2015,06,15,17:00,215,711,14,893,11,16,3,12,8,4,215,12,21,0.57 
2015,06,14,20:15,215,250,14,893,16,13,10,5,6,8,215,21,22,1.02 
2015,06,14,18:30,23,215,0,893,9,16,5,10,4,6,215,22,12,1.37 
2015,06,11,23:00,59,215,6,888,19,16,9,6,6,9,215,24,25,0.90 
2015,06,11,22:00,215,258,7,888,12,16,8,7,4,9,215,11,18,0.66 
2015,06,11,20:00,8,215,14,878,16,2,13,2,3,0,215,12,17,0.70 
2015,06,11,18:00,215,13,4,878,16,3,12,3,4,0,215,11,7,1.09 
2015,06,10,21:00,215,1054,14,894,19,17,2,13,13,2,215,34,25,1.22 
2015,06,10,21:00,1054,215,1,894,16,1,14,1,2,0,215,1,17,0.05 
2015,06,10,21:00,1054,215,4,894,13,16,6,9,7,7,215,30,16,1.43 
2015,06,10,20:00,59,215,14,888,16,10,7,8,9,2,215,14,21,0.76 
2015,06,10,19:00,215,210,2,878,5,16,4,11,1,5,215,11,18,0.61 
2015,06,09,19:00,215,8,1,888,6,16,4,11,2,5,215,14,18,0.73 
2015,06,07,16:00,270,215,6,899,19,17,9,6,6,9,215,33,23,1.45 
2015,06,07,16:00,215,270,4,899,17,19,6,9,9,6,215,25,23,0.97 
2015,06,07,13:00,215,59,0,899,16,8,9,6,7,2,215,19,15,1.18 
2015,06,07,13:00,59,215,2,899,13,16,9,6,4,10,215,24,20,1.12 
2015,06,06,16:10,215,210,14,899,11,16,8,7,3,9,215,12,21,0.70 
2015,06,06,16:10,215,210,1,899,13,16,3,12,10,4,215,19,19,0.95 
2015,06,03,20:00,270,215,6,888,16,14,11,4,5,10,215,22,20,1.05 
2015,06,03,18:00,292,215,4,802,9,16,5,10,4,6,215,23,15,1.33 
2015,06,03,18:00,292,215,0,802,10,16,5,10,5,6,215,19,15,1.18 
2015,06,02,23:00,711,215,4,888,16,19,10,5,5,10,215,23,21,1.04 
2015,06,02,21:00,215,292,0,883,16,2,14,1,2,1,215,22,10,1.80 
2015,06,02,21:00,292,215,1,883,16,10,8,7,8,3,215,13,19,0.73 
2015,06,01,22:00,215,22,2,888,16,7,8,7,8,0,215,20,12,1.34 
2015,06,01,20:00,22,215,1,802,4,16,3,12,1,4,215,16,7,1.31 
2015,06,01,20:00,22,215,6,802,8,16,6,9,2,7,215,14,14,0.95 
2015,06,01,19:00,270,215,2,888,16,9,13,2,3,7,215,10,21,0.49 
2015,05,30,20:15,258,215,4,888,14,16,10,5,4,11,215,16,23,0.71 
2015,05,28,20:00,676,215,2,883,14,16,8,7,6,9,215,20,22,0.95 
2015,05,28,20:00,215,676,0,883,16,4,11,4,5,0,215,15,11,1.20 
2015,05,28,19:00,215,214,2,888,16,4,11,4,5,0,215,14,13,0.99 
2015,05,28,17:00,13,215,6,894,1,16,1,14,0,2,215,15,8,1.24 
2015,05,28,17:00,13,215,0,894,16,14,8,7,8,7,215,19,23,0.84 
2015,05,28,17:00,13,215,14,894,12,16,6,9,6,7,215,17,22,0.83 
2015,05,27,22:30,214,215,7,888,14,16,7,8,7,8,215,21,20,1.05 
2015,05,26,20:00,215,8,2,802,17,19,11,4,4,11,215,18,27,0.65 
2015,05,26,20:00,8,215,14,802,8,16,7,8,1,8,215,14,11,0.98 
2015,05,25,19:00,215,59,0,909,16,11,9,6,7,5,215,14,24,0.57 
2015,05,25,19:00,59,215,2,909,11,16,8,7,3,9,215,16,15,0.94 
2015,05,24,22:40,22,215,14,888,12,16,4,11,8,5,215,20,18,1.03 
2015,05,24,19:40,215,250,0,888,14,16,6,9,8,7,215,25,21,1.12 
2015,05,24,18:00,215,210,0,888,12,16,9,6,3,10,215,15,22,0.68 
2015,05,21,18:00,258,215,1,909,14,16,4,11,10,5,215,15,22,0.73 
2015,05,21,18:00,215,258,6,909,16,9,8,7,8,2,215,17,19,0.95 
2015,05,20,21:00,215,1051,1,894,16,7,9,6,7,1,215,15,13,1.15 
2015,05,20,21:00,1051,215,0,894,8,16,7,8,1,8,215,11,17,0.67 
2015,05,17,16:30,8,215,6,921,25,22,12,3,3,12,215,29,32,0.92 
2015,05,17,16:30,215,8,2,921,17,19,10,5,5,10,215,21,27,0.75 
2015,05,16,22:40,250,215,6,921,9,16,5,10,4,6,215,20,15,1.09 
2015,05,16,22:40,215,250,1,921,16,12,11,4,5,8,215,11,19,0.67 
2015,05,16,17:40,215,787,6,921,16,1,14,1,2,0,215,8,5,1.04 
2015,05,16,17:40,215,787,14,921,16,3,12,3,4,0,215,11,14,0.82 
2015,05,16,13:45,215,210,4,921,10,16,8,7,2,9,215,19,20,0.95 
2015,05,16,13:45,215,210,0,921,13,16,9,6,4,10,215,12,23,0.55 
2015,05,15,20:30,303,215,4,921,16,11,11,4,5,7,215,11,19,0.63 
2015,05,15,20:30,215,303,1,921,16,2,13,2,3,0,215,15,11,1.17 
2015,05,13,21:30,13,215,6,888,5,16,5,10,0,6,215,17,9,1.23 
2015,05,13,19:00,8,215,14,593,14,16,7,8,7,8,215,11,24,0.51 
2015,05,13,18:00,8,215,0,593,16,11,7,8,9,3,215,18,20,0.94 
2015,05,12,23:30,292,215,4,593,7,16,5,10,2,6,215,28,16,1.64 
2015,05,12,22:00,215,292,0,593,13,16,11,4,2,12,215,23,22,1.04 
2015,05,12,20:00,250,215,6,888,14,16,9,6,5,10,215,16,21,0.75 
2015,05,11,20:00,1045,215,1,883,3,16,3,12,0,4,215,13,12,1.18 
2015,05,11,20:00,215,1045,4,883,16,3,12,3,4,0,215,17,6,1.58 
2015,05,10,22:00,215,384,4,593,19,21,9,6,6,9,215,14,30,0.54 
2015,05,10,21:00,215,384,14,593,16,9,8,7,8,2,215,13,19,0.79 
2015,05,07,20:00,215,250,1,883,15,19,7,8,8,7,215,14,24,0.62 
2015,05,06,19:00,59,215,1,593,13,16,9,6,4,10,215,17,22,0.79 
2015,05,06,18:00,215,59,4,593,16,6,10,5,6,1,215,12,14,0.83 
2015,05,02,21:30,215,270,0,929,13,16,10,5,3,11,215,19,22,0.82 
2015,05,02,21:30,215,270,7,929,8,16,3,12,5,4,215,14,20,0.67 
2015,05,02,21:30,215,270,4,929,16,6,10,5,6,1,215,23,12,1.51 
2015,05,01,23:00,215,1035,0,929,16,1,14,1,2,0,215,15,8,1.37 
2015,05,01,23:00,215,1035,7,929,16,11,13,2,3,9,215,13,19,0.71 
2015,05,01,19:00,215,270,0,929,8,16,3,12,5,4,215,12,21,0.62 
2015,05,01,19:00,215,270,7,929,13,16,8,7,5,9,215,13,22,0.61 
2015,05,01,19:00,215,270,4,929,16,14,10,5,6,9,215,15,19,0.77 
2015,04,29,21:00,215,270,0,909,16,14,6,9,10,5,215,15,22,0.69 
2015,04,29,21:00,270,215,6,909,16,8,11,4,5,4,215,20,18,1.02 
2015,04,29,21:00,270,215,4,909,10,16,9,6,1,10,215,15,15,0.94 
2015,04,28,21:00,215,196,14,909,16,8,10,5,6,3,215,21,15,1.38 
2015,04,28,21:00,215,196,1,909,16,11,6,9,10,2,215,13,20,0.76 
2015,04,23,22:15,215,214,0,593,16,4,11,4,5,0,215,11,14,0.76 
2015,04,23,21:15,214,215,1,593,16,14,4,11,12,3,215,11,21,0.59 
2015,04,23,19:00,8,215,14,935,9,16,8,7,1,9,215,24,14,1.44 
2015,04,21,21:00,945,215,6,593,10,16,5,10,5,6,215,9,10,0.85 
2015,04,21,20:00,215,945,0,593,16,9,11,4,5,5,215,9,20,0.51 
2015,04,19,22:00,196,215,1,593,18,21,8,7,7,8,215,18,27,0.68 
2015,04,19,21:00,196,215,0,593,16,5,10,5,6,0,215,10,17,0.64 
2015,04,19,19:45,215,22,1,593,16,11,9,6,7,5,215,21,16,1.18 
2015,04,19,19:00,215,22,6,593,16,2,14,1,2,1,215,16,6,1.51 
2015,04,16,21:00,215,250,1,935,14,16,7,8,7,8,215,26,18,1.36 
2015,04,16,20:00,215,1045,0,935,16,12,5,10,11,2,215,22,19,1.06 
2015,04,16,18:00,215,258,1,935,21,18,8,7,7,8,215,36,26,1.34 
2015,04,15,22:00,215,270,1,935,14,16,8,7,6,9,215,18,26,0.71 
2015,04,15,21:00,250,215,0,935,10,16,8,7,2,9,215,20,16,1.09 
2015,04,14,19:00,215,210,6,935,31,28,9,6,6,9,215,38,45,0.86 
2015,04,14,18:00,270,215,6,935,12,16,10,5,2,11,215,19,15,1.15 
2015,04,12,20:10,215,711,14,946,16,13,7,8,9,5,215,21,19,1.01 
2015,04,12,20:10,711,215,7,946,16,7,8,7,8,0,215,14,19,0.73 
2015,04,12,20:10,711,215,0,946,12,16,10,5,2,11,215,17,19,1.00 
2015,04,12,12:00,215,258,14,946,16,12,7,8,9,4,215,20,19,1.07 
2015,04,12,12:00,215,258,4,946,16,7,10,5,6,2,215,12,13,0.89 
2015,04,12,12:00,258,215,6,946,19,15,12,3,3,12,215,14,26,0.59 
2015,04,11,16:15,22,215,14,946,3,16,3,12,0,4,215,17,12,1.26 
2015,04,11,16:15,215,22,0,946,16,4,11,4,5,0,215,26,7,2.14 
2015,04,11,10:00,8,215,6,946,9,16,3,12,6,4,215,8,16,0.61 
2015,04,11,10:00,215,8,0,946,16,4,12,3,4,1,215,16,9,1.32 
2015,04,11,10:00,8,215,7,946,16,5,10,5,6,0,215,6,17,0.42 
2015,04,10,10:00,215,22,6,946,12,16,5,10,7,6,215,25,21,1.16 
2015,04,10,10:00,215,22,0,946,16,2,13,2,3,0,215,11,11,0.92 
2015,04,10,10:00,22,215,14,946,16,11,10,5,6,6,215,18,17,0.93 
2015,04,07,18:00,13,215,0,947,16,14,13,2,3,12,215,18,20,0.82 
2015,04,07,18:00,13,215,14,947,16,14,7,8,9,6,215,17,20,0.88 
2015,04,07,18:00,13,215,4,947,5,16,4,11,1,5,215,12,12,0.91 
2015,04,07,18:00,215,13,7,947,6,16,3,12,3,4,215,10,21,0.47 
2015,04,06,22:15,215,196,7,947,16,3,12,3,4,0,215,15,10,1.20 
2015,04,06,22:15,196,215,0,947,11,16,6,9,5,7,215,25,19,1.25 
2015,04,06,20:30,258,215,6,935,16,11,6,9,10,2,215,19,19,0.93 
2015,04,02,20:00,210,215,4,935,11,16,6,9,5,7,215,15,18,0.78 
2015,03,31,21:25,215,711,1,935,16,9,9,6,7,3,215,18,17,1.00 
2015,03,31,20:00,711,215,6,935,21,19,9,6,6,9,215,32,31,1.04 
2015,03,28,10:30,215,711,7,950,10,16,8,7,2,9,215,12,20,0.69 
2015,03,28,10:29,711,215,1,950,16,11,11,4,5,7,215,15,22,0.68 
2015,03,27,21:00,258,215,5,950,16,2,13,2,3,0,215,2,18,0.09 
2015,03,27,21:00,258,215,4,950,16,14,7,8,9,6,215,16,26,0.59 
2015,03,27,18:00,258,215,6,950,12,16,7,8,5,8,215,16,20,0.79 
2015,03,27,14:00,215,270,4,950,16,11,10,5,6,6,215,15,18,0.80 
2015,03,27,14:00,270,215,1,950,15,19,6,9,9,6,215,21,25,0.80 
2015,03,27,14:00,215,270,6,950,11,16,7,8,4,8,215,13,15,0.83 
2015,03,25,18:00,210,215,7,952,16,3,12,3,4,0,215,5,18,0.32 
2015,03,25,18:00,210,215,0,952,16,13,10,5,6,8,215,17,22,0.75 
2015,03,25,18:00,210,215,6,952,12,16,7,8,5,8,215,20,16,1.17 
2015,03,24,18:00,13,215,6,952,3,16,3,12,0,4,215,10,8,0.94 
2015,03,24,18:00,13,215,0,952,8,16,8,7,0,9,215,15,14,0.95 
2015,03,23,21:20,270,215,1,952,16,12,8,7,8,5,215,25,20,1.21 
2015,03,23,18:00,270,215,6,952,16,4,11,4,5,0,215,11,16,0.71 
2015,03,13,13:00,258,215,14,954,16,3,13,2,3,1,215,12,16,0.78 
2015,03,13,13:00,258,215,1,954,14,16,8,7,6,9,215,17,23,0.72 
2015,03,13,13:00,215,258,7,954,12,16,10,5,2,11,215,16,23,0.73 
2015,03,12,18:00,215,787,6,954,16,3,14,1,2,2,215,16,7,1.40 
2015,03,12,16:25,215,210,14,954,7,16,2,13,5,3,215,9,18,0.55 
2015,03,12,14:50,215,13,0,954,16,2,14,1,2,1,215,21,12,1.73 
2015,02,26,21:15,8,215,0,935,16,7,10,5,6,2,215,15,22,0.68 
2015,02,18,22:00,215,1045,0,935,16,11,7,8,9,3,215,17,18,0.91 
2015,01,15,21:45,52,215,4,965,8,16,7,8,1,8,215,14,16,0.83 
2015,01,15,21:45,52,215,6,965,12,16,10,5,2,11,215,1,5,0.70 
2014,12,11,21:45,215,841,4,965,16,11,8,7,8,4,215,22,15,1.26 
2014,12,11,21:45,841,215,0,965,14,16,7,8,7,8,215,19,22,0.80 
2014,12,11,21:45,215,841,14,965,9,16,8,7,1,9,215,8,22,0.43 
2014,11,29,17:30,301,215,1,983,16,11,13,2,3,9,215,21,19,1.15 
2014,11,29,17:30,215,301,6,983,11,16,9,6,2,10,215,19,16,1.02 
2014,11,28,21:15,22,215,0,983,13,16,12,3,1,13,215,19,20,0.96 
2014,11,28,21:15,215,22,14,983,16,3,12,3,4,0,215,25,9,1.90 
2014,11,27,23:45,215,13,4,983,19,15,8,7,7,8,215,25,21,1.05 
2014,11,27,20:45,8,215,5,983,16,2,14,1,2,1,215,6,16,0.43 
2014,11,27,19:45,215,13,0,983,16,8,13,2,3,6,215,18,13,1.15 
2014,11,04,20:40,936,87,7,993,16,9,14,1,2,8,87,17,19,0.88 
2014,11,04,20:40,936,87,4,993,16,6,11,4,5,2,87,11,20,0.60 
2014,11,02,10:45,8,215,6,998,16,3,12,3,4,0,215,11,18,0.74 
2014,11,02,10:45,8,215,5,998,11,16,11,4,0,12,215,20,18,1.17 
2014,11,02,10:45,215,8,0,998,12,16,5,10,7,6,215,18,20,0.89 
2014,11,01,16:00,215,301,4,998,14,16,6,9,8,7,215,17,21,0.80 
2014,11,01,16:00,301,215,6,998,16,10,11,4,5,6,215,8,20,0.49 
2014,11,01,09:30,1152,215,5,998,13,16,12,3,1,13,215,17,17,0.93 
2014,11,01,09:30,215,1152,4,998,16,13,14,1,2,12,215,18,17,1.04 
2014,10,30,17:15,215,210,0,998,16,5,10,5,6,0,215,19,11,1.39 
2014,10,30,15:13,215,776,1,998,16,14,10,5,6,9,215,16,23,0.75 
2014,10,30,15:00,215,143,5,998,16,10,14,1,2,9,215,17,15,0.97 
2014,10,30,12:55,795,215,6,998,7,16,4,11,3,5,215,16,14,1.08 
2014,10,30,10:00,215,287,6,998,16,5,11,4,5,1,215,18,13,1.30 
2014,10,28,18:00,22,215,1,996,16,2,13,2,3,0,215,4,18,0.19 
2014,10,28,18:00,215,22,6,996,17,19,9,6,6,9,215,35,23,1.36 
2014,10,27,21:40,214,215,1,996,13,16,10,5,3,11,215,16,21,0.73 
2014,10,27,21:40,215,214,0,996,8,16,5,10,3,6,215,11,19,0.65 
2014,10,27,21:40,215,214,5,996,16,14,14,1,2,13,215,17,21,0.83 
2014,10,27,18:00,215,711,6,996,16,14,7,8,9,6,215,20,22,0.99 
2014,10,27,18:00,711,215,0,996,14,16,6,9,8,7,215,18,19,0.89 
2014,10,27,18:00,711,215,1,996,16,1,14,1,2,0,215,6,16,0.41 
2014,10,19,19:00,215,301,0,1007,6,16,5,10,1,6,215,9,17,0.53 
2014,10,19,19:00,301,215,4,1007,12,16,7,8,5,8,215,13,19,0.82 
2014,10,19,19:00,301,215,1,1007,17,19,10,5,5,10,215,21,25,0.87 
2014,10,19,19:00,215,301,6,1007,9,16,8,7,1,9,215,14,17,0.75 
2014,10,19,15:40,215,711,0,1007,16,11,10,5,6,6,215,24,20,1.24 
2014,10,19,15:40,711,215,1,1007,10,16,9,6,1,10,215,21,17,1.14 
2014,10,19,12:00,52,215,4,1007,12,16,11,4,1,12,215,18,20,0.87 
2014,10,19,12:00,52,215,6,1007,10,16,3,12,7,4,215,16,16,0.94 
2014,10,18,16:25,301,215,6,1007,16,7,14,1,2,6,215,9,20,0.53 
2014,10,18,16:25,301,215,4,1007,16,8,11,4,5,4,215,15,19,0.84 
2014,10,16,19:00,540,215,1,996,4,16,3,12,1,4,215,19,7,1.53 
2014,10,05,21:00,215,214,4,996,10,16,5,10,5,6,215,15,21,0.77 
2014,10,05,21:00,214,215,0,996,16,9,9,6,7,3,215,17,20,0.80 
2014,10,05,14:15,215,59,4,1017,16,13,9,6,7,7,215,22,18,1.00 
2014,10,05,14:15,59,215,1,1017,16,6,11,4,5,2,215,14,19,0.72 
2014,10,05,14:15,59,215,7,1017,16,6,11,4,5,2,215,14,20,0.71 
2014,10,05,14:15,215,59,0,1017,16,1,14,1,2,0,215,17,9,1.49 
2014,10,04,19:15,214,215,4,996,19,17,12,3,3,12,215,31,25,1.31 
2014,10,04,12:00,215,59,6,1017,16,12,9,6,7,6,215,18,21,0.84 
2014,10,04,12:00,59,215,0,1017,14,16,9,6,5,10,215,20,20,0.94 
2014,10,03,12:27,8,215,6,1017,7,16,4,11,3,5,215,12,18,0.69 
2014,10,03,12:27,8,215,8,1017,14,16,9,6,5,10,215,25,18,1.31 
2014,10,03,12:00,8,215,0,1017,19,16,12,3,3,12,215,23,24,1.04 
2014,09,26,22:30,384,215,1,1021,7,16,7,8,0,8,215,21,12,1.51 
2014,09,26,20:30,215,944,8,1021,15,15,12,3,3,12,215,27,25,1.24 
2014,09,26,17:00,215,1149,0,1021,16,8,10,5,6,3,215,23,13,1.54 
2014,09,25,19:00,8,215,8,1021,16,13,5,10,11,3,215,21,22,0.96 
2014,09,23,23:20,1106,215,1,1026,11,16,6,9,5,7,215,26,18,1.23 
2014,09,23,21:15,1037,215,1,997,8,16,4,11,4,5,215,19,13,1.18 
2014,09,23,21:15,1037,215,0,997,4,16,4,11,0,5,215,19,9,1.62 
2014,09,22,20:40,215,711,8,1021,16,14,9,6,7,8,215,29,19,1.40 
2014,09,22,19:20,215,1149,0,1026,16,5,11,4,5,1,215,20,9,1.54 
2014,09,22,18:00,59,215,0,1026,10,16,8,7,2,9,215,25,14,1.49 
2014,09,19,18:00,215,841,8,1021,16,6,10,5,6,1,215,23,11,1.73 
2014,09,19,17:00,1208,215,8,1021,6,16,3,12,3,4,215,14,14,1.01 
2014,08,31,23:01,210,215,1,1034,16,14,8,7,8,7,215,19,20,0.98 
2014,08,31,18:00,215,210,2,1034,16,11,13,2,3,9,215,17,18,0.93 
2014,08,31,18:00,215,210,6,1034,3,16,2,13,1,3,215,9,15,0.60 
2014,08,31,18:00,215,210,0,1034,19,17,13,2,2,13,215,18,28,0.70 
2014,08,31,14:30,215,59,0,1034,16,8,10,5,6,3,215,19,13,1.30 
2014,08,31,14:30,59,215,6,1034,11,16,10,5,1,11,215,16,17,0.88 
2014,08,31,14:30,215,59,1,1034,5,16,4,11,1,5,215,9,17,0.51 
2014,08,30,18:00,215,210,6,1034,6,16,6,9,0,7,215,10,18,0.61 
2014,08,30,18:00,215,210,0,1034,11,16,8,7,3,9,215,15,21,0.68 
2014,08,30,14:30,215,59,6,1034,16,14,11,4,5,10,215,27,22,1.09 
2014,08,30,14:30,215,59,1,1034,16,6,10,5,6,1,215,16,16,1.15 
2014,08,16,09:25,215,210,5,1043,14,16,5,10,9,6,215,18,22,0.83 
2014,08,16,09:25,215,210,1,1043,16,7,12,3,4,4,215,17,16,1.07 
2014,08,16,09:25,215,210,6,1043,11,16,9,6,2,10,215,11,24,0.50 
2014,08,15,13:45,384,215,1,1043,17,19,5,10,10,5,215,21,23,0.84 
2014,08,15,12:10,301,215,6,1043,16,12,8,7,8,5,215,13,22,0.69 
2014,08,14,12:00,215,384,6,1043,16,6,12,3,4,3,215,16,13,1.07 
2014,08,07,22:25,215,301,0,1044,13,16,12,3,1,13,215,19,24,0.83 
2014,08,07,20:20,59,215,0,1044,15,15,7,8,8,7,215,24,23,1.01 
2014,08,06,20:30,1152,215,6,1045,16,9,9,6,7,3,215,13,20,0.69 
2014,08,06,20:30,1152,215,7,1045,16,8,10,5,6,3,215,15,18,0.80 
2014,08,06,20:30,215,1152,1,1045,16,10,9,6,7,4,215,18,17,1.08 
2014,07,31,20:00,711,215,0,1044,16,13,11,4,5,9,215,23,20,1.04 
2014,07,30,20:35,215,250,6,1049,16,13,10,5,6,8,215,17,15,1.06 
2014,07,30,20:35,215,250,7,1049,11,16,10,5,1,11,215,12,9,1.00 
2014,07,30,20:35,250,215,1,1049,1,16,1,14,0,2,215,14,5,1.43 
2014,07,29,21:35,944,215,0,1044,11,16,6,9,5,7,215,13,20,0.64 
2014,07,29,20:00,210,215,0,1044,14,16,7,8,7,8,215,25,21,1.10 
2014,07,29,19:00,215,52,1,1044,16,8,7,8,9,0,215,19,17,1.04 
2014,07,28,22:00,314,215,1,1044,16,14,6,9,10,5,215,11,23,0.50 
2014,07,28,21:00,215,214,0,1044,9,16,5,10,4,6,215,10,22,0.48 
2014,07,28,20:00,8,215,0,1044,13,16,4,11,9,5,215,20,20,0.94 
2014,07,28,20:00,1218,215,1,1044,11,16,9,6,2,10,215,16,16,0.91 
2014,07,27,19:45,1219,215,1,1050,6,16,5,10,1,6,215,20,11,1.34 
2014,07,27,19:45,1219,215,6,1050,13,16,4,11,9,5,215,19,17,1.03 
2014,07,27,19:45,1219,215,2,1050,16,7,8,7,8,0,215,11,18,0.68 
2014,07,27,13:00,500,215,0,1050,22,26,10,5,5,10,215,28,33,0.83 
2014,07,27,13:00,500,215,6,1050,10,16,7,8,3,8,215,19,17,0.96 
2014,07,26,18:00,215,776,1,1050,16,21,7,8,8,7,215,26,27,0.96 
2014,07,26,18:00,776,215,0,1050,3,16,1,14,2,2,215,19,8,1.64 
2014,07,26,18:00,776,215,6,1050,16,8,8,7,8,1,215,11,21,0.53 
2014,07,26,13:00,844,215,1,1050,4,16,4,11,0,5,215,17,9,1.35 
2014,07,25,20:00,215,722,1,1044,16,13,6,9,10,4,215,17,20,0.88 
2014,07,16,23:00,301,215,1,1053,14,16,8,7,6,9,215,19,20,0.94 
2014,07,16,23:00,301,215,8,1053,16,9,12,3,4,6,215,13,18,0.69 
2014,07,16,23:00,301,215,0,1053,13,16,11,4,2,12,215,24,20,1.14 
2014,07,16,21:00,215,711,7,1053,16,7,10,5,6,2,215,16,15,1.09 
2014,07,16,21:00,711,215,0,1053,8,16,7,8,1,8,215,22,17,1.22 
2014,07,13,20:00,841,215,0,1044,11,16,4,11,7,5,215,21,19,1.04 
2014,07,13,19:00,743,215,2,1044,3,16,3,12,0,4,215,18,12,1.40 
2014,06,29,16:00,8,215,2,1056,16,9,9,6,7,3,215,12,20,0.66 
2014,06,29,16:00,8,215,0,1056,14,16,10,5,4,11,215,19,24,0.76 
2014,06,29,16:00,215,8,8,1056,10,16,7,8,3,8,215,20,19,1.11 
2014,06,29,05:00,1171,215,1,1056,12,16,2,13,10,3,215,25,19,1.34 
2014,06,29,05:00,215,1171,8,1056,16,7,10,5,6,2,215,22,12,1.47 
2014,06,28,19:30,215,116,6,1056,10,16,5,10,5,6,215,12,25,0.46 
2014,06,28,19:30,215,116,1,1056,14,16,8,7,6,9,215,33,21,1.62 
2014,06,28,17:30,215,1231,1,1056,16,8,13,2,3,6,215,28,17,1.55 
2014,06,28,17:30,215,1231,8,1056,16,12,8,7,8,5,215,23,21,1.01 
2014,06,16,23:30,250,215,2,1061,19,16,8,7,7,8,215,16,28,0.59 
2014,06,16,23:30,215,250,6,1061,5,16,5,10,0,6,215,10,16,0.63 
2014,06,16,14:30,52,215,6,1061,8,16,6,9,2,7,215,14,17,0.85 
2014,06,16,14:30,52,215,0,1061,10,16,8,7,2,9,215,24,16,1.40 
2014,06,16,10:00,215,8,0,1061,16,9,10,5,6,4,215,18,15,1.16 
2014,06,16,10:00,8,215,6,1061,9,16,7,8,2,8,215,14,21,0.69 
2014,06,15,22:15,13,215,1,1061,5,16,5,10,0,6,215,21,9,1.59 
2014,06,15,21:20,215,793,0,1061,16,11,12,3,4,8,215,23,17,1.23 
2014,06,15,20:00,13,215,1,1061,16,14,7,8,9,6,215,19,24,0.83 
2014,05,04,18:00,250,215,6,1071,8,16,7,8,1,8,215,12,14,0.83 
2014,05,04,18:00,250,215,1,1071,13,16,8,7,5,9,215,24,19,1.15 
2014,05,03,18:45,711,215,0,1071,11,16,8,7,3,9,215,17,19,0.94 
2014,05,03,18:45,711,215,1,1071,9,16,2,13,7,3,215,23,16,1.25 
2014,05,02,15:00,250,215,2,1071,15,19,7,8,8,7,215,23,16,1.17 
2014,05,02,15:00,250,215,1,1071,3,16,3,12,0,4,215,12,12,0.98 
2014,04,27,18:00,215,59,6,1073,11,16,9,6,2,10,215,14,19,0.74 
2014,04,25,23:40,215,214,2,1073,16,13,7,8,9,5,215,23,16,1.19 
2014,04,25,22:00,215,1244,1,1073,16,10,5,10,11,0,215,21,15,1.14 
2014,04,25,18:00,214,215,1,1073,19,17,6,9,9,6,215,22,27,0.78 
2014,04,10,19:20,287,215,6,1077,10,16,6,9,4,7,215,13,20,0.65 
2014,04,07,19:00,215,1280,0,1077,16,7,12,3,4,4,215,16,14,1.03 
2014,04,07,17:00,210,215,2,1077,15,15,11,4,4,11,215,26,22,1.08 
2014,04,03,21:10,215,8,2,1077,16,9,12,3,4,6,215,10,15,0.68 
2014,04,01,22:00,215,49,1,1077,16,8,9,6,7,2,215,20,13,1.26 
2014,03,31,22:00,215,1244,6,1077,16,12,10,5,6,7,215,19,20,0.88 
2014,03,31,18:00,215,59,0,1077,12,16,10,5,2,11,215,18,22,0.79 
2014,03,25,18:25,1273,215,2,1077,14,16,8,7,6,9,215,18,20,0.95 
2014,03,24,20:15,711,215,0,1077,12,16,9,6,3,10,215,21,17,1.11 
2014,03,22,21:30,1045,215,0,1080,16,8,8,7,8,1,215,11,19,0.63 
2014,03,20,18:30,945,215,0,1080,9,16,7,8,2,8,215,22,11,1.41 
2014,03,18,20:00,215,1069,2,1077,16,4,13,2,3,2,215,19,9,1.47 
2014,03,18,19:00,250,215,6,1077,16,11,12,3,4,8,215,17,18,0.95 
2014,03,13,23:30,215,1244,1,1082,13,16,5,10,8,6,215,24,19,1.26 
2014,03,13,22:15,1045,215,6,1082,16,8,10,5,6,3,215,12,19,0.66 
2014,03,08,23:45,287,215,1,1080,16,13,4,11,12,2,215,23,21,1.14 
2014,03,08,20:45,215,250,2,1080,13,16,9,6,4,10,215,22,22,0.97 
2014,03,08,19:30,1106,215,6,1080,6,16,6,9,0,7,215,22,14,1.63 
2014,03,06,19:00,1274,215,0,1077,10,16,6,9,4,7,215,22,18,1.15 
2014,03,05,19:00,214,215,0,1077,8,16,7,8,1,8,215,21,16,1.26 
2014,02,28,21:00,301,215,1,1077,16,14,8,7,8,7,215,19,22,0.88 
2014,02,26,22:00,945,215,2,1085,23,26,6,9,9,6,215,32,38,0.77 
2014,02,26,22:00,945,215,6,1085,16,5,14,1,2,4,215,7,17,0.46 
2014,02,26,22:00,215,945,1,1085,16,11,7,8,9,3,215,27,12,1.53 
2014,02,25,19:00,1126,215,1,1085,9,16,2,13,7,3,215,15,11,1.10 
2014,02,25,19:00,215,1126,6,1085,16,6,9,6,7,0,215,22,14,1.45 
2013,12,22,19:00,215,1310,5,1096,8,16,8,7,0,9,215,9,21,0.46 
2013,12,22,19:00,215,1310,0,1096,16,14,9,6,7,8,215,29,19,1.36 
2013,12,22,19:00,215,1310,2,1096,14,16,8,7,6,9,215,17,22,0.77 
2013,12,22,12:15,284,215,6,1096,14,16,12,3,2,13,215,27,24,1.22 
2013,12,22,12:15,284,215,0,1096,10,16,9,6,1,10,215,24,16,1.49 
2013,12,21,14:35,1311,215,6,1096,11,16,8,7,3,9,215,20,17,1.07 
2013,12,21,14:35,1311,215,1,1096,13,16,6,9,7,7,215,13,21,0.60 
2013,12,21,14:35,215,1311,5,1096,17,21,8,7,7,8,215,25,26,0.93 
2013,12,20,20:40,215,1310,6,1096,9,16,5,10,4,6,215,9,22,0.40 
2013,12,20,20:40,1310,215,1,1096,7,16,6,9,1,7,215,23,9,1.69 
2013,12,20,20:40,215,1310,7,1096,4,16,4,11,0,5,215,10,18,0.53 
2013,12,11,18:30,1244,215,1,1103,16,11,10,5,6,6,215,16,20,0.75 
2013,12,11,18:30,215,1244,0,1103,16,12,11,4,5,8,215,19,20,0.90 
2013,12,11,18:30,1244,215,6,1103,16,9,11,4,5,5,215,13,17,0.79 
2013,12,10,22:15,1322,215,1,1103,14,16,7,8,7,8,215,20,22,0.83 
2013,12,10,21:15,215,1324,2,1103,16,6,13,2,3,4,215,15,12,1.10 
2013,12,10,19:20,215,722,1,1104,16,11,5,10,11,1,215,11,19,0.73 
2013,12,10,18:15,215,250,6,1103,11,16,8,7,3,9,215,17,19,0.88 
2013,12,10,17:00,215,1322,0,1104,16,5,11,4,5,1,215,16,11,1.11 
2013,12,09,22:00,215,49,1,1104,9,16,5,10,4,6,215,12,20,0.56 
2013,12,09,20:15,1323,215,0,1104,13,16,10,5,3,11,215,21,20,0.94 
2013,12,09,19:30,214,215,1,1104,8,16,4,11,4,5,215,17,20,0.84 
2013,12,09,18:15,215,1311,6,1104,11,16,6,9,5,7,215,8,18,0.54 
2013,12,06,21:00,215,1305,6,1104,16,9,12,3,4,6,215,21,15,1.28 
2013,12,06,20:00,844,215,1,1104,15,15,13,2,2,13,215,29,19,1.36 
2013,12,05,20:00,287,215,6,1104,16,9,7,8,9,1,215,12,22,0.61 
2013,12,03,21:00,215,1069,2,1104,16,13,9,6,7,7,215,30,20,1.46 
2013,12,03,20:15,215,1045,0,1104,15,15,12,3,3,12,215,16,23,0.75 
2013,12,03,18:00,1106,215,6,1104,5,16,4,11,1,5,215,20,11,1.43 
2013,11,28,12:15,1045,215,0,1105,16,13,9,6,7,7,215,21,24,0.97 
2013,11,28,11:00,215,210,0,1105,9,16,3,12,6,4,215,10,21,0.49 
2013,11,25,22:00,215,275,1,1104,16,8,9,6,7,2,215,23,16,1.41 
2013,11,16,17:25,215,1311,6,1107,9,16,7,8,2,8,215,10,19,0.58 
2013,11,16,17:25,1311,215,1,1107,19,16,10,5,5,10,215,27,27,1.07 
2013,11,16,17:25,1311,215,0,1107,10,16,3,12,7,4,215,21,16,1.17 
2013,11,16,15:30,215,1322,6,1107,14,16,7,8,7,8,215,22,22,0.91 
2013,11,16,15:30,1322,215,2,1107,16,4,11,4,5,0,215,5,17,0.33 
2013,11,16,08:00,1311,215,6,1107,23,25,10,5,5,10,215,34,32,1.01 
2013,11,16,08:00,1311,215,0,1107,16,4,11,4,5,0,215,6,16,0.47 
2013,11,16,07:59,1311,215,1,1107,12,16,10,5,2,11,215,31,19,1.52 
2013,11,13,21:00,1244,215,6,1104,16,8,12,3,4,5,215,19,19,1.05 
2013,10,27,13:30,1322,215,6,1112,16,5,13,2,3,3,215,10,19,0.50 
2013,10,26,21:00,215,250,1,1112,2,16,1,14,1,2,215,10,17,0.67 
2013,10,26,17:30,1322,215,1,1112,28,31,4,11,11,4,215,30,42,0.74 
2013,10,09,20:05,215,1312,9,1116,16,11,7,8,9,3,215,25,17,1.36 
2013,10,09,19:00,215,49,9,1116,16,12,7,8,9,4,215,27,19,1.34 
2013,09,26,21:30,215,1323,10,1120,15,15,8,7,7,8,215,25,21,1.17 
2013,09,26,18:00,215,841,10,1120,6,16,3,12,3,4,215,13,18,0.69 
2013,09,25,21:00,749,215,11,1120,7,16,3,12,4,4,215,13,16,0.82 
2013,09,25,19:00,1345,215,9,1125,16,5,10,5,6,0,215,11,20,0.67 
2013,09,24,21:00,215,132,11,1125,16,9,7,8,9,1,215,23,15,1.42 
2013,09,24,20:00,215,690,11,1125,16,4,12,3,4,1,215,23,12,1.69 
2013,09,24,19:00,250,215,11,1120,16,12,10,5,6,7,215,16,22,0.76 
2013,09,19,19:30,215,1280,10,1120,3,16,3,12,0,4,215,12,17,0.77 
2013,09,18,19:00,215,1311,11,1125,14,16,9,6,5,10,215,24,21,1.22 
2013,09,17,21:00,384,215,11,1125,9,16,6,9,3,7,215,12,14,0.88 
2013,09,17,20:00,1355,215,10,1125,8,16,5,10,3,6,215,28,14,1.75 
2013,09,15,09:05,698,215,9,1126,16,11,9,6,7,5,215,15,20,0.78 
2013,09,15,09:05,215,698,12,1126,11,16,6,9,5,7,215,13,19,0.71 
2013,09,15,09:05,215,698,10,1126,16,7,10,5,6,2,215,23,10,1.57 
2013,09,14,20:55,384,215,9,1126,13,16,4,11,9,5,215,24,15,1.23 
2013,09,14,20:55,215,384,10,1126,16,8,8,7,8,1,215,15,13,1.02 
2013,09,14,18:45,1356,215,9,1126,3,16,3,12,0,4,215,16,11,1.35 
2013,09,14,16:45,215,1311,10,1126,10,16,9,6,1,10,215,19,20,0.98 
2013,09,14,15:49,215,1357,9,1126,16,5,11,4,5,1,215,15,14,1.01 
2013,09,10,21:38,250,215,7,1125,16,3,14,1,2,2,215,9,17,0.51 
2013,09,10,20:00,1244,215,10,1125,12,16,4,11,8,5,215,22,20,1.13 
2013,09,09,22:40,49,215,9,1120,14,16,7,8,7,8,215,21,23,1.07 
2013,09,09,21:00,287,215,11,1117,16,11,10,5,6,6,215,21,20,1.10 
2013,09,09,20:00,215,698,11,1117,15,15,11,4,4,11,215,22,20,1.17 
2013,09,08,21:00,215,1311,10,1120,9,16,3,12,6,4,215,17,20,0.89 
2013,09,08,19:00,215,287,9,1120,5,16,4,11,1,5,215,6,20,0.28 
2013,09,08,18:00,1317,215,9,1120,15,15,6,9,9,6,215,15,18,0.78 
2013,09,06,20:00,215,1317,10,1117,15,15,8,7,7,8,215,17,23,0.69 
2013,09,06,19:00,215,210,11,1120,16,14,12,3,4,11,215,17,19,0.91 
2013,09,06,18:00,1106,215,9,1120,15,15,7,8,8,7,215,18,22,0.83 
2013,09,05,21:00,1106,215,9,1117,1,16,1,14,0,2,215,18,10,1.43 
2013,09,05,20:00,215,210,10,1117,16,7,11,4,5,3,215,22,16,1.32 
2013,09,03,20:00,544,215,9,1125,21,17,6,9,9,6,215,21,30,0.69 
2013,08,28,19:00,215,1360,9,1120,16,8,9,6,7,2,215,24,17,1.39 
2013,08,28,18:00,844,215,10,1120,15,15,11,4,4,11,215,25,20,1.14 
2013,07,14,21:30,215,722,12,1135,12,16,7,8,5,8,215,20,20,1.04 
2013,07,14,21:30,215,722,10,1135,12,16,11,4,1,12,215,20,24,0.92 
2013,07,14,21:30,215,722,11,1135,16,7,12,3,4,4,215,15,14,0.97 
2013,07,14,16:50,840,215,11,1135,7,16,5,10,2,6,215,16,12,1.07 
2013,07,14,16:50,840,215,10,1135,8,16,7,8,1,8,215,25,13,1.55 
2013,07,14,14:45,215,838,12,1135,16,11,13,2,3,9,215,21,15,1.25 
2013,07,14,14:45,215,838,10,1135,16,2,13,2,3,0,215,19,8,1.53 
2013,07,13,15:30,336,215,9,1135,4,16,4,11,0,5,215,15,8,1.29 
2013,07,13,14:30,215,1389,10,1135,16,3,12,3,4,0,215,21,9,1.69 
2013,07,13,13:30,1384,215,10,1135,8,16,3,12,5,4,215,11,14,0.82 
2013,07,13,12:30,215,1246,11,1135,16,9,14,1,2,8,215,20,17,1.09 
2013,07,07,16:00,250,215,13,1136,16,2,13,2,3,0,215,3,18,0.14 
2013,07,07,16:00,250,215,11,1136,16,8,10,5,6,3,215,16,16,0.96 
2013,07,07,16:00,250,215,12,1136,9,16,6,9,3,7,215,20,19,1.12 
2013,07,07,16:00,215,250,9,1136,16,12,6,9,10,3,215,21,19,1.05 
2013,07,06,18:00,8,215,9,1136,14,16,4,11,10,5,215,23,19,1.11 
2013,07,06,18:00,8,215,10,1136,5,16,2,13,3,3,215,18,10,1.34 
2013,07,06,18:00,215,8,11,1136,16,19,10,5,5,10,215,22,26,0.83 
2013,07,05,12:00,841,215,11,1136,16,19,7,8,8,7,215,31,21,1.28 
2013,07,05,12:00,215,841,10,1136,16,10,12,3,4,7,215,25,20,1.19 
2013,07,04,14:00,215,250,9,1136,10,16,5,10,5,6,215,17,21,0.77 
2013,07,04,14:00,250,215,12,1136,16,2,13,2,3,0,215,6,16,0.42 
2013,07,04,14:00,250,215,10,1136,13,16,6,9,7,7,215,15,20,0.75 
2013,06,25,22:00,215,250,9,1138,14,16,7,8,7,8,215,21,22,0.92 
2013,06,25,21:00,215,8,9,1138,13,16,11,4,2,12,215,18,18,0.91 
2013,06,20,19:00,210,215,12,1138,16,11,8,7,8,4,215,10,19,0.57 
2013,06,19,22:00,1323,215,11,1138,13,16,9,6,4,10,215,26,19,1.25 
2013,06,12,21:00,749,215,12,1138,4,16,2,13,2,3,215,10,10,0.88 
2013,06,11,19:00,215,705,12,1138,16,11,11,4,5,7,215,16,19,0.80 
2013,06,10,21:00,215,1393,10,1141,16,8,9,6,7,2,215,15,12,1.12 
2013,06,10,20:00,841,215,12,1141,15,15,9,6,6,9,215,19,24,0.87 
2013,06,10,19:00,215,384,9,1141,6,16,6,9,0,7,215,12,16,0.84 
2013,06,07,22:00,1312,215,9,1138,4,16,4,11,0,5,215,9,15,0.64 
2013,06,07,21:00,215,287,9,1138,10,16,6,9,4,7,215,18,19,0.89 
2013,06,05,20:00,215,1391,9,1138,16,10,5,10,11,0,215,18,12,1.13 
2013,06,04,20:00,275,215,10,1143,16,13,5,10,11,3,215,23,19,1.08 
2013,06,03,20:00,215,49,10,1138,16,13,11,4,5,9,215,24,18,1.20 
2013,06,03,19:00,1106,215,9,1138,16,13,8,7,8,6,215,21,23,0.91 
2013,06,02,21:00,215,1093,10,1138,16,8,9,6,7,2,215,18,13,1.12 
2013,05,29,22:00,215,841,11,1138,11,16,10,5,1,11,215,13,24,0.66 
2013,05,29,19:00,215,301,10,1143,18,21,5,10,10,5,215,31,30,1.11 
2013,05,28,21:00,210,215,10,1143,5,16,5,10,0,6,215,20,13,1.27 
2013,05,28,20:00,1393,215,10,1143,13,16,9,6,4,10,215,24,19,1.24 
2013,05,22,21:00,210,215,10,1143,16,4,11,4,5,0,215,13,17,0.78 
2013,05,21,21:00,215,1395,9,1143,16,5,11,4,5,1,215,27,10,1.87 
2013,05,21,20:00,1317,215,9,1143,17,21,7,8,8,7,215,31,24,1.26 
2013,05,21,19:00,275,215,11,1143,12,16,10,5,2,11,215,26,17,1.49 
2013,04,06,16:15,250,215,9,1153,16,5,13,2,3,3,215,7,20,0.43 
2013,04,06,16:15,250,215,12,1153,16,3,12,3,4,0,215,5,17,0.34 
2013,04,05,12:55,215,841,9,1153,19,15,6,9,9,6,215,33,26,1.28 
2013,04,05,12:55,841,215,12,1153,9,16,7,8,2,8,215,20,15,1.16 
2013,04,04,16:00,8,215,9,1153,16,13,4,11,12,2,215,15,20,0.81 
2013,04,04,16:00,8,215,11,1153,16,14,7,8,9,6,215,22,24,0.97 
2013,03,29,17:00,215,210,9,1155,22,18,4,11,11,4,215,35,22,1.30 
2013,03,29,17:00,215,210,12,1155,16,6,10,5,6,1,215,14,11,1.12 
2013,03,29,17:00,215,210,10,1155,10,16,4,11,6,5,215,19,21,1.04 
2013,03,29,13:30,215,52,11,1155,13,16,4,11,9,5,215,23,18,1.23 
2013,03,29,13:30,215,52,10,1155,16,12,10,5,6,7,215,25,19,1.30 
2013,03,29,13:30,52,215,12,1155,16,13,6,9,10,4,215,14,22,0.74 
2013,03,29,10:00,320,215,11,1155,8,16,7,8,1,8,215,16,12,1.04 
2013,03,29,10:00,215,320,10,1155,16,6,10,5,6,1,215,20,13,1.30 
2013,03,23,14:15,841,215,12,1162,16,5,13,2,3,3,215,10,18,0.62 
2013,03,23,09:30,215,250,12,1162,5,16,2,13,3,3,215,6,19,0.34 
2013,03,21,20:00,215,8,11,1158,12,16,6,9,6,7,215,17,26,0.65 
2013,03,21,19:00,49,215,9,1158,6,16,3,12,3,4,215,27,10,1.88 
2013,03,20,22:00,250,215,9,1158,12,16,10,5,2,11,215,20,20,0.97 
2013,03,20,18:00,215,1149,10,1158,16,7,9,6,7,1,215,17,14,1.04 
2013,03,19,19:00,215,210,9,1158,13,16,7,8,6,8,215,24,20,1.16 
2013,03,14,22:00,1323,215,10,1158,7,16,4,11,3,5,215,20,13,1.26 
2013,03,13,22:00,215,301,10,1164,4,16,4,11,0,5,215,12,17,0.77 
2013,03,13,20:35,1411,215,9,1164,7,16,6,9,1,7,215,24,13,1.50 
2013,03,13,19:00,215,1383,9,1164,21,18,8,7,7,8,215,28,27,1.04 
2013,03,11,19:00,1391,215,10,1158,16,3,12,3,4,0,215,14,18,0.93 
2013,03,06,17:00,215,1383,9,1158,16,7,8,7,8,0,215,23,17,1.25 
