2016,08,15,13:00,34,35,4,473,16,14,10,5,6,9,35,15,23,0.65 
2016,08,15,13:00,34,35,0,473,16,12,11,4,5,8,35,20,20,0.93 
2016,08,14,14:30,35,62,5,478,16,11,8,7,8,4,35,20,16,1.06 
2016,08,14,14:30,62,35,4,478,12,16,6,9,6,7,35,19,20,0.95 
2016,08,13,15:30,35,65,0,482,16,6,11,4,5,2,35,17,9,1.29 
2016,08,13,15:30,65,35,1,482,7,16,4,11,3,5,35,19,15,1.18 
2016,08,11,14:30,35,106,7,478,16,12,11,4,5,8,35,13,19,0.69 
2016,08,11,14:30,35,106,2,478,16,2,13,2,3,0,35,16,9,1.41 
2016,08,08,09:30,35,151,1,478,16,13,5,10,11,3,35,26,18,1.42 
2016,08,08,09:30,35,151,0,478,16,4,11,4,5,0,35,25,5,1.98 
2016,08,06,13:30,35,65,7,491,16,2,13,2,3,0,35,8,8,0.86 
2016,08,06,13:30,35,65,2,491,16,10,7,8,9,2,35,30,13,1.75 
2016,08,06,13:30,65,35,0,491,16,9,7,8,9,1,35,17,20,0.80 
2016,08,05,13:20,35,172,14,491,16,6,13,2,3,4,35,21,15,1.22 
2016,08,05,13:20,35,172,2,491,16,2,14,1,2,1,35,13,9,1.17 
2016,08,02,13:00,35,150,14,482,16,4,13,2,3,2,35,21,8,1.77 
2016,08,02,13:00,35,150,1,482,16,12,5,10,11,2,35,12,20,0.63 
2016,08,02,13:00,35,150,7,482,2,16,2,13,0,3,35,11,15,0.74 
2016,07,31,05:30,35,34,7,473,14,16,11,4,3,12,35,16,19,0.84 
2016,07,31,05:30,34,35,1,473,16,19,8,7,7,8,35,34,18,1.52 
2016,07,26,12:00,35,150,7,504,16,6,12,3,4,3,35,19,10,1.46 
2016,07,26,12:00,35,150,2,504,10,16,9,6,1,10,35,19,21,0.90 
2016,07,26,12:00,35,150,14,504,16,11,6,9,10,2,35,22,15,1.17 
2016,07,24,07:45,34,35,1,512,16,9,8,7,8,2,35,15,22,0.72 
2016,07,24,07:45,34,35,7,512,16,14,7,8,9,6,35,20,22,0.89 
2016,07,22,13:30,52,35,5,512,16,8,13,2,3,6,35,8,21,0.43 
2016,07,22,13:30,35,52,4,512,16,7,11,4,5,3,35,21,12,1.46 
2016,07,22,13:30,35,52,7,512,4,16,4,11,0,5,35,12,17,0.68 
2016,07,22,07:30,46,35,4,512,16,10,8,7,8,3,35,19,17,1.03 
2016,07,22,05:45,185,35,7,512,6,16,5,10,1,6,35,14,9,1.17 
2016,07,22,04:00,35,208,7,512,16,2,13,2,3,0,35,16,10,1.30 
2016,07,09,09:45,35,34,2,525,8,16,6,9,2,7,35,18,18,1.00 
2016,07,09,09:45,35,34,7,525,13,16,6,9,7,7,35,15,19,0.75 
2016,07,09,09:45,35,34,1,525,8,16,6,9,2,7,35,18,19,0.89 
2016,07,08,05:30,34,35,2,526,16,13,10,5,6,8,35,17,20,0.84 
2016,07,08,05:30,34,35,7,526,14,16,11,4,3,12,35,17,20,0.86 
2016,07,08,05:30,34,35,1,526,16,6,12,3,4,3,35,9,19,0.48 
2016,07,08,05:30,34,35,14,526,16,11,7,8,9,3,35,21,20,1.08 
2016,07,07,08:00,35,180,2,527,16,2,13,2,3,0,35,16,5,1.56 
2016,07,07,08:00,35,180,14,527,16,5,10,5,6,0,35,23,8,1.61 
2016,07,01,12:40,35,172,7,531,16,13,11,4,5,9,35,18,18,0.95 
2016,07,01,12:40,35,172,14,531,16,3,14,1,2,2,35,18,6,1.59 
2016,07,01,05:00,35,34,2,531,9,16,8,7,1,9,35,12,17,0.85 
2016,07,01,05:00,34,35,14,531,16,12,8,7,8,5,35,20,21,0.90 
2016,06,25,13:00,34,35,4,538,16,9,11,4,5,5,35,22,20,1.11 
2016,06,25,13:00,34,35,7,538,19,15,7,8,8,7,35,19,26,0.80 
2016,06,23,08:00,35,237,14,538,16,2,13,2,3,0,35,21,6,1.91 
2016,06,23,08:00,35,237,4,538,16,7,9,6,7,1,35,17,13,1.28 
2016,06,23,08:00,237,35,0,538,16,11,11,4,5,7,35,20,19,1.01 
2016,06,17,08:10,191,35,0,527,13,16,12,3,1,13,35,27,18,1.35 
2016,06,17,08:10,191,35,5,527,4,16,4,11,0,5,35,21,13,1.45 
2016,06,14,08:10,35,179,0,527,16,7,13,2,3,5,35,21,16,1.16 
2016,06,14,08:10,35,179,14,527,16,2,14,1,2,1,35,25,10,2.10 
2016,06,08,09:00,35,256,4,504,16,1,14,1,2,0,35,17,6,1.67 
2016,06,08,09:00,256,35,7,504,8,16,3,12,5,4,35,18,16,1.04 
2016,05,28,15:00,34,35,1,562,16,9,7,8,9,1,35,16,17,0.96 
2016,05,28,15:00,35,34,0,562,8,16,8,7,0,9,35,17,18,1.04 
2016,05,28,15:00,34,35,7,562,12,16,7,8,5,8,35,19,19,0.91 
2016,05,27,13:15,185,35,0,562,6,16,4,11,2,5,35,16,12,1.11 
2016,05,27,13:15,35,185,4,562,16,7,13,2,3,5,35,13,14,0.97 
2016,05,18,14:30,34,35,7,572,16,2,13,2,3,0,35,4,17,0.26 
2016,05,18,14:30,35,34,1,572,4,16,3,12,1,4,35,16,14,1.15 
2016,05,18,14:30,34,35,0,572,16,8,10,5,6,3,35,12,22,0.56 
2016,05,07,13:10,34,35,4,584,16,9,10,5,6,4,35,15,23,0.64 
2016,05,07,13:10,34,35,14,584,16,3,13,2,3,1,35,5,19,0.25 
2016,05,07,11:20,35,429,0,584,16,4,12,3,4,1,35,19,8,1.52 
2016,05,07,11:20,429,35,7,584,5,16,2,13,3,3,35,19,10,1.46 
2016,05,06,05:25,35,34,7,584,10,16,5,10,5,6,35,17,19,0.86 
2016,05,06,05:25,35,34,1,584,16,5,10,5,6,0,35,22,13,1.57 
2016,05,06,05:25,34,35,4,584,21,17,9,6,6,9,35,36,22,1.39 
2016,05,05,12:50,150,35,7,584,13,16,5,10,8,6,35,19,23,0.86 
2016,05,05,12:50,150,35,2,584,12,16,8,7,4,9,35,20,21,1.01 
2016,05,05,08:15,164,35,4,584,5,16,4,11,1,5,35,19,14,1.28 
2016,05,05,04:15,429,35,2,584,16,2,13,2,3,0,35,12,16,0.84 
2016,04,27,13:00,34,35,1,597,16,4,12,3,4,1,35,14,17,0.85 
2016,04,27,13:00,34,35,6,597,16,6,14,1,2,5,35,11,19,0.58 
2016,04,27,13:00,34,35,0,597,16,10,8,7,8,3,35,27,17,1.51 
2016,04,27,08:00,191,35,0,595,4,16,3,12,1,4,35,20,9,1.52 
2016,04,27,08:00,191,35,7,595,9,16,3,12,6,4,35,15,17,0.86 
2016,04,25,16:10,179,35,4,597,6,16,3,12,3,4,35,16,13,1.10 
2016,04,25,16:10,179,35,2,597,1,16,1,14,0,2,35,18,3,1.76 
2016,04,25,12:30,34,35,7,597,16,9,8,7,8,2,35,22,18,1.22 
2016,04,25,12:30,35,34,6,597,19,17,10,5,5,10,35,29,26,1.17 
2016,04,25,12:30,34,35,1,597,16,11,12,3,4,8,35,19,23,0.90 
2016,04,21,13:00,35,179,4,597,16,7,11,4,5,3,35,16,12,1.15 
2016,04,21,13:00,35,179,6,597,16,2,14,1,2,1,35,15,11,1.14 
2016,04,15,13:00,172,35,6,597,11,16,9,6,2,10,35,14,17,0.84 
2016,04,15,13:00,35,172,0,597,16,6,12,3,4,3,35,14,14,0.88 
2016,04,09,13:30,35,173,6,597,16,13,12,3,4,10,35,23,22,1.14 
2016,03,30,13:00,65,35,6,597,14,16,9,6,5,10,35,15,18,0.82 
2016,03,30,13:00,65,35,0,597,13,16,6,9,7,7,35,22,15,1.11 
2016,03,22,12:00,35,207,14,595,16,14,8,7,8,7,35,14,17,0.76 
2016,03,22,12:00,35,207,7,595,16,5,11,4,5,1,35,20,11,1.46 
2016,03,15,12:00,501,35,14,595,1,16,1,14,0,2,35,12,7,1.14 
2016,03,15,12:00,501,35,0,595,6,16,3,12,3,4,35,16,11,1.23 
2016,03,13,16:30,35,34,6,633,10,16,2,13,8,3,35,18,14,1.13 
2016,03,13,16:30,34,35,1,633,16,8,10,5,6,3,35,19,19,1.02 
2016,03,13,12:00,61,35,1,633,14,16,9,6,5,10,35,26,19,1.18 
2016,03,13,12:00,35,61,6,633,19,16,7,8,8,7,35,21,21,0.94 
2016,03,13,09:15,35,229,4,633,16,7,9,6,7,1,35,19,12,1.43 
2016,03,13,09:15,229,35,1,633,17,19,5,10,10,5,35,28,20,1.16 
2016,03,13,06:25,35,491,4,633,16,4,12,3,4,1,35,10,12,0.80 
2016,03,13,06:25,491,35,1,633,13,16,7,8,6,8,35,17,15,1.02 
2016,01,31,07:20,286,697,0,663,16,4,13,2,3,2,697,15,19,0.90 
2016,01,31,07:20,697,286,14,663,8,16,6,9,2,7,697,17,18,0.96 
2016,01,29,07:20,3,697,6,663,3,16,3,12,0,4,697,12,11,1.02 
2016,01,29,04:15,193,697,14,663,10,16,3,12,7,4,697,22,14,1.28 
2016,01,13,18:00,697,292,0,671,11,16,5,10,6,6,697,17,18,0.93 
2016,01,13,18:00,292,697,7,671,16,14,8,7,8,7,697,27,21,1.33 
2016,01,13,18:00,292,697,6,671,6,16,5,10,1,6,697,17,14,1.29 
2016,01,13,13:10,215,697,2,671,16,7,10,5,6,2,697,17,18,0.95 
2016,01,13,13:10,697,215,0,671,5,16,4,11,1,5,697,15,18,0.88 
2015,12,20,09:00,697,34,4,688,22,20,11,4,4,11,697,33,25,1.22 
2015,12,20,09:00,34,697,0,688,16,12,8,7,8,5,697,19,18,0.96 
2015,12,20,09:00,697,34,6,688,19,17,10,5,5,10,697,20,24,0.85 
2015,12,20,09:00,34,697,7,688,13,16,5,10,8,6,697,20,20,1.13 
2015,12,20,06:00,697,501,4,688,16,3,12,3,4,0,697,17,12,1.23 
2015,12,20,06:00,501,697,0,688,12,16,6,9,6,7,697,25,17,1.29 
2015,12,19,11:15,697,34,14,688,4,16,3,12,1,4,697,10,19,0.60 
2015,12,19,11:15,34,697,7,688,16,10,7,8,9,2,697,22,20,1.14 
2015,12,18,10:30,173,697,0,688,6,16,6,9,0,7,697,24,13,1.64 
2015,12,18,10:30,697,173,6,688,16,14,9,6,7,8,697,42,16,2.23 
2015,12,17,06:45,697,745,6,688,16,2,13,2,3,0,697,17,10,1.41 
2015,12,17,06:45,697,745,14,688,16,1,14,1,2,0,697,15,7,1.32 
2015,12,15,14:00,751,697,7,702,3,16,3,12,0,4,697,15,9,1.36 
2015,12,15,14:00,697,751,6,702,16,1,14,1,2,0,697,14,6,1.32 
2015,12,15,14:00,697,751,0,702,9,16,8,7,1,9,697,8,18,0.50 
2015,12,15,14:00,697,751,2,702,16,2,14,1,2,1,697,12,9,1.03 
2015,12,14,13:00,762,697,4,702,8,16,8,7,0,9,697,19,13,1.23 
2015,12,14,13:00,762,697,2,702,7,16,3,12,4,4,697,21,11,1.34 
2015,12,13,13:00,256,697,0,702,5,16,5,10,0,6,697,28,8,2.25 
2015,12,13,13:00,697,256,6,702,16,2,13,2,3,0,697,25,10,2.01 
2015,12,10,13:00,697,149,6,711,16,11,8,7,8,4,697,24,15,1.38 
2015,12,10,13:00,697,149,14,711,16,4,12,3,4,1,697,12,13,0.84 
2015,12,07,10:00,697,762,14,711,19,16,6,9,9,6,697,29,25,1.09 
2015,12,07,10:00,762,697,6,711,9,16,3,12,6,4,697,17,15,0.99 
2015,12,07,10:00,762,697,7,711,16,10,6,9,10,1,697,16,17,0.86 
2015,12,03,13:00,697,150,7,711,16,13,9,6,7,7,697,24,16,1.24 
2015,12,03,13:00,697,150,6,711,16,11,9,6,7,5,697,23,17,1.16 
2015,11,30,15:20,823,697,6,696,4,16,4,11,0,5,697,23,14,1.52 
2015,11,30,15:20,697,823,7,696,16,7,9,6,7,1,697,23,10,1.65 
2015,11,28,16:15,824,697,6,696,9,16,6,9,3,7,697,20,13,1.18 
2015,11,28,16:15,697,824,0,696,16,3,12,3,4,0,697,15,9,1.27 
2015,11,28,14:00,697,762,14,707,6,16,5,10,1,6,697,18,18,1.12 
2015,11,28,14:00,762,697,7,707,16,8,9,6,7,2,697,11,18,0.71 
2015,11,28,12:00,697,483,0,707,13,16,9,6,4,10,697,20,21,0.92 
2015,11,28,12:00,483,697,2,707,16,8,11,4,5,4,697,17,18,1.06 
2015,11,27,14:10,795,697,2,707,12,16,10,5,2,11,697,20,19,0.96 
2015,11,27,14:10,795,697,6,707,12,16,4,11,8,5,697,23,24,0.99 
2015,11,26,12:30,697,173,6,696,16,9,8,7,8,2,697,20,15,1.09 
2015,11,26,12:30,173,697,7,696,14,16,6,9,8,7,697,32,15,1.55 
