2016,08,08,15:00,149,86,1,478,14,16,4,11,10,5,149,11,24,0.55 
2016,08,08,15:00,86,149,0,478,16,11,11,4,5,7,149,19,19,1.04 
2016,07,25,12:00,242,149,7,504,16,8,8,7,8,1,149,18,20,0.93 
2016,07,25,12:00,149,242,0,504,6,16,2,13,4,3,149,9,19,0.48 
2016,07,23,12:00,226,149,0,504,8,16,6,9,2,7,149,19,17,1.07 
2016,07,23,12:00,226,149,14,504,9,16,1,14,8,2,149,13,20,0.67 
2016,06,16,15:20,148,149,14,504,8,16,7,8,1,8,149,24,13,1.52 
2016,06,16,15:20,149,148,1,504,16,12,6,9,10,3,149,22,17,1.23 
2016,05,19,05:40,429,149,4,571,16,3,13,2,3,1,149,4,18,0.22 
2016,05,19,05:40,429,149,1,571,16,13,8,7,8,6,149,18,16,1.04 
2016,05,19,05:40,429,149,0,571,16,10,13,2,3,8,149,19,21,0.97 
2016,05,19,05:40,149,429,14,571,16,9,9,6,7,3,149,21,14,1.22 
2016,05,18,11:00,149,61,1,571,16,10,10,5,6,5,149,15,14,0.90 
2016,05,18,11:00,61,149,0,571,16,11,8,7,8,4,149,15,22,0.70 
2016,05,18,11:00,149,61,7,571,19,16,11,4,4,11,149,37,25,1.45 
2016,04,21,16:10,149,61,0,602,13,16,4,11,9,5,149,18,23,0.85 
2016,04,21,15:05,180,149,7,602,6,16,3,12,3,4,149,16,14,1.01 
2016,04,21,12:30,149,61,6,602,8,16,6,9,2,7,149,12,17,0.75 
2016,04,19,13:00,149,491,6,607,16,11,10,5,6,6,149,17,16,0.97 
2016,04,19,13:00,491,149,14,607,16,19,8,7,7,8,149,23,26,0.84 
2016,03,13,09:45,34,149,7,633,16,5,13,2,3,3,149,10,20,0.55 
2016,03,13,09:45,149,34,4,633,6,16,2,13,4,3,149,11,19,0.61 
2016,03,13,06:30,65,149,0,633,10,16,3,12,7,4,149,18,17,0.93 
2016,03,13,06:30,65,149,14,633,16,19,7,8,8,7,149,20,26,0.79 
2016,02,28,15:00,149,62,0,641,16,7,12,3,4,4,149,16,14,1.00 
2016,02,28,15:00,62,149,7,641,4,16,4,11,0,5,149,20,11,1.46 
2016,02,28,15:00,149,62,14,641,14,16,10,5,4,11,149,13,23,0.59 
2016,02,27,16:30,643,149,14,641,4,16,2,13,2,3,149,21,13,1.51 
2016,02,27,16:30,643,149,0,641,6,16,6,9,0,7,149,15,17,0.83 
2016,02,26,17:00,62,149,4,641,7,16,5,10,2,6,149,18,17,0.97 
2016,02,26,17:00,62,149,7,641,10,16,6,9,4,7,149,26,18,1.29 
2016,02,21,15:30,643,149,14,641,9,16,6,9,3,7,149,18,16,1.10 
2016,02,21,12:00,491,149,7,641,7,16,3,12,4,4,149,20,17,1.17 
2016,01,29,08:30,193,149,2,663,16,8,10,5,6,3,149,10,22,0.46 
2016,01,29,05:45,149,3,6,663,14,16,9,6,5,10,149,13,26,0.57 
2015,12,14,10:00,762,149,1,702,16,2,13,2,3,0,149,10,17,0.64 
2015,12,14,10:00,762,149,0,702,16,8,9,6,7,2,149,10,24,0.37 
2015,12,10,13:00,697,149,6,711,16,11,8,7,8,4,149,14,21,0.68 
2015,12,10,13:00,697,149,14,711,16,4,12,3,4,1,149,4,19,0.21 
2015,12,05,11:00,149,494,6,711,16,5,12,3,4,2,149,15,11,1.15 
2015,12,05,11:00,149,494,7,711,18,22,10,5,5,10,149,18,29,0.64 
2015,12,05,11:00,494,149,14,711,14,16,7,8,7,8,149,19,23,0.89 
2015,12,04,13:00,814,149,14,711,6,16,3,12,3,4,149,19,13,1.27 
2015,12,04,13:00,814,149,7,711,12,16,6,9,6,7,149,26,16,1.50 
2015,11,20,13:00,149,65,1,691,16,11,6,9,10,2,149,19,15,1.23 
2015,11,20,13:00,65,149,6,691,14,16,11,4,3,12,149,8,24,0.42 
2015,11,16,13:00,34,149,7,691,16,6,11,4,5,2,149,17,18,1.03 
2015,11,16,13:00,34,149,2,691,16,3,12,3,4,0,149,10,17,0.68 
2015,11,05,13:00,878,149,4,761,16,2,13,2,3,0,149,8,18,0.47 
2015,11,05,13:00,878,149,14,761,11,16,5,10,6,6,149,21,18,1.07 
2015,11,05,13:00,149,878,7,761,14,16,7,8,7,8,149,27,20,1.26 
2015,11,04,15:55,483,149,14,642,6,16,3,12,3,4,149,17,15,1.09 
2015,11,04,14:30,148,149,1,691,6,16,2,13,4,3,149,20,12,1.42 
2015,11,04,13:00,149,368,1,691,16,3,13,2,3,1,149,19,7,1.69 
2015,11,04,10:00,256,149,6,761,16,5,11,4,5,1,149,9,20,0.45 
2015,11,04,10:00,256,149,1,761,16,4,11,4,5,0,149,10,18,0.56 
2015,10,17,17:15,149,927,1,642,16,8,9,6,7,2,149,20,12,1.35 
2015,10,17,16:00,149,34,4,642,2,16,2,13,0,3,149,13,17,0.81 
2015,10,04,16:50,256,149,1,642,19,15,5,10,10,5,149,20,25,0.81 
2015,10,04,16:50,256,149,7,642,16,13,5,10,11,3,149,24,22,1.05 
2015,09,18,14:45,148,149,14,642,6,16,3,12,3,4,149,15,11,1.11 
2015,09,11,18:00,150,149,1,642,16,14,8,7,8,7,149,20,22,1.01 
2015,09,11,15:00,149,869,7,642,16,4,13,2,3,2,149,15,12,1.10 
2015,09,06,09:00,149,34,7,766,12,16,8,7,4,9,149,23,18,1.21 
2015,09,06,09:00,149,34,0,766,9,16,8,7,1,9,149,8,17,0.62 
2015,09,06,09:00,34,149,1,766,10,16,3,12,7,4,149,17,17,1.01 
2015,08,28,12:00,352,321,1,835,4,16,1,14,3,2,321,20,9,1.57 
2015,08,27,14:15,295,321,0,835,16,12,8,7,8,5,321,21,20,1.03 
2015,08,27,13:00,266,321,1,835,16,14,4,11,12,3,321,17,24,0.69 
2015,07,19,11:30,429,149,14,873,16,7,10,5,6,2,149,12,18,0.66 
2015,07,19,11:30,149,429,0,873,13,16,7,8,6,8,149,20,24,0.92 
2015,07,19,06:45,149,994,4,873,16,5,10,5,6,0,149,17,14,1.18 
2015,07,18,16:45,149,1046,6,873,16,7,13,2,3,5,149,15,14,0.97 
2015,07,18,13:30,149,994,6,873,11,16,9,6,2,10,149,15,17,0.87 
2015,06,29,15:40,149,256,6,879,16,10,8,7,8,3,149,17,17,1.10 
2015,06,29,15:40,256,149,1,879,10,16,2,13,8,3,149,18,20,1.01 
2015,06,05,15:00,256,149,1,900,16,6,11,4,5,2,149,17,17,0.99 
2015,06,05,13:00,149,106,6,900,16,9,11,4,5,5,149,17,14,1.07 
2015,04,19,14:50,149,34,6,940,26,28,6,9,9,6,149,34,41,0.84 
2015,04,17,15:45,209,149,7,940,14,16,8,7,6,9,149,19,19,0.93 
