2016,07,31,21:00,195,196,7,498,16,14,8,7,8,7,196,17,22,0.81 
2016,07,31,21:00,195,196,4,498,9,16,8,7,1,9,196,12,15,0.77 
2016,07,31,18:30,23,196,7,498,16,7,12,3,4,4,196,15,21,0.77 
2016,07,31,18:30,196,23,14,498,12,16,7,8,5,8,196,25,24,0.97 
2016,07,28,20:20,28,196,7,496,16,10,8,7,8,3,196,15,22,0.67 
2016,07,28,20:20,196,28,14,496,10,16,7,8,3,8,196,14,22,0.60 
2016,07,26,22:35,196,233,14,508,16,2,13,2,3,0,196,23,6,1.90 
2016,07,26,22:35,196,233,1,508,19,15,7,8,8,7,196,33,20,1.47 
2016,07,26,18:10,196,102,14,471,3,16,3,12,0,4,196,9,18,0.53 
2016,07,26,18:10,102,196,0,471,16,8,11,4,5,4,196,14,17,0.87 
2016,07,25,23:00,196,9,4,471,11,16,9,6,2,10,196,13,19,0.71 
2016,07,25,23:00,196,9,7,471,10,16,3,12,7,4,196,15,22,0.70 
2016,07,25,23:00,196,9,14,471,16,10,7,8,9,2,196,21,17,1.16 
2016,07,21,21:15,196,41,1,503,16,11,13,2,3,9,196,13,16,0.78 
2016,07,21,21:15,41,196,7,503,7,16,5,10,2,6,196,16,16,0.96 
2016,07,21,18:15,196,101,14,503,10,16,5,10,5,6,196,15,18,0.87 
2016,07,21,18:15,101,196,0,503,16,10,10,5,6,5,196,11,18,0.65 
2016,07,20,18:10,196,261,0,503,16,1,14,1,2,0,196,22,9,2.08 
2016,07,19,22:05,196,46,1,496,12,16,4,11,8,5,196,21,20,1.05 
2016,07,19,22:05,196,46,14,496,9,16,4,11,5,5,196,16,16,0.99 
2016,07,18,22:45,136,196,7,508,4,16,3,12,1,4,196,18,9,1.43 
2016,07,18,22:45,196,136,4,508,19,17,5,10,10,5,196,16,29,0.58 
2016,07,16,17:20,280,281,7,521,14,16,8,7,6,9,280,14,19,0.81 
2016,07,16,17:20,280,281,14,521,16,7,11,4,5,3,280,19,17,1.00 
2016,07,16,17:20,281,280,0,521,16,13,13,2,3,11,280,14,22,0.74 
2016,07,16,11:00,280,241,2,521,11,16,9,6,2,10,280,17,18,0.95 
2016,07,16,11:00,280,241,0,521,16,6,14,1,2,5,280,9,11,0.80 
2016,07,16,11:00,241,280,7,521,16,14,9,6,7,8,280,17,19,0.85 
2016,07,15,11:30,290,280,0,521,3,16,2,13,1,3,280,13,12,1.02 
2016,07,15,11:30,290,280,2,521,6,16,3,12,3,4,280,20,12,1.37 
2016,07,13,20:30,196,46,0,499,5,16,4,11,1,5,196,8,18,0.49 
2016,07,13,20:30,46,196,4,499,16,8,9,6,7,2,196,7,20,0.38 
2016,07,05,20:20,196,101,4,499,16,8,12,3,4,5,196,21,13,1.32 
2016,07,05,20:20,101,196,0,499,8,16,6,9,2,7,196,23,15,1.37 
2016,07,03,19:15,196,30,0,499,16,7,12,3,4,4,196,10,15,0.70 
2016,07,03,19:15,196,30,4,499,16,7,12,3,4,4,196,20,12,1.24 
2016,07,03,19:15,30,196,14,499,16,13,8,7,8,6,196,20,21,0.94 
2016,07,03,16:00,262,196,4,498,16,12,6,9,10,3,196,10,23,0.51 
2016,06,28,17:15,196,301,6,499,16,7,8,7,8,0,196,13,10,1.03 
2016,06,28,17:15,196,301,1,499,13,16,7,8,6,8,196,13,23,0.60 
2016,06,28,17:15,301,196,7,499,14,16,7,8,7,8,196,28,23,1.22 
2016,06,21,18:15,196,304,0,496,16,9,12,3,4,6,196,16,13,1.07 
2016,06,21,18:15,304,196,7,496,7,16,7,8,0,8,196,11,16,0.70 
2016,06,16,22:00,49,196,4,498,16,8,10,5,6,3,196,17,15,1.12 
2016,06,16,22:00,196,49,7,498,1,16,1,14,0,2,196,10,16,0.57 
2016,06,15,20:40,196,177,7,498,16,10,12,3,4,7,196,23,19,1.11 
2016,06,15,20:40,196,177,0,498,16,9,10,5,6,4,196,18,17,1.05 
2016,06,13,17:15,287,196,4,499,5,16,4,11,1,5,196,17,10,1.24 
2016,06,13,17:15,196,287,7,499,19,17,5,10,10,5,196,22,22,0.94 
2016,06,13,17:15,287,196,14,499,16,9,10,5,6,4,196,10,21,0.51 
2016,06,12,20:15,196,56,4,496,16,2,14,1,2,1,196,16,7,1.56 
2016,06,12,20:15,56,196,7,496,6,16,5,10,1,6,196,17,14,1.18 
2016,06,06,20:30,196,216,0,498,16,6,11,4,5,2,196,28,10,2.01 
2016,06,06,20:30,216,196,7,498,8,16,7,8,1,8,196,17,12,1.17 
2016,06,06,18:00,297,196,0,498,16,10,11,4,5,6,196,22,21,1.11 
2016,06,06,18:00,196,297,7,498,16,9,7,8,9,1,196,15,20,0.78 
2016,05,25,20:00,260,49,1,498,11,16,9,6,2,10,260,11,20,0.59 
2016,05,25,20:00,49,260,7,498,16,11,13,2,3,9,260,18,22,0.92 
2016,04,10,17:30,287,281,6,612,16,10,11,4,5,6,281,15,19,0.79 
2016,04,10,17:30,287,281,0,612,16,14,5,10,11,4,281,17,21,0.78 
2016,04,10,17:30,287,281,7,612,8,16,2,13,6,3,281,14,10,1.01 
2016,04,10,12:00,281,278,6,612,16,9,9,6,7,3,281,17,11,1.14 
2016,04,10,12:00,281,278,7,612,16,10,7,8,9,2,281,21,12,1.38 
2016,04,09,18:00,287,281,14,612,16,11,7,8,9,3,281,17,16,0.94 
2016,04,09,18:00,287,281,7,612,16,8,9,6,7,2,281,13,14,0.89 
2016,04,09,18:00,281,287,0,612,16,4,12,3,4,1,281,19,7,1.41 
2016,04,08,21:30,281,278,6,612,16,5,12,3,4,2,281,26,6,2.00 
2016,04,08,21:30,281,278,7,612,16,12,10,5,6,7,281,21,15,1.11 
2016,04,08,21:30,281,278,14,612,15,19,11,4,4,11,281,23,24,1.06 
2016,03,16,23:15,281,432,0,630,16,5,11,4,5,1,281,20,11,1.46 
2016,03,16,23:15,432,281,14,630,3,16,3,12,0,4,281,16,8,1.39 
2016,03,16,21:00,287,281,0,630,9,16,5,10,4,6,281,16,10,1.19 
2016,03,16,21:00,287,281,14,630,14,16,4,11,10,5,281,25,22,1.24 
2016,03,06,21:00,517,281,0,630,19,16,10,5,5,10,281,28,31,0.96 
2016,03,06,21:00,517,281,14,630,16,12,9,6,7,6,281,22,24,0.88 
2016,02,24,20:00,278,281,6,630,8,16,5,10,3,6,281,18,14,1.21 
2016,02,24,20:00,278,281,2,630,15,19,11,4,4,11,281,25,21,1.13 
2016,02,20,12:00,281,258,0,649,4,16,4,11,0,5,281,10,17,0.71 
2016,02,19,22:45,210,281,6,649,16,13,9,6,7,7,281,12,22,0.62 
2016,02,19,17:15,22,281,14,649,16,14,9,6,7,8,281,24,19,1.12 
2016,02,16,19:00,683,281,2,630,8,16,7,8,1,8,281,15,15,0.88 
2016,02,16,19:00,683,281,6,630,16,7,8,7,8,0,281,12,20,0.57 
2016,02,15,21:00,281,458,2,630,16,6,10,5,6,1,281,13,12,0.92 
2016,02,15,21:00,281,458,14,630,16,0,15,0,1,0,281,21,4,2.25 
2015,12,06,19:00,281,676,0,713,16,8,8,7,8,1,676,15,18,0.92 
2015,12,06,19:00,676,281,1,713,11,16,9,6,2,10,676,23,16,1.32 
2015,12,06,15:00,797,676,14,713,12,16,6,9,6,7,676,18,13,1.12 
2015,12,06,15:00,797,676,7,713,16,8,8,7,8,1,676,15,14,0.93 
2015,12,06,15:00,676,797,0,713,16,7,14,1,2,6,676,23,9,1.71 
2015,12,05,15:15,591,676,14,713,6,16,4,11,2,5,676,17,12,1.10 
2015,12,04,22:00,676,800,6,713,16,13,10,5,6,8,676,24,20,1.18 
2015,11,15,20:45,281,676,6,713,13,16,6,9,7,7,676,24,20,1.06 
2015,11,15,20:45,281,676,0,713,7,16,7,8,0,8,676,26,12,1.74 
2015,11,12,19:00,676,797,14,713,16,11,9,6,7,5,676,22,17,1.20 
2015,11,12,19:00,676,797,7,713,4,16,4,11,0,5,676,12,14,0.86 
2015,11,12,19:00,797,676,0,713,8,16,8,7,0,9,676,20,14,1.25 
2015,10,07,18:30,676,944,0,789,12,16,10,5,2,11,676,23,23,1.10 
2015,10,07,18:30,676,944,7,789,5,16,5,10,0,6,676,9,19,0.55 
2015,10,04,10:30,676,52,7,794,10,16,5,10,5,6,676,17,22,0.89 
2015,10,04,10:30,52,676,0,794,11,16,10,5,1,11,676,23,13,1.44 
2015,10,04,10:30,676,52,4,794,15,21,3,12,12,3,676,23,24,0.92 
2015,10,01,19:00,955,676,4,789,11,16,4,11,7,5,676,16,15,0.94 
2015,10,01,19:00,676,955,0,789,16,14,7,8,9,6,676,28,17,1.33 
2015,09,15,21:00,943,959,7,799,9,16,6,9,3,7,959,17,20,0.89 
2015,09,15,18:30,124,959,0,799,8,16,6,9,2,7,959,21,13,1.30 
2015,09,13,12:00,776,676,7,766,16,5,11,4,5,1,676,11,20,0.56 
2015,09,13,12:00,776,676,0,766,13,16,10,5,3,11,676,24,19,1.15 
2015,09,13,12:00,676,776,1,766,7,16,5,10,2,6,676,14,18,0.76 
2015,09,12,21:00,676,990,7,766,16,7,8,7,8,0,676,17,14,1.06 
2015,06,24,18:00,302,676,0,886,16,12,8,7,8,5,676,22,21,1.21 
2015,06,24,18:00,302,676,4,886,16,8,10,5,6,3,676,10,19,0.54 
2015,06,23,18:00,1050,676,2,886,16,0,15,0,1,0,676,7,15,0.42 
2015,06,23,18:00,1050,676,14,886,16,11,10,5,6,6,676,24,19,1.26 
2015,06,23,18:00,1050,676,7,886,16,19,8,7,7,8,676,27,20,1.17 
2015,06,22,21:15,250,676,0,883,16,4,11,4,5,0,676,7,18,0.49 
2015,06,22,21:15,676,250,2,883,8,16,3,12,5,4,676,9,20,0.55 
2015,06,14,18:15,1054,676,0,894,16,4,13,2,3,2,676,10,18,0.62 
2015,06,14,18:15,1054,676,7,894,16,8,10,5,6,3,676,10,18,0.65 
2015,06,11,19:00,13,676,7,894,16,14,7,8,9,6,676,22,20,1.15 
2015,06,11,19:00,13,676,0,894,16,5,10,5,6,0,676,11,16,0.80 
2015,06,07,21:00,258,676,1,894,16,1,14,1,2,0,676,7,17,0.38 
2015,06,07,21:00,258,676,2,894,16,7,11,4,5,3,676,9,18,0.53 
2015,06,04,22:15,676,196,7,883,13,16,6,9,7,7,676,21,21,0.99 
2015,06,04,22:15,196,676,4,883,16,6,9,6,7,0,676,10,19,0.62 
2015,06,04,20:00,292,676,7,841,16,12,6,9,10,3,676,10,22,0.51 
2015,06,03,22:15,676,292,7,883,11,16,6,9,5,7,676,10,19,0.59 
2015,06,03,22:15,292,676,0,883,16,7,12,3,4,4,676,17,19,0.91 
2015,05,28,22:00,676,1045,0,894,16,10,11,4,5,6,676,9,18,0.63 
2015,05,28,22:00,676,1045,7,894,13,16,7,8,6,8,676,24,22,1.07 
2015,05,28,22:00,676,1045,4,894,16,7,13,2,3,5,676,24,12,1.69 
2015,05,28,20:00,676,215,2,883,14,16,8,7,6,9,676,19,23,0.82 
2015,05,28,20:00,215,676,0,883,16,4,11,4,5,0,676,8,17,0.51 
2015,05,27,19:00,292,676,2,914,16,13,13,2,3,11,676,12,20,0.64 
2015,05,27,19:00,292,676,4,914,16,12,9,6,7,6,676,18,22,0.82 
2015,05,27,19:00,292,676,0,914,14,16,6,9,8,7,676,21,22,0.96 
2015,05,27,19:00,292,676,7,914,16,11,9,6,7,5,676,12,21,0.55 
2015,05,26,20:00,711,676,0,883,16,11,11,4,5,7,676,17,23,0.74 
2015,05,26,20:00,676,711,7,883,10,16,5,10,5,6,676,14,19,0.89 
2015,05,25,20:00,676,1050,2,841,12,16,3,12,9,4,676,26,17,1.45 
2015,05,24,20:00,517,676,0,883,6,16,5,10,1,6,676,20,15,1.31 
2015,05,24,20:00,676,517,7,883,7,16,2,13,5,3,676,10,18,0.59 
2015,05,17,20:00,59,676,4,883,16,9,12,3,4,6,676,19,23,1.02 
2015,05,17,20:00,676,59,7,883,17,19,6,9,9,6,676,27,25,1.02 
2015,05,07,22:15,1052,676,0,918,22,18,10,5,5,10,676,27,30,0.94 
2015,05,07,22:15,676,1052,6,918,11,16,8,7,3,9,676,15,21,0.69 
2015,05,06,20:25,8,676,7,883,16,4,14,1,2,3,676,11,18,0.69 
2015,05,06,20:25,676,8,4,883,6,16,3,12,3,4,676,20,17,1.26 
2015,04,28,22:15,1045,676,4,883,16,7,9,6,7,1,676,9,19,0.54 
2015,04,28,22:15,676,1045,0,883,22,20,11,4,4,11,676,35,27,1.14 
2015,04,22,19:00,490,676,0,914,14,16,9,6,5,10,676,26,19,1.35 
2015,04,22,19:00,676,490,7,914,16,13,10,5,6,8,676,22,19,1.10 
2015,04,16,21:00,676,196,6,943,14,16,6,9,8,7,676,13,24,0.58 
2015,04,16,21:00,676,196,0,943,23,25,9,6,6,9,676,33,30,1.09 
2015,04,16,18:00,676,384,6,943,16,11,10,5,6,6,676,20,20,1.05 
2015,04,16,18:00,384,676,0,943,11,16,9,6,2,10,676,20,19,1.12 
2015,04,16,18:00,676,384,14,943,5,16,3,12,2,4,676,11,18,0.75 
2015,04,15,20:30,544,676,14,943,11,16,8,7,3,9,676,19,15,1.19 
2015,04,15,20:30,544,676,7,943,10,16,8,7,2,9,676,14,12,1.00 
2015,04,15,18:15,29,676,14,943,9,16,8,7,1,9,676,22,11,1.45 
2015,04,15,18:15,29,676,6,943,9,16,8,7,1,9,676,14,13,0.95 
2015,03,08,17:00,1102,676,0,914,10,16,8,7,2,9,676,19,19,0.87 
2014,10,21,20:00,196,676,7,1002,16,7,13,2,3,5,676,15,16,0.92 
2014,10,21,20:00,676,196,1,1002,6,16,6,9,0,7,676,13,18,0.75 
2014,10,11,20:00,676,301,7,997,9,16,4,11,5,5,676,18,17,0.98 
2014,10,11,20:00,301,676,1,997,16,14,6,9,10,5,676,16,21,0.75 
2014,09,29,22:00,8,944,7,1021,16,5,12,3,4,2,944,9,19,0.52 
2014,09,28,20:00,250,944,6,1021,16,2,13,2,3,0,944,11,17,0.62 
2014,09,26,23:20,1149,944,6,1021,14,16,10,5,4,11,944,21,20,1.07 
2014,09,26,20:30,215,944,8,1021,15,15,12,3,3,12,944,24,19,1.14 
2014,09,26,19:25,384,944,1,1021,16,14,8,7,8,7,944,14,18,0.81 
2014,09,25,20:10,8,944,7,1021,4,16,4,11,0,5,944,16,9,1.32 
2014,09,22,19:30,776,944,0,997,19,16,9,6,6,9,944,29,22,1.26 
2014,09,22,19:30,944,776,1,997,16,8,10,5,6,3,944,20,10,1.53 
2014,09,22,19:25,776,944,7,997,13,16,7,8,6,8,944,20,17,1.09 
2014,09,21,21:35,1047,944,0,997,13,16,10,5,3,11,944,29,21,1.28 
2014,09,21,21:35,1047,944,1,997,4,16,3,12,1,4,944,15,11,1.25 
2014,09,19,21:15,841,944,0,1021,6,16,5,10,1,6,944,11,15,0.72 
2014,09,15,21:15,944,22,6,997,8,16,6,9,2,7,944,17,18,0.99 
2014,09,15,21:15,944,22,5,997,18,22,1,14,14,1,944,32,27,1.12 
2014,09,15,19:00,944,1208,6,1021,16,9,12,3,4,6,944,21,16,1.11 
2014,09,14,19:00,711,944,6,1021,16,14,8,7,8,7,944,7,20,0.49 
2014,08,27,19:30,776,944,0,1036,16,2,13,2,3,0,944,7,17,0.47 
2014,08,27,19:30,944,776,1,1036,13,16,4,11,9,5,944,16,17,0.84 
2014,08,22,21:30,944,776,6,1036,16,5,13,2,3,3,944,21,11,1.53 
2014,08,12,20:15,944,841,0,1044,15,15,6,9,9,6,944,23,19,1.06 
2014,08,01,20:00,944,844,6,1044,16,3,12,3,4,0,944,18,9,1.53 
2014,07,29,21:35,944,215,0,1044,11,16,6,9,5,7,944,19,15,1.07 
2014,07,19,11:20,944,52,5,1052,9,16,6,9,3,7,944,20,17,1.17 
2014,07,19,11:20,944,52,0,1052,12,16,6,9,6,7,944,22,19,1.08 
2014,07,18,20:40,1051,944,5,1052,13,16,10,5,3,11,944,17,21,0.85 
2014,07,18,18:45,287,944,6,1052,16,9,13,2,3,7,944,11,19,0.66 
2014,07,18,17:05,229,944,6,1052,7,16,6,9,1,7,944,21,16,1.24 
2014,07,15,20:00,944,722,0,1044,16,5,10,5,6,0,944,15,12,1.14 
2014,07,07,22:25,59,944,5,1044,16,12,13,2,3,10,944,16,19,0.88 
2014,07,06,20:15,314,944,6,1044,14,16,4,11,10,5,944,19,25,0.80 
2014,07,06,19:20,214,944,0,1044,16,11,11,4,5,7,944,18,20,1.00 
2014,06,29,03:00,1171,944,7,1056,16,8,13,2,3,6,944,8,20,0.44 
2014,06,29,03:00,944,1171,6,1056,9,16,7,8,2,8,944,9,20,0.56 
2014,06,28,04:30,1152,944,5,1056,16,6,12,3,4,3,944,9,19,0.61 
2014,06,28,04:30,944,1152,7,1056,3,16,3,12,0,4,944,9,17,0.57 
2014,06,22,16:15,53,944,7,1059,16,12,14,1,2,11,944,31,20,1.42 
2014,06,22,16:15,944,53,6,1059,6,16,5,10,1,6,944,6,20,0.35 
2014,06,22,16:15,944,53,0,1059,16,11,11,4,5,7,944,22,18,1.25 
2014,05,22,19:00,301,1001,5,1064,16,12,8,7,8,5,1001,20,20,1.02 
2014,05,21,19:00,210,1001,6,1064,10,16,6,9,4,7,1001,17,18,0.83 
2014,05,15,21:15,1001,214,0,1063,3,16,0,15,3,1,1001,17,17,1.17 
2014,05,15,21:15,214,1001,1,1063,16,5,11,4,5,1,1001,13,17,0.78 
2014,05,15,20:25,1001,1045,0,1064,11,16,9,6,2,10,1001,19,20,1.04 
2014,05,14,21:25,599,1001,5,1063,14,16,9,6,5,10,1001,29,20,1.39 
2014,05,14,21:25,599,1001,0,1063,13,16,7,8,6,8,1001,24,20,1.14 
2014,05,14,19:00,250,1001,5,1064,16,2,14,1,2,1,1001,14,16,1.06 
2014,05,13,19:18,1001,210,6,1063,8,16,7,8,1,8,1001,17,16,1.08 
2014,05,13,19:00,1001,210,0,1063,10,16,4,11,6,5,1001,8,20,0.47 
2014,05,08,20:00,8,1001,0,1064,16,2,13,2,3,0,1001,4,17,0.26 
2014,05,07,19:00,22,1001,6,1064,16,6,13,2,3,4,1001,13,18,0.77 
2014,04,30,21:00,711,1001,6,1064,16,3,12,3,4,0,1001,8,17,0.62 
2014,04,26,21:25,1001,314,0,1073,7,16,6,9,1,7,1001,9,15,0.64 
2014,04,26,19:20,8,1001,0,1073,16,8,8,7,8,1,1001,10,19,0.57 
2014,03,06,21:00,284,1001,6,1083,16,9,7,8,9,1,1001,15,19,0.85 
2014,03,06,20:00,1244,1001,5,1083,16,0,15,0,1,0,1001,8,16,0.45 
2014,03,06,19:00,59,1001,5,1083,10,16,4,11,6,5,1001,21,17,1.16 
2014,02,27,19:00,214,1001,1,1085,16,14,7,8,9,6,1001,22,19,1.13 
2014,02,27,19:00,214,1001,5,1085,16,14,9,6,7,8,1001,15,19,0.76 
2014,02,25,21:45,1282,1001,6,1085,18,21,10,5,5,10,1001,37,25,1.40 
2014,02,25,19:00,1244,1001,0,1085,16,5,11,4,5,1,1001,20,18,1.13 
2014,02,25,19:00,1001,1244,6,1085,14,16,10,5,4,11,1001,21,21,1.06 
2013,03,13,21:00,1434,1435,11,1160,16,13,11,4,5,9,1435,15,21,0.80 
2013,03,13,21:00,1435,1434,9,1160,16,6,10,5,6,1,1435,17,6,1.32 
2013,03,13,21:00,1434,1435,13,1160,16,10,12,3,4,7,1435,20,19,1.15 
