2016,08,05,09:30,179,65,4,491,7,16,4,11,3,5,179,15,18,0.97 
2016,08,05,09:30,65,179,0,491,16,10,9,6,7,4,179,11,21,0.53 
2016,08,05,09:30,65,179,2,491,3,16,3,12,0,4,179,10,11,0.84 
2016,08,04,06:20,189,179,7,491,11,16,6,9,5,7,179,23,19,1.28 
2016,08,04,06:20,189,179,0,491,12,16,6,9,6,7,179,27,20,1.41 
2016,08,04,06:20,189,179,14,491,16,3,12,3,4,0,179,10,19,0.53 
2016,07,30,12:15,185,179,7,501,16,13,5,10,11,3,179,22,22,1.05 
2016,07,30,12:15,185,179,0,501,16,9,10,5,6,4,179,16,20,0.86 
2016,07,26,15:00,179,237,1,501,16,14,7,8,9,6,179,15,22,0.71 
2016,07,26,15:00,179,237,7,501,12,16,5,10,7,6,179,27,23,1.12 
2016,07,26,15:00,179,237,14,501,16,7,10,5,6,2,179,15,15,0.90 
2016,07,26,12:00,179,213,1,501,16,3,12,3,4,0,179,22,12,1.63 
2016,07,26,12:00,213,179,14,501,7,16,6,9,1,7,179,15,16,0.89 
2016,07,22,09:15,34,179,14,512,16,8,9,6,7,2,179,16,19,0.85 
2016,07,22,07:30,52,179,1,512,16,13,6,9,10,4,179,15,25,0.62 
2016,07,22,05:45,179,237,7,512,16,6,9,6,7,0,179,15,12,1.10 
2016,07,03,07:00,34,179,14,531,16,11,8,7,8,4,179,17,21,0.88 
2016,07,03,07:00,179,34,7,531,1,16,1,14,0,2,179,3,16,0.20 
2016,07,01,04:30,172,179,7,531,7,16,7,8,0,8,179,14,15,0.89 
2016,07,01,04:30,179,172,4,531,16,2,13,2,3,0,179,12,10,1.02 
2016,07,01,04:30,179,172,14,531,22,25,7,8,8,7,179,41,34,1.28 
2016,06,27,12:30,179,65,7,538,13,16,7,8,6,8,179,19,25,0.74 
2016,06,27,12:30,179,65,14,538,4,16,1,14,3,2,179,7,19,0.39 
2016,06,22,13:00,188,179,1,527,16,9,9,6,7,3,179,14,21,0.74 
2016,06,22,13:00,188,179,14,527,19,16,8,7,7,8,179,27,23,1.14 
2016,06,21,08:15,172,179,14,538,11,16,6,9,5,7,179,26,20,1.27 
2016,06,21,08:15,172,179,4,538,10,16,4,11,6,5,179,29,13,1.83 
2016,06,21,08:15,179,172,7,538,15,19,5,10,10,5,179,29,25,1.15 
2016,06,18,11:00,179,174,7,527,12,16,8,7,4,9,179,17,23,0.92 
2016,06,18,11:00,179,174,4,527,16,13,5,10,11,3,179,15,19,0.81 
2016,06,16,08:00,179,191,7,527,16,11,5,10,11,1,179,7,17,0.54 
2016,06,16,08:00,179,191,1,527,16,13,6,9,10,4,179,16,17,0.92 
2016,06,14,08:10,35,179,0,527,16,7,13,2,3,5,179,18,18,0.91 
2016,06,14,08:10,35,179,14,527,16,2,14,1,2,1,179,13,17,0.78 
2016,05,25,12:00,34,179,14,562,16,5,13,2,3,3,179,15,18,0.88 
2016,05,25,12:00,34,179,7,562,16,5,11,4,5,1,179,17,19,0.97 
2016,04,25,16:10,179,35,4,597,6,16,3,12,3,4,179,8,20,0.40 
2016,04,25,16:10,179,35,2,597,1,16,1,14,0,2,179,4,17,0.23 
2016,04,25,09:10,179,65,0,597,16,13,10,5,6,8,179,22,16,1.18 
2016,04,25,09:10,65,179,6,597,8,16,6,9,2,7,179,19,11,1.22 
2016,04,25,09:10,65,179,14,597,16,10,8,7,8,3,179,11,23,0.51 
2016,04,24,15:00,179,34,6,601,7,16,3,12,4,4,179,10,18,0.67 
2016,04,24,15:00,179,34,14,601,6,16,5,10,1,6,179,13,18,0.67 
2016,04,24,15:00,179,34,0,601,6,16,3,12,3,4,179,7,20,0.34 
2016,04,24,11:40,179,173,6,601,16,5,10,5,6,0,179,21,11,1.53 
2016,04,24,11:40,173,179,1,601,13,16,7,8,6,8,179,28,19,1.41 
2016,04,23,16:15,180,179,6,597,10,16,6,9,4,7,179,16,20,0.75 
2016,04,23,16:15,179,180,14,597,16,8,8,7,8,1,179,19,13,1.23 
2016,04,23,11:30,179,172,6,601,16,3,12,3,4,0,179,16,11,1.20 
2016,04,23,11:30,179,172,0,601,16,10,9,6,7,4,179,20,19,1.11 
2016,04,21,13:00,35,179,4,597,16,7,11,4,5,3,179,16,20,0.89 
2016,04,21,13:00,35,179,6,597,16,2,14,1,2,1,179,4,17,0.23 
2016,04,16,13:00,179,174,1,597,6,16,4,11,2,5,179,9,19,0.48 
2016,04,16,13:00,174,179,6,597,14,16,6,9,8,7,179,28,24,1.08 
2016,04,15,15:00,179,237,6,597,16,10,10,5,6,5,179,18,19,0.95 
2016,04,15,15:00,179,237,1,597,19,22,7,8,8,7,179,27,32,0.90 
2016,04,10,13:10,191,179,1,597,12,16,5,10,7,6,179,16,21,0.78 
2016,04,10,13:10,179,191,14,597,16,12,9,6,7,6,179,23,22,0.99 
2016,04,06,13:10,179,501,1,597,16,8,9,6,7,2,179,18,16,1.12 
2016,04,06,13:10,179,501,0,597,16,9,7,8,9,1,179,31,17,1.69 
2016,01,10,06:30,179,501,0,680,13,16,11,4,2,12,179,18,22,0.88 
2016,01,10,06:30,501,179,7,680,16,2,13,2,3,0,179,11,16,0.73 
2016,01,09,14:00,34,179,14,680,16,6,10,5,6,1,179,15,19,0.89 
2016,01,09,14:00,34,179,7,680,16,7,13,2,3,5,179,14,19,0.80 
2016,01,09,06:00,179,501,14,680,16,13,12,3,4,10,179,25,20,1.37 
2016,01,09,06:00,179,501,6,680,5,16,5,10,0,6,179,7,19,0.38 
2016,01,09,06:00,179,501,7,680,16,13,7,8,9,5,179,18,19,0.90 
2015,12,19,09:00,179,501,7,688,9,16,2,13,7,3,179,23,18,1.30 
2015,12,19,09:00,501,179,0,688,16,10,12,3,4,7,179,23,19,1.25 
2015,12,18,13:30,34,179,0,688,16,2,13,2,3,0,179,3,18,0.17 
2015,12,18,13:30,179,34,7,688,1,16,0,15,1,1,179,9,16,0.56 
2015,12,17,10:40,179,744,7,688,16,7,11,4,5,3,179,12,17,0.72 
2015,12,17,10:40,179,744,0,688,16,19,9,6,6,9,179,19,25,0.80 
2015,12,17,10:40,744,179,6,688,12,16,10,5,2,11,179,14,22,0.72 
2015,12,06,12:00,767,179,0,707,5,16,3,12,2,4,179,20,15,1.19 
2015,12,06,12:00,767,179,1,707,9,16,7,8,2,8,179,23,13,1.46 
2015,12,04,13:40,179,778,0,707,16,8,13,2,3,6,179,20,15,1.22 
2015,12,04,13:40,179,778,1,707,16,10,7,8,9,2,179,25,18,1.26 
2015,12,04,12:00,762,179,6,707,16,10,6,9,10,1,179,18,22,0.93 
2015,12,04,12:00,179,762,1,707,1,16,1,14,0,2,179,8,15,0.52 
2015,11,29,16:00,827,179,7,696,14,16,4,11,10,5,179,20,24,0.86 
2015,11,29,16:00,827,179,1,696,8,16,7,8,1,8,179,24,14,1.59 
2015,11,29,16:00,827,179,0,696,16,10,8,7,8,3,179,10,22,0.49 
2015,11,29,12:00,179,34,7,707,5,16,4,11,1,5,179,13,17,0.84 
2015,11,29,12:00,34,179,0,707,16,2,14,1,2,1,179,8,17,0.55 
2015,11,28,12:00,150,179,0,707,16,12,7,8,9,4,179,19,24,0.85 
2015,11,28,12:00,150,179,6,707,16,8,11,4,5,4,179,13,21,0.72 
2015,11,27,12:30,836,179,6,696,4,16,4,11,0,5,179,18,11,1.38 
2015,11,27,12:30,836,179,1,696,5,16,3,12,2,4,179,18,17,1.09 
2015,11,25,12:30,179,744,14,696,16,12,8,7,8,5,179,15,22,0.71 
2015,11,25,12:30,744,179,6,696,8,16,5,10,3,6,179,17,13,1.14 
