2016,07,20,04:50,263,79,1,516,6,16,2,13,4,3,263,6,17,0.47 
2016,07,20,04:50,263,79,7,516,22,25,7,8,8,7,263,41,34,1.16 
2016,02,21,20:35,303,649,7,647,16,14,6,9,10,5,649,26,22,1.13 
2016,02,15,03:10,447,649,0,590,9,16,6,9,3,7,649,27,15,1.65 
2016,02,15,01:15,649,495,6,590,16,1,14,1,2,0,649,16,7,1.47 
2015,12,06,15:45,116,796,7,715,16,2,13,2,3,0,796,5,17,0.28 
2015,12,06,15:45,116,796,14,715,12,16,7,8,5,8,796,18,19,0.90 
2015,12,06,15:45,116,796,6,715,16,2,14,1,2,1,796,7,17,0.43 
2015,12,06,00:00,796,291,0,715,6,16,4,11,2,5,796,13,18,1.01 
2015,12,05,22:00,805,796,1,715,14,16,4,11,10,5,796,18,23,0.85 
2015,12,05,20:00,334,796,6,715,7,16,3,12,4,4,796,19,15,1.18 
2015,09,05,04:00,334,1011,0,827,16,2,13,2,3,0,1011,9,17,0.56 
2015,09,05,03:15,1011,1012,4,827,16,2,13,2,3,0,1011,17,12,1.42 
2015,09,05,02:00,334,1011,14,827,16,3,14,1,2,2,1011,9,17,0.70 
2015,08,26,02:00,1023,1024,7,844,22,20,9,6,6,9,1024,33,31,1.06 
2015,08,26,02:00,1023,1024,14,844,8,16,7,8,1,8,1024,21,16,1.20 
2015,08,26,02:00,1024,1023,6,844,13,16,11,4,2,12,1024,19,20,0.92 
2015,08,26,02:00,1023,1024,4,844,16,13,8,7,8,6,1024,25,22,1.14 
2015,08,26,02:00,1024,1023,0,844,16,12,4,11,12,1,1024,21,18,1.15 
2015,08,11,02:30,1027,1024,6,864,16,12,8,7,8,5,1024,21,21,1.04 
2015,08,11,02:30,1027,1024,1,864,16,14,5,10,11,4,1024,18,20,0.89 
2015,08,11,02:30,1027,1024,4,864,16,10,10,5,6,5,1024,14,20,0.71 
2015,06,24,04:00,70,761,14,842,16,6,10,5,6,1,761,13,20,0.75 
2015,06,03,04:00,761,759,2,904,11,16,10,5,1,11,761,21,19,1.13 
2015,06,03,04:00,761,759,0,904,11,16,7,8,4,8,761,17,21,0.79 
2015,06,03,04:00,759,761,7,904,20,22,8,7,7,8,761,34,30,1.09 
