2016,05,08,14:30,453,451,0,583,10,16,8,7,2,9,453,17,21,0.84 
2016,05,08,14:30,453,451,6,583,11,16,7,8,4,8,453,17,21,0.88 
2016,04,23,17:20,382,453,0,573,16,12,13,2,3,10,453,17,20,0.89 
2015,08,29,20:50,1020,314,1,833,8,16,5,10,3,6,1020,17,21,0.89 
2014,11,05,19:00,937,939,6,993,19,17,11,4,4,11,939,20,25,0.87 
2014,11,05,19:00,937,939,7,993,16,14,7,8,9,6,939,21,22,1.02 
2014,11,05,19:00,939,937,0,993,22,20,11,4,4,11,939,28,30,0.89 
2014,04,18,21:00,22,1264,6,1076,16,11,12,3,4,8,1264,14,20,0.73 
2014,04,18,21:00,1264,22,0,1076,9,16,6,9,3,7,1264,22,21,1.07 
2014,04,18,17:00,1264,1266,0,1076,16,10,10,5,6,5,1264,19,17,1.07 
2014,04,18,17:00,1266,1264,6,1076,12,16,3,12,9,4,1264,9,19,0.55 
2014,04,01,21:10,1264,287,0,1075,13,16,7,8,6,8,1264,26,23,1.10 
2014,03,20,19:45,1264,210,7,1080,16,19,4,11,11,4,1264,18,27,0.67 
2014,03,18,22:00,1244,1264,6,1075,12,16,4,11,8,5,1264,22,17,1.18 
2014,03,10,22:15,1264,59,6,1080,10,16,6,9,4,7,1264,18,20,1.15 
2014,03,10,18:15,1045,1264,2,1080,16,3,12,3,4,0,1264,3,19,0.13 
2014,03,05,22:20,1264,287,6,1083,11,16,5,10,6,6,1264,19,19,1.04 
2014,03,05,21:00,250,1264,5,1083,16,7,11,4,5,3,1264,10,19,0.53 
2014,03,05,20:00,1264,1274,6,1083,16,10,7,8,9,2,1264,24,18,1.27 
2014,02,27,19:00,1264,1106,1,1085,3,16,3,12,0,4,1264,8,17,0.47 
2014,02,27,19:00,1106,1264,5,1085,13,16,11,4,2,12,1264,23,19,1.32 
2014,02,27,19:00,1106,1264,6,1085,26,24,9,6,6,9,1264,25,36,0.74 
2014,02,25,22:45,1264,1281,5,1085,16,5,11,4,5,1,1264,22,12,1.64 
2014,02,25,22:45,1264,1281,1,1085,21,17,5,10,10,5,1264,35,28,1.24 
2014,02,25,22:45,1281,1264,6,1085,16,8,11,4,5,4,1264,12,21,0.69 
2014,02,25,19:00,214,1264,0,1085,21,18,11,4,4,11,1264,33,27,1.15 
2014,02,25,19:00,214,1264,5,1085,16,5,11,4,5,1,1264,10,18,0.71 
2014,02,24,20:10,1264,1244,1,1079,10,16,7,8,3,8,1264,10,23,0.42 
2014,02,24,20:10,1264,1244,5,1079,16,14,9,6,7,8,1264,18,20,0.91 
2014,02,24,20:10,1264,1244,6,1079,11,16,8,7,3,9,1264,14,22,0.69 
2014,02,01,18:00,1296,1264,0,1092,8,16,7,8,1,8,1264,18,16,1.07 
2014,02,01,18:00,1264,1296,6,1092,16,5,12,3,4,2,1264,24,15,1.69 
2014,02,01,18:00,1264,1296,1,1092,12,16,5,10,7,6,1264,17,21,0.81 
2014,02,01,10:00,1264,132,6,1092,16,7,8,7,8,0,1264,15,15,0.95 
2014,02,01,10:00,1264,132,1,1092,19,15,6,9,9,6,1264,30,22,1.38 
2014,01,31,21:50,1264,1215,6,1092,16,6,12,3,4,3,1264,26,9,1.89 
2014,01,31,20:30,1264,1296,2,1092,10,16,9,6,1,10,1264,19,21,0.95 
2014,01,31,19:40,1273,1264,5,1092,7,16,4,11,3,5,1264,33,11,2.20 
2014,01,26,19:00,314,1264,5,1094,14,16,12,3,2,13,1264,16,17,0.97 
2014,01,26,19:00,314,1264,2,1094,21,16,11,4,4,11,1264,34,29,1.20 
2014,01,26,19:00,1264,314,6,1094,16,3,12,3,4,0,1264,14,7,1.25 
2013,10,23,23:00,939,937,13,1098,11,16,9,6,2,10,939,24,22,1.15 
2013,08,08,18:25,1382,210,10,1134,6,16,2,13,4,3,1382,16,18,0.91 
2013,05,14,20:00,1317,1401,11,1143,16,6,13,2,3,4,1401,11,17,0.76 
2013,05,14,19:00,1323,1401,11,1143,9,16,8,7,1,9,1401,27,14,1.66 
2013,04,14,19:15,1409,1401,13,1150,9,16,8,7,1,9,1401,23,15,1.42 
2013,04,14,19:15,1409,1401,10,1150,15,19,10,5,5,10,1401,32,24,1.33 
2013,03,30,12:30,706,1401,11,1155,16,4,11,4,5,0,1401,9,17,0.56 
2013,03,30,10:00,384,1401,11,1155,9,16,4,11,5,5,1401,16,16,1.01 
2013,03,29,17:00,1418,1401,11,1155,16,14,7,8,9,6,1401,30,21,1.39 
2013,03,29,17:00,1418,1401,13,1155,28,26,4,11,11,4,1401,40,44,0.90 
2013,03,29,17:00,1401,1418,10,1155,16,14,7,8,9,6,1401,26,21,1.26 
2013,03,29,13:30,1401,384,13,1155,12,16,9,6,3,10,1401,20,21,0.86 
2013,03,29,13:30,384,1401,10,1155,16,13,10,5,6,8,1401,17,23,0.67 
2013,03,29,10:00,1370,1401,12,1155,16,9,8,7,8,2,1401,12,21,0.60 
2013,03,29,10:00,1401,1370,11,1155,7,16,4,11,3,5,1401,14,19,0.83 
