2016,08,15,18:15,30,31,14,472,16,10,6,9,10,1,30,9,17,0.59 
2016,08,15,18:15,30,31,0,472,16,10,7,8,9,2,30,10,19,0.59 
2016,08,15,18:15,31,30,2,472,16,12,7,8,9,4,30,15,20,0.74 
2016,08,10,18:15,30,102,0,472,16,11,13,2,3,9,30,17,17,0.96 
2016,08,10,18:15,102,30,2,472,7,16,6,9,1,7,30,19,13,1.15 
2016,08,09,18:10,30,101,5,488,8,16,6,9,2,7,30,13,19,0.77 
2016,08,09,18:10,30,101,14,488,8,16,6,9,2,7,30,19,21,0.93 
2016,08,05,22:30,30,29,14,492,6,16,2,13,4,3,30,10,19,0.54 
2016,08,05,22:30,30,29,2,492,14,16,12,3,2,13,30,18,21,0.90 
2016,08,05,20:30,31,30,14,492,12,16,7,8,5,8,30,22,18,1.11 
2016,08,05,19:00,30,29,1,492,11,16,3,12,8,4,30,13,20,0.66 
2016,07,28,21:45,30,49,4,487,10,16,10,5,0,11,30,16,21,0.76 
2016,07,28,21:45,30,49,14,487,6,16,3,12,3,4,30,12,19,0.70 
2016,07,26,21:00,29,30,5,503,16,14,11,4,5,10,30,19,26,0.75 
2016,07,26,21:00,30,29,14,503,11,16,9,6,2,10,30,16,20,0.90 
2016,07,26,18:10,30,23,4,503,5,16,4,11,1,5,30,9,20,0.48 
2016,07,25,17:15,30,184,0,472,16,13,7,8,9,5,30,25,19,1.26 
2016,07,25,17:15,184,30,5,472,6,16,6,9,0,7,30,26,8,1.82 
2016,07,21,21:30,30,49,1,515,12,16,6,9,6,7,30,22,19,1.17 
2016,07,21,21:30,30,49,2,515,16,9,8,7,8,2,30,12,13,0.89 
2016,07,18,23:15,52,30,5,487,9,16,4,11,5,5,30,27,14,1.77 
2016,07,18,23:15,52,30,14,487,4,16,4,11,0,5,30,12,8,1.08 
2016,07,13,22:15,30,136,4,496,22,20,10,5,5,10,30,27,29,0.96 
2016,07,13,22:15,136,30,14,496,3,16,3,12,0,4,30,13,14,0.88 
2016,07,05,21:20,30,117,2,488,22,19,9,6,6,9,30,36,25,1.26 
2016,07,04,22:10,30,127,5,488,16,5,13,2,3,3,30,13,12,0.95 
2016,07,04,16:00,30,261,14,487,16,5,10,5,6,0,30,17,11,1.26 
2016,07,04,16:00,261,30,0,487,1,16,1,14,0,2,30,20,8,1.72 
2016,07,03,19:15,196,30,0,499,16,7,12,3,4,4,30,15,20,0.75 
2016,07,03,19:15,196,30,4,499,16,7,12,3,4,4,30,13,20,0.60 
2016,07,03,19:15,30,196,14,499,16,13,8,7,8,6,30,14,19,0.72 
2016,06,30,16:00,30,23,0,487,6,16,5,10,1,6,30,12,19,0.65 
2016,06,30,16:00,23,30,14,487,16,11,9,6,7,5,30,13,20,0.76 
2016,06,29,17:15,287,30,6,499,7,16,5,10,2,6,30,17,14,1.01 
2016,06,29,17:15,30,287,2,499,3,16,3,12,0,4,30,15,15,1.08 
2016,06,29,17:15,287,30,1,499,1,16,1,14,0,2,30,15,8,1.34 
2016,06,23,21:15,30,118,6,544,19,17,9,6,6,9,30,24,24,0.94 
2016,06,23,21:15,30,118,2,544,16,5,13,2,3,3,30,17,13,1.21 
2016,06,23,21:15,30,118,1,544,13,16,6,9,7,7,30,33,21,1.68 
2016,06,22,20:00,30,297,1,515,16,8,8,7,8,1,30,13,16,0.80 
2016,06,22,20:00,297,30,0,515,16,13,10,5,6,8,30,19,20,0.90 
2016,06,14,19:00,42,30,1,550,16,10,12,3,4,7,30,18,19,0.95 
2016,06,14,19:00,42,30,6,550,6,16,5,10,1,6,30,20,13,1.30 
2016,06,14,19:00,30,42,0,550,11,16,6,9,5,7,30,24,20,1.25 
2016,06,09,22:00,30,23,0,515,7,16,3,12,4,4,30,16,21,0.83 
2016,06,09,22:00,30,23,2,515,19,16,11,4,4,11,30,35,21,1.53 
2016,06,09,18:00,30,323,1,550,16,12,7,8,9,4,30,22,17,1.27 
2016,06,09,18:00,30,323,14,550,8,16,2,13,6,3,30,13,18,0.73 
2016,06,09,18:00,323,30,2,550,14,16,12,3,2,13,30,28,17,1.33 
2016,06,07,22:30,30,102,14,515,9,16,6,9,3,7,30,23,18,1.37 
2016,06,07,22:30,30,102,2,515,12,16,7,8,5,8,30,31,20,1.39 
2016,06,06,21:15,233,30,2,544,12,16,8,7,4,9,30,22,18,1.11 
2016,06,06,21:15,30,233,1,544,13,16,12,3,1,13,30,11,23,0.55 
2016,06,06,21:15,233,30,0,544,12,16,4,11,8,5,30,19,19,0.97 
2016,06,05,22:15,132,30,1,546,16,6,9,6,7,0,30,14,18,0.92 
2016,06,05,22:15,132,30,0,546,16,5,12,3,4,2,30,14,18,0.87 
2016,06,05,22:15,30,132,2,546,16,10,9,6,7,4,30,22,15,1.21 
2016,06,05,19:15,30,369,1,546,16,11,8,7,8,4,30,18,20,0.90 
2016,06,05,19:15,369,30,0,546,16,6,12,3,4,3,30,22,16,1.40 
2016,06,05,19:15,369,30,14,546,14,16,4,11,10,5,30,29,19,1.36 
2016,06,05,15:30,30,101,14,546,16,13,8,7,8,6,30,30,17,1.52 
2016,06,05,15:30,101,30,2,546,5,16,2,13,3,3,30,22,11,1.62 
2016,06,05,15:30,101,30,0,546,19,17,7,8,8,7,30,22,26,0.82 
2016,06,05,12:00,383,30,14,546,5,16,4,11,1,5,30,22,8,1.68 
2016,06,05,12:00,30,383,2,546,16,11,9,6,7,5,30,30,12,1.70 
2016,06,02,21:00,304,30,2,496,12,16,10,5,2,11,30,27,17,1.48 
2016,06,02,21:00,304,30,14,496,11,16,3,12,8,4,30,30,19,1.64 
2016,06,02,21:00,30,304,1,496,13,16,11,4,2,12,30,30,17,1.44 
2016,05,31,20:15,30,311,1,515,19,16,11,4,4,11,30,33,23,1.42 
2016,05,31,20:15,30,311,0,515,19,15,5,10,10,5,30,27,30,1.13 
2016,05,30,20:15,30,392,14,499,6,16,5,10,1,6,30,8,21,0.37 
2016,05,30,20:15,30,392,0,499,12,16,4,11,8,5,30,12,23,0.61 
2016,05,30,20:15,392,30,6,499,13,16,9,6,4,10,30,21,16,1.23 
2016,05,29,15:40,52,30,2,546,16,14,7,8,9,6,30,25,20,1.34 
2016,05,29,15:40,30,52,0,546,5,16,5,10,0,6,30,11,16,0.63 
2016,05,29,15:40,30,52,1,546,16,4,11,4,5,0,30,16,10,1.22 
2016,05,29,12:15,30,331,14,546,16,9,8,7,8,2,30,26,10,1.66 
2016,05,29,12:15,30,331,0,546,16,14,8,7,8,7,30,26,20,1.21 
2016,05,29,12:15,30,331,1,546,9,16,8,7,1,9,30,20,18,1.06 
2016,05,28,18:30,30,177,0,546,16,8,12,3,4,5,30,20,14,1.25 
2016,05,26,19:15,30,400,14,544,16,10,10,5,6,5,30,19,15,1.13 
2016,05,26,19:15,30,400,6,544,16,9,9,6,7,3,30,22,10,1.41 
2016,05,26,19:15,400,30,2,544,16,9,10,5,6,4,30,18,19,0.91 
2016,05,25,20:15,30,29,7,515,12,16,8,7,4,9,30,27,20,1.39 
2016,05,25,20:15,30,29,0,515,20,22,13,2,2,13,30,34,28,1.18 
2016,05,19,20:00,196,30,1,496,9,16,7,8,2,8,30,17,16,0.98 
2016,05,19,20:00,196,30,0,496,14,16,11,4,3,12,30,21,22,1.07 
2016,05,19,20:00,30,196,14,496,14,16,8,7,6,9,30,33,18,1.67 
2016,05,15,20:00,30,338,2,575,10,16,6,9,4,7,30,17,23,0.89 
2016,05,15,20:00,338,30,14,575,16,8,13,2,3,6,30,16,18,0.93 
2016,05,15,20:00,338,30,0,575,11,16,7,8,4,8,30,30,17,1.60 
2016,05,10,21:15,30,430,6,544,16,13,8,7,8,6,30,26,18,1.46 
2016,05,09,17:00,30,301,1,499,9,16,6,9,3,7,30,15,22,0.81 
2016,05,09,17:00,301,30,7,499,16,9,11,4,5,5,30,20,18,1.18 
2016,05,08,22:00,30,431,1,544,16,3,12,3,4,0,30,27,9,2.32 
2016,05,02,19:30,100,384,6,536,16,10,11,4,5,6,384,17,20,0.89 
2016,05,02,19:30,100,384,1,536,28,26,6,9,9,6,384,38,37,0.97 
2016,05,01,15:00,52,384,1,573,16,13,9,6,7,7,384,20,20,1.03 
2016,05,01,15:00,52,384,4,573,19,22,7,8,8,7,384,23,33,0.70 
2016,05,01,15:00,384,52,2,573,12,16,4,11,8,5,384,18,21,0.91 
2016,04,28,20:35,53,384,2,594,17,19,10,5,5,10,384,21,25,0.87 
2016,04,28,20:35,53,384,1,594,19,16,5,10,10,5,384,26,25,1.12 
2016,04,28,20:35,384,53,6,594,16,13,8,7,8,6,384,21,20,0.98 
2016,04,27,20:10,384,137,6,594,16,7,10,5,6,2,384,20,15,1.31 
2016,04,27,20:10,137,384,1,594,5,16,5,10,0,6,384,18,8,1.39 
2016,04,25,18:30,384,147,6,536,16,9,10,5,6,4,384,20,15,1.23 
2016,04,25,18:30,384,147,0,536,16,5,10,5,6,0,384,17,15,1.02 
2016,04,24,15:00,384,439,14,573,12,16,5,10,7,6,384,25,21,1.16 
2016,04,24,15:00,439,384,1,573,16,6,11,4,5,2,384,7,19,0.40 
2016,04,23,22:00,132,384,1,573,21,18,6,9,9,6,384,24,27,0.87 
2016,04,23,20:40,458,384,1,573,0,16,0,15,0,1,384,15,9,1.32 
2016,04,23,18:30,177,384,6,573,10,16,8,7,2,9,384,25,15,1.39 
2016,04,23,17:30,384,117,1,573,16,8,7,8,9,0,384,23,12,1.38 
2016,04,21,20:00,384,360,6,594,16,8,8,7,8,1,384,25,14,1.52 
2016,04,21,20:00,384,360,14,594,16,6,10,5,6,1,384,16,16,1.01 
2016,04,19,18:00,384,137,14,594,16,1,14,1,2,0,384,18,7,1.74 
2016,04,19,18:00,384,137,6,594,16,5,13,2,3,3,384,15,10,1.19 
2016,04,18,18:00,259,384,2,594,13,16,4,11,9,5,384,21,19,1.03 
2016,04,18,18:00,384,259,4,594,16,12,6,9,10,3,384,20,18,1.12 
2016,04,11,21:15,384,302,4,536,12,16,8,7,4,9,384,16,18,0.98 
2016,04,11,21:15,302,384,1,536,15,19,4,11,11,4,384,18,22,0.80 
2016,04,11,21:15,384,302,7,536,6,16,3,12,3,4,384,7,19,0.40 
2016,03,28,18:00,439,384,14,579,16,7,13,2,3,5,384,12,19,0.73 
2016,03,28,18:00,439,384,2,579,6,16,6,9,0,7,384,15,13,0.98 
2016,03,28,18:00,384,439,1,579,9,16,8,7,1,9,384,14,16,0.97 
2016,03,25,22:30,517,384,7,619,16,12,10,5,6,7,384,27,20,1.31 
2016,03,25,22:30,517,384,4,619,16,10,9,6,7,4,384,17,20,0.85 
2016,03,25,13:30,472,384,1,619,9,16,3,12,6,4,384,20,18,1.06 
2016,03,25,11:50,233,384,4,619,10,16,6,9,4,7,384,11,17,0.70 
2016,03,23,20:00,384,508,6,579,10,16,6,9,4,7,384,19,16,0.99 
2016,03,20,19:00,384,507,4,625,11,16,3,12,8,4,384,19,20,0.91 
2016,03,20,19:00,507,384,2,625,16,3,13,2,3,1,384,18,16,1.32 
2016,03,20,15:30,292,384,4,625,16,19,8,7,7,8,384,23,25,0.87 
2016,03,20,15:30,292,384,14,625,13,16,7,8,6,8,384,22,20,1.03 
2016,03,20,15:30,384,292,2,625,6,16,3,12,3,4,384,15,18,1.03 
2016,03,20,13:00,196,384,6,625,10,16,7,8,3,8,384,24,18,1.33 
2016,03,20,13:00,384,196,14,625,16,6,10,5,6,1,384,24,10,1.57 
2016,03,13,16:30,384,292,6,625,12,16,4,11,8,5,384,20,19,1.05 
2016,03,13,16:30,292,384,1,625,15,19,7,8,8,7,384,34,19,1.50 
2016,03,13,16:30,292,384,14,625,16,13,9,6,7,7,384,14,21,0.69 
2016,03,13,13:00,472,384,6,625,8,16,3,12,5,4,384,21,13,1.35 
2016,03,13,13:00,472,384,14,625,12,16,6,9,6,7,384,29,17,1.37 
2016,03,13,13:00,384,472,1,625,8,16,6,9,2,7,384,15,18,0.82 
2016,03,12,17:50,509,384,6,625,13,16,6,9,7,7,384,10,19,0.57 
2016,02,25,22:15,132,384,6,605,16,12,7,8,9,4,384,17,15,1.05 
2016,02,25,22:15,384,132,1,605,10,16,9,6,1,10,384,8,17,0.58 
2016,02,23,19:00,384,364,14,605,16,12,9,6,7,6,384,27,23,1.16 
2016,02,23,19:00,364,384,6,605,7,16,3,12,4,4,384,18,17,1.12 
2016,02,09,20:00,30,384,6,656,16,11,8,7,8,4,384,24,18,1.16 
2016,02,06,16:30,384,132,14,659,4,16,2,13,2,3,384,18,14,1.26 
2016,02,06,16:30,384,132,1,659,7,16,3,12,4,4,384,10,15,0.75 
2016,02,05,19:00,384,360,14,659,16,3,12,3,4,0,384,23,6,1.94 
2016,02,05,19:00,384,360,1,659,16,13,5,10,11,3,384,13,20,0.69 
2016,02,05,12:55,584,384,14,659,8,16,5,10,3,6,384,22,11,1.43 
2016,02,05,11:45,384,508,4,659,13,16,6,9,7,7,384,22,21,1.12 
2016,01,10,21:15,642,712,0,657,16,13,9,6,7,7,712,15,23,0.64 
2016,01,10,21:15,712,642,7,657,13,16,7,8,6,8,712,21,21,1.03 
2016,01,10,18:00,712,196,6,657,16,7,10,5,6,2,712,11,12,0.94 
2016,01,10,18:00,712,196,7,657,16,11,10,5,6,6,712,14,20,0.71 
2016,01,10,13:45,22,712,4,679,16,12,12,3,4,9,712,27,23,1.24 
2016,01,10,13:45,22,712,2,679,16,5,11,4,5,1,712,9,19,0.49 
2016,01,10,12:00,647,712,6,679,7,16,5,10,2,6,712,21,14,1.28 
2016,01,10,12:00,712,647,14,679,16,2,13,2,3,0,712,21,11,1.55 
2015,11,26,21:00,196,712,7,657,11,16,8,7,3,9,712,28,15,1.49 
2015,11,26,21:00,712,196,6,657,16,6,12,3,4,3,712,13,11,1.09 
2015,11,25,21:00,647,712,14,657,1,16,1,14,0,2,712,18,12,1.47 
2015,11,25,21:00,647,712,6,657,16,11,7,8,9,3,712,13,19,0.75 
2015,11,25,21:00,647,712,1,657,14,16,6,9,8,7,712,19,22,0.86 
2015,11,17,21:00,210,302,4,740,13,16,6,9,7,7,302,23,18,1.15 
2015,11,17,20:00,196,302,0,740,11,16,6,9,5,7,302,20,17,1.05 
2015,11,13,20:15,725,868,1,752,7,16,5,10,2,6,725,24,19,1.39 
2015,11,13,20:15,725,868,7,752,13,16,4,11,9,5,725,23,20,1.24 
2015,11,12,21:00,472,870,6,741,16,5,10,5,6,0,870,13,18,0.80 
2015,11,12,21:00,870,472,1,741,6,16,5,10,1,6,870,14,17,0.82 
2015,11,06,22:30,314,839,14,763,16,14,10,5,6,9,314,25,23,1.10 
2015,11,06,22:30,314,839,6,763,16,6,12,3,4,3,314,19,14,1.39 
2015,11,06,19:30,723,314,7,763,13,16,8,7,5,9,314,26,19,1.29 
2015,11,06,19:30,314,723,0,763,16,5,10,5,6,0,314,26,12,1.94 
2015,11,06,19:30,723,314,6,763,16,14,6,9,10,5,314,27,22,1.12 
2015,11,05,21:00,383,314,0,742,16,11,7,8,9,3,314,17,22,0.83 
2015,11,05,21:00,314,383,7,742,3,16,3,12,0,4,314,11,17,0.69 
2015,11,05,21:00,383,314,2,742,8,16,5,10,3,6,314,20,16,1.23 
2015,11,04,21:45,314,137,6,763,16,6,10,5,6,1,314,21,14,1.38 
2015,11,04,19:30,314,841,7,763,16,9,8,7,8,2,314,12,21,0.55 
2015,11,04,18:15,314,839,0,763,13,16,5,10,8,6,314,24,24,0.97 
2015,11,02,21:15,314,53,0,765,5,16,3,12,2,4,314,11,20,0.59 
2015,11,02,21:15,53,314,7,765,8,16,2,13,6,3,314,22,14,1.42 
2015,11,02,21:15,53,314,2,765,16,1,14,1,2,0,314,11,16,0.66 
2015,10,20,20:00,314,137,7,742,16,12,9,6,7,6,314,21,16,1.12 
2015,10,20,20:00,314,137,6,742,12,16,2,13,10,3,314,15,23,0.72 
2015,10,20,20:00,137,314,14,742,7,16,3,12,4,4,314,16,16,0.98 
2015,10,19,19:00,314,439,7,593,17,21,8,7,7,8,314,28,32,0.96 
2015,10,19,19:00,439,314,14,593,16,8,12,3,4,5,314,12,21,0.74 
2015,10,18,20:15,314,302,7,741,16,7,9,6,7,1,314,16,16,0.85 
2015,10,18,20:15,302,314,14,741,17,19,6,9,9,6,314,28,26,1.21 
2015,10,18,19:00,314,13,4,741,13,16,6,9,7,7,314,13,17,0.79 
2015,10,18,19:00,13,314,14,741,16,13,7,8,9,5,314,26,21,1.19 
2015,10,09,19:30,314,841,1,788,13,16,7,8,6,8,314,21,19,1.03 
2015,10,09,19:30,314,841,4,788,16,11,9,6,7,5,314,21,17,1.21 
2015,10,09,19:30,841,314,0,788,16,10,8,7,8,3,314,16,18,0.94 
2015,10,08,22:00,314,584,0,742,12,16,5,10,7,6,314,21,21,0.95 
2015,10,08,22:00,314,584,14,742,11,16,3,12,8,4,314,19,19,0.96 
2015,10,08,20:15,331,314,0,788,14,16,10,5,4,11,314,18,19,0.84 
2015,10,08,18:15,314,484,14,788,16,10,10,5,6,5,314,22,16,1.31 
2015,09,29,22:00,439,314,4,741,13,16,7,8,6,8,314,20,20,0.97 
2015,09,29,22:00,439,314,0,741,8,16,3,12,5,4,314,19,14,1.27 
2015,09,29,19:00,379,314,4,742,6,16,3,12,3,4,314,26,6,2.06 
2015,09,29,19:00,314,379,0,742,16,2,13,2,3,0,314,17,6,1.56 
2015,09,28,22:30,642,314,0,741,9,16,7,8,2,8,314,17,14,1.09 
2015,09,28,22:30,642,314,4,741,8,16,2,13,6,3,314,17,14,1.13 
2015,09,24,18:00,890,888,1,741,16,10,6,9,10,1,890,19,19,0.92 
2015,09,24,18:00,890,888,0,741,19,16,8,7,7,8,890,18,26,0.69 
2015,09,23,22:15,962,292,1,783,6,16,6,9,0,7,962,21,19,1.20 
2015,09,23,22:15,292,962,7,783,16,8,8,7,8,1,962,20,17,1.20 
2015,09,23,18:00,302,890,0,741,19,22,4,11,11,4,890,38,25,1.32 
2015,09,23,18:00,890,302,2,741,16,2,13,2,3,0,890,27,9,2.47 
2015,09,22,20:00,472,962,6,783,16,11,9,6,7,5,962,13,21,0.63 
2015,09,22,20:00,962,472,1,783,14,16,6,9,8,7,962,13,25,0.58 
2015,09,21,22:15,196,962,6,783,15,19,6,9,9,6,962,22,21,1.04 
2015,09,21,22:15,962,196,0,783,6,16,6,9,0,7,962,14,19,0.88 
2015,09,21,20:00,701,907,7,803,11,16,11,4,0,12,907,23,19,1.23 
2015,09,04,21:45,941,940,1,830,10,16,4,11,6,5,941,23,20,1.08 
2015,08,29,23:10,314,29,1,833,16,6,9,6,7,0,314,12,13,0.92 
2015,08,29,20:50,1020,314,1,833,8,16,5,10,3,6,314,15,18,0.87 
2015,08,28,22:15,937,941,0,830,11,16,3,12,8,4,941,22,16,1.21 
2015,08,28,20:30,941,940,0,830,20,20,7,8,8,7,941,40,26,1.38 
2015,05,26,21:00,749,1062,7,909,13,16,10,5,3,11,749,24,17,1.24 
2015,05,25,21:30,8,749,14,909,16,13,8,7,8,6,749,18,21,0.90 
2015,05,25,21:30,749,8,6,909,10,16,10,5,0,11,749,16,18,0.99 
2015,05,25,19:15,749,214,14,908,8,16,3,12,5,4,749,12,20,0.58 
2015,05,25,19:15,749,214,4,908,10,16,9,6,1,10,749,13,24,0.57 
2015,05,25,00:15,749,995,7,915,5,16,4,11,1,5,749,7,19,0.41 
2015,05,24,22:20,749,433,6,915,16,9,10,5,6,4,749,17,13,1.15 
2015,05,19,19:00,711,749,6,909,19,22,7,8,8,7,749,31,31,1.00 
2015,05,19,19:00,711,749,7,909,15,19,9,6,6,9,749,32,21,1.45 
2015,05,19,19:00,749,711,14,909,14,16,7,8,7,8,749,20,20,1.02 
2015,04,02,23:30,1120,1116,1,948,5,16,5,10,0,6,1120,14,16,0.89 
2015,04,02,21:30,29,1120,1,948,16,8,9,6,7,2,1120,16,19,0.87 
2015,04,02,19:00,1120,1129,0,948,16,8,12,3,4,5,1120,16,18,0.91 
2015,04,02,15:30,1120,1134,1,948,22,19,10,5,5,10,1120,28,24,1.18 
2014,10,19,00:50,13,888,6,1005,16,12,11,4,5,8,888,23,20,1.19 
2014,04,18,17:00,1264,1266,0,1076,16,10,10,5,6,5,1266,26,19,1.39 
2014,04,18,17:00,1266,1264,6,1076,12,16,3,12,9,4,1266,21,16,1.12 
