2016,08,14,15:00,59,50,0,477,10,16,4,11,6,5,59,26,20,1.31 
2016,08,12,16:00,87,88,2,463,16,3,12,3,4,0,87,19,9,1.51 
2016,08,12,16:00,88,87,0,463,2,16,2,13,0,3,87,19,8,1.56 
2016,08,11,21:10,49,59,7,471,11,16,7,8,4,8,59,20,19,1.03 
2016,08,11,21:10,59,49,5,471,16,4,11,4,5,0,59,15,13,1.00 
2016,08,07,21:30,59,152,2,471,16,8,12,3,4,5,59,17,13,1.14 
2016,08,07,21:30,59,152,5,471,19,15,6,9,9,6,59,25,21,1.13 
2016,08,04,21:00,154,59,2,471,4,16,4,11,0,5,59,17,10,1.35 
2016,08,04,21:00,154,59,0,471,5,16,3,12,2,4,59,16,13,1.11 
2016,08,04,18:00,42,59,5,471,11,16,5,10,6,6,59,18,21,0.93 
2016,08,04,18:00,59,42,0,471,16,13,10,5,6,8,59,26,20,1.36 
2016,06,19,15:00,52,59,0,546,16,13,12,3,4,10,59,26,22,1.25 
2016,06,19,15:00,52,59,5,546,16,10,11,4,5,6,59,24,19,1.24 
2016,06,18,19:30,59,9,14,546,7,16,3,12,4,4,59,12,17,0.70 
2016,06,12,22:00,13,59,4,552,16,9,9,6,7,3,59,8,21,0.42 
2016,06,12,17:00,59,312,7,552,14,16,10,5,4,11,59,15,21,0.74 
2016,06,11,15:20,22,59,5,552,10,16,4,11,6,5,59,22,16,1.24 
2016,06,10,18:00,292,59,1,552,16,8,13,2,3,6,59,16,17,0.99 
2016,06,09,14:20,59,362,14,552,16,9,9,6,7,3,59,17,18,0.89 
2016,05,21,13:45,59,215,0,567,13,16,10,5,3,11,59,17,21,0.93 
2016,05,21,13:45,59,215,4,567,8,16,7,8,1,8,59,11,20,0.59 
2016,05,20,14:30,59,8,7,567,12,16,11,4,1,12,59,14,24,0.64 
2016,05,20,14:30,59,8,0,567,6,16,6,9,0,7,59,13,18,0.80 
2016,05,19,09:00,59,302,4,567,16,5,12,3,4,2,59,18,14,1.21 
2016,05,19,09:00,59,302,7,567,16,5,13,2,3,3,59,14,17,0.80 
2016,05,16,19:30,59,22,4,573,7,16,4,11,3,5,59,12,21,0.61 
2016,05,16,19:30,22,59,0,573,16,8,9,6,7,2,59,13,21,0.65 
2016,05,16,19:30,22,59,1,573,13,16,9,6,4,10,59,22,22,0.95 
2016,05,16,15:30,297,59,0,573,5,16,4,11,1,5,59,18,12,1.20 
2016,05,16,15:30,297,59,7,573,3,16,3,12,0,4,59,18,11,1.38 
2016,05,16,15:30,59,297,1,573,10,16,8,7,2,9,59,13,17,0.79 
2016,05,15,18:00,59,132,1,573,16,11,10,5,6,6,59,21,16,1.11 
2016,05,15,18:00,59,132,0,573,16,3,13,2,3,1,59,16,10,1.30 
2016,05,15,12:00,59,297,7,573,10,16,5,10,5,6,59,9,22,0.44 
2016,05,15,12:00,297,59,1,573,16,14,10,5,6,9,59,17,24,0.69 
2016,05,14,18:30,132,59,1,573,9,16,3,12,6,4,59,14,14,0.92 
2016,05,14,16:00,59,439,0,573,16,10,7,8,9,2,59,14,18,0.79 
2016,05,07,17:35,59,196,4,587,16,10,14,1,2,9,59,18,16,1.07 
2016,05,07,17:35,196,59,6,587,20,22,9,6,6,9,59,27,29,0.93 
2016,05,07,11:25,59,100,0,587,19,15,9,6,6,9,59,26,23,1.02 
2016,05,07,11:25,59,100,14,587,11,16,6,9,5,7,59,9,21,0.46 
2016,05,07,11:25,59,100,7,587,16,9,14,1,2,8,59,20,19,1.10 
2016,04,30,13:00,302,59,14,590,16,3,13,2,3,1,59,8,17,0.62 
2016,04,30,13:00,59,302,4,590,14,16,8,7,6,9,59,26,26,1.05 
2016,04,30,13:00,59,302,1,590,10,16,3,12,7,4,59,13,22,0.63 
2016,04,29,17:30,59,8,14,590,16,11,7,8,9,3,59,20,15,1.13 
2016,04,29,17:30,59,8,0,590,16,14,10,5,6,9,59,17,21,0.83 
2016,04,28,19:00,312,59,4,590,3,16,2,13,1,3,59,18,12,1.34 
2016,04,28,19:00,59,312,7,590,16,8,10,5,6,3,59,16,17,0.96 
2016,04,28,19:00,59,312,14,590,8,16,5,10,3,6,59,16,19,0.75 
2016,04,26,21:00,59,439,14,579,16,14,8,7,8,7,59,20,24,0.91 
2016,04,26,21:00,439,59,4,579,9,16,3,12,6,4,59,15,16,0.89 
2016,04,26,18:00,59,49,14,536,6,16,1,14,5,2,59,21,18,1.16 
2016,04,26,18:00,49,59,1,536,16,12,6,9,10,3,59,20,23,0.87 
2016,04,24,18:45,59,101,14,573,16,11,10,5,6,6,59,19,16,1.16 
2016,04,24,18:45,59,101,1,573,16,8,8,7,8,1,59,19,15,1.21 
2016,04,24,18:45,101,59,0,573,16,11,9,6,7,5,59,8,21,0.49 
2016,04,24,15:00,59,477,7,573,16,3,12,3,4,0,59,25,10,1.94 
2016,04,24,15:00,59,477,14,573,16,3,12,3,4,0,59,16,8,1.39 
2016,04,22,20:30,52,59,7,590,12,16,5,10,7,6,59,16,24,0.68 
2016,04,22,20:30,59,52,0,590,16,14,12,3,4,11,59,20,22,0.87 
2016,04,21,21:00,152,59,14,579,3,16,3,12,0,4,59,14,11,1.08 
2016,04,21,21:00,59,152,1,579,16,5,11,4,5,1,59,18,12,1.40 
2016,04,21,18:15,472,59,4,590,9,16,4,11,5,5,59,16,19,0.85 
2016,04,21,18:15,472,59,7,590,14,16,12,3,2,13,59,24,23,1.05 
2016,04,20,18:15,484,59,6,590,10,16,7,8,3,8,59,22,21,1.13 
2016,04,20,18:15,59,484,7,590,16,11,8,7,8,4,59,16,18,0.92 
2016,04,13,18:15,249,59,4,590,6,16,4,11,2,5,59,25,15,1.58 
2016,04,13,18:15,59,249,7,590,16,10,9,6,7,4,59,16,21,0.74 
2016,04,10,18:00,364,59,4,611,3,16,2,13,1,3,59,17,9,1.39 
2016,04,10,18:00,59,364,0,611,16,8,8,7,8,1,59,18,14,1.06 
2016,04,08,18:00,214,59,2,614,16,9,12,3,4,6,59,8,20,0.48 
2016,04,08,18:00,214,59,1,614,16,8,10,5,6,3,59,9,19,0.56 
2016,04,08,18:00,59,214,6,614,16,11,10,5,6,6,59,11,21,0.56 
2016,04,08,18:00,214,59,7,614,19,17,4,11,11,4,59,23,27,0.88 
2016,04,08,18:00,59,214,14,614,16,14,13,2,3,12,59,24,22,1.06 
2016,04,07,20:15,59,152,1,614,9,16,5,10,4,6,59,17,19,0.88 
2016,04,07,20:15,152,59,7,614,16,14,4,11,12,3,59,25,22,1.05 
2016,04,07,18:00,59,302,14,614,16,12,9,6,7,6,59,23,19,1.13 
2016,04,07,18:00,59,302,4,614,16,14,7,8,9,6,59,16,22,0.76 
2016,04,06,22:40,59,22,6,590,9,16,8,7,1,9,59,12,23,0.54 
2016,04,06,22:40,22,59,7,590,19,17,4,11,11,4,59,24,29,0.83 
2016,04,06,20:30,439,59,1,590,6,16,5,10,1,6,59,19,13,1.24 
2016,04,06,20:30,59,439,0,590,16,5,10,5,6,0,59,20,13,1.24 
2016,04,06,18:00,59,101,6,614,16,13,4,11,12,2,59,14,19,0.76 
2016,04,06,18:00,101,59,14,614,9,16,4,11,5,5,59,23,13,1.42 
2016,04,04,18:00,59,177,1,536,11,16,5,10,6,6,59,14,22,0.69 
2016,04,04,18:00,177,59,0,536,16,6,12,3,4,3,59,9,17,0.58 
2016,03,26,21:00,472,59,1,619,5,16,4,11,1,5,59,7,18,0.40 
2016,03,26,21:00,472,59,6,619,23,25,7,8,8,7,59,24,34,0.73 
2016,03,26,13:00,517,59,7,619,10,16,7,8,3,8,59,15,17,0.90 
2016,03,26,13:00,59,517,1,619,16,12,8,7,8,5,59,22,20,1.30 
2016,03,25,18:30,59,184,14,619,16,8,9,6,7,2,59,9,16,0.63 
2016,03,25,18:30,59,184,0,619,17,19,8,7,7,8,59,29,24,1.12 
2016,03,25,18:30,59,184,1,619,16,5,11,4,5,1,59,23,11,1.58 
2016,03,25,13:00,260,59,7,619,11,16,8,7,3,9,59,18,21,0.89 
2016,03,25,11:50,29,59,7,619,6,16,6,9,0,7,59,18,15,1.31 
2016,03,22,21:30,59,507,6,579,16,9,14,1,2,8,59,24,16,1.44 
2016,03,22,21:30,59,507,14,579,16,5,12,3,4,2,59,15,12,1.14 
2016,03,22,21:30,59,507,4,579,13,16,6,9,7,7,59,20,25,0.81 
2016,03,22,19:00,49,59,14,579,11,16,4,11,7,5,59,31,17,1.86 
2016,03,22,19:00,59,49,4,579,16,10,11,4,5,6,59,17,18,0.84 
2016,03,21,19:00,392,59,4,579,13,16,8,7,5,9,59,23,21,1.17 
2016,03,20,15:45,22,59,0,625,16,4,11,4,5,0,59,8,18,0.44 
2016,03,20,15:45,59,22,4,625,5,16,4,11,1,5,59,16,19,0.96 
2016,03,20,15:45,59,22,14,625,16,7,9,6,7,1,59,16,17,0.92 
2016,03,20,13:00,152,59,7,625,5,16,3,12,2,4,59,22,15,1.36 
2016,03,20,13:00,59,152,1,625,16,5,10,5,6,0,59,14,15,0.87 
2016,03,19,18:45,508,59,6,625,7,16,3,12,4,4,59,19,18,1.09 
2016,03,17,19:00,49,59,4,536,13,16,6,9,7,7,59,28,21,1.33 
2016,03,17,19:00,49,59,14,536,12,16,8,7,4,9,59,15,19,0.79 
2016,03,15,23:30,59,29,14,593,7,16,4,11,3,5,59,13,19,0.74 
2016,03,15,22:15,196,59,0,593,16,5,11,4,5,1,59,8,19,0.51 
2016,03,15,19:00,29,59,6,593,11,16,7,8,4,8,59,24,16,1.31 
2016,03,12,18:20,59,184,6,625,8,16,5,10,3,6,59,19,20,1.04 
2016,03,07,20:15,364,59,7,590,10,16,4,11,6,5,59,24,16,1.31 
2016,03,07,20:15,59,364,0,590,16,6,10,5,6,1,59,17,11,1.42 
2016,03,07,20:15,364,59,4,590,16,14,3,12,13,2,59,27,22,1.30 
2016,02,28,00:10,303,59,1,639,16,14,6,9,10,5,59,17,23,0.76 
2016,02,28,00:10,303,59,4,639,7,16,6,9,1,7,59,19,16,1.06 
2016,02,28,00:10,59,303,7,639,4,16,4,11,0,5,59,16,16,1.01 
2016,02,26,23:30,59,214,0,639,15,19,9,6,6,9,59,18,27,0.78 
2016,02,26,17:00,59,303,1,639,22,20,8,7,7,8,59,26,32,0.86 
2016,02,14,19:00,13,214,4,654,9,16,8,7,1,9,13,22,20,1.06 
2016,02,14,19:00,214,13,7,654,16,6,11,4,5,2,13,17,18,1.08 
2016,02,13,15:30,49,59,7,654,21,17,8,7,7,8,59,34,26,1.23 
2016,02,13,15:30,49,59,4,654,8,16,6,9,2,7,59,24,17,1.44 
2016,02,13,15:30,49,59,14,654,16,2,14,1,2,1,59,7,17,0.37 
2016,02,13,01:55,13,59,4,654,16,13,7,8,9,5,59,18,21,0.94 
2016,02,13,01:55,59,13,14,654,6,16,6,9,0,7,59,8,21,0.37 
2016,02,11,23:30,642,59,14,654,14,16,7,8,7,8,59,23,18,1.16 
2016,02,11,23:30,59,642,6,654,16,14,8,7,8,7,59,12,20,0.66 
2016,01,31,21:30,59,472,14,664,16,6,10,5,6,1,59,15,14,1.05 
2016,01,31,21:30,472,59,6,664,16,6,9,6,7,0,59,11,19,0.58 
2016,01,31,21:30,59,472,1,664,16,11,9,6,7,5,59,21,15,1.16 
2016,01,31,12:00,59,196,1,664,16,10,11,4,5,6,59,26,19,1.39 
2016,01,31,12:00,196,59,6,664,16,11,6,9,10,2,59,14,21,0.72 
2016,01,31,12:00,59,196,0,664,21,15,12,3,3,12,59,27,23,1.11 
2016,01,30,16:45,696,59,4,664,14,16,8,7,6,9,59,20,19,0.95 
2016,01,30,16:45,696,59,6,664,14,16,6,9,8,7,59,16,18,0.89 
2016,01,30,16:45,59,696,0,664,9,16,9,6,0,10,59,14,16,0.85 
2016,01,30,12:00,59,698,1,664,16,14,7,8,9,6,59,28,19,1.45 
2016,01,10,18:15,59,22,4,679,14,16,9,6,5,10,59,24,19,1.18 
2016,01,10,18:15,59,22,14,679,10,16,9,6,1,10,59,16,23,0.72 
2016,01,10,15:15,59,472,0,679,16,7,9,6,7,1,59,11,15,0.78 
2016,01,10,15:15,59,472,14,679,16,14,4,11,12,3,59,22,23,0.92 
2016,01,10,15:15,59,472,1,679,9,16,6,9,3,7,59,11,18,0.69 
2016,01,10,12:20,49,59,4,679,7,16,6,9,1,7,59,22,13,1.33 
2016,01,10,12:20,59,49,1,679,16,10,12,3,4,7,59,22,15,1.28 
2016,01,10,12:20,49,59,14,679,16,7,10,5,6,2,59,13,18,0.80 
2016,01,09,18:15,715,59,1,664,12,16,8,7,4,9,59,17,17,0.99 
2016,01,09,18:15,59,715,7,664,16,11,8,7,8,4,59,24,15,1.34 
2016,01,06,21:30,686,59,4,664,16,6,10,5,6,1,59,17,20,0.88 
2016,01,06,21:30,59,686,0,664,16,4,11,4,5,0,59,18,13,1.21 
2016,01,06,21:30,686,59,1,664,16,12,9,6,7,6,59,12,24,0.56 
2015,12,17,16:00,722,59,6,652,16,8,12,3,4,5,59,17,18,0.94 
2015,12,17,16:00,59,722,7,652,4,16,3,12,1,4,59,17,18,0.97 
2015,12,16,21:00,13,59,4,699,16,11,6,9,10,2,59,18,22,0.86 
2015,12,16,21:00,59,13,0,699,8,16,7,8,1,8,59,16,21,0.78 
2015,12,15,21:15,633,59,14,657,16,12,5,10,11,2,59,22,21,1.21 
2015,12,15,21:15,633,59,14,657,16,12,5,10,11,2,59,22,21,1.21 
2015,12,15,21:15,633,59,0,657,16,6,10,5,6,1,59,13,17,0.81 
2015,12,15,21:15,59,633,4,657,16,7,13,2,3,5,59,18,13,1.16 
2015,12,14,19:10,22,59,14,593,16,5,13,2,3,3,59,10,16,0.68 
2015,12,14,19:10,59,22,6,593,11,16,10,5,1,11,59,9,23,0.42 
2015,12,14,19:10,22,59,4,593,16,21,11,4,4,11,59,27,24,1.04 
2015,12,14,19:10,59,22,7,593,16,14,7,8,9,6,59,24,20,1.15 
2015,12,14,19:10,22,59,0,593,16,13,8,7,8,6,59,15,18,0.82 
2015,12,13,21:00,59,214,6,654,14,16,11,4,3,12,59,16,19,0.84 
2015,12,13,21:00,59,214,0,654,21,18,3,12,12,3,59,32,23,1.18 
2015,12,10,21:00,59,777,6,657,16,5,10,5,6,0,59,16,13,1.11 
2015,12,10,21:00,59,777,0,657,16,10,7,8,9,2,59,21,17,1.09 
2015,12,10,19:00,705,59,4,657,4,16,3,12,1,4,59,17,11,1.22 
2015,12,10,19:00,705,59,0,657,10,16,6,9,4,7,59,24,14,1.33 
2015,12,08,21:00,59,22,0,676,4,16,2,13,2,3,59,12,20,0.65 
2015,12,08,21:00,59,22,4,676,9,16,8,7,1,9,59,19,21,0.90 
2015,12,07,20:30,59,8,7,593,16,10,8,7,8,3,59,23,19,1.14 
2015,12,07,20:30,8,59,0,593,17,21,9,6,6,9,59,22,26,0.89 
2015,12,07,20:30,8,59,4,593,16,14,8,7,8,7,59,21,19,1.02 
2015,12,03,19:00,776,59,6,720,16,13,10,5,6,8,59,24,21,1.10 
2015,12,03,19:00,59,776,0,720,3,16,3,12,0,4,59,12,16,0.75 
2015,12,03,19:00,59,776,4,720,16,2,13,2,3,0,59,20,5,1.81 
2015,11,26,19:00,825,59,1,731,16,19,8,7,7,8,59,29,22,1.18 
2015,11,26,19:00,825,59,6,731,12,16,7,8,5,8,59,19,20,0.88 
2015,11,19,22:00,59,302,14,654,16,9,7,8,9,1,59,16,15,1.19 
2015,11,19,22:00,302,59,4,654,7,16,5,10,2,6,59,16,14,1.08 
2015,11,17,21:00,59,214,2,740,16,13,9,6,7,7,59,25,23,1.07 
2015,11,17,20:00,215,59,14,740,16,8,7,8,9,0,59,14,19,0.80 
2015,11,17,17:00,59,270,1,696,4,16,4,11,0,5,59,11,19,0.59 
2015,11,17,17:00,270,59,4,696,22,19,4,11,11,4,59,23,33,0.68 
2015,11,15,23:00,8,59,7,749,16,7,9,6,7,1,59,6,20,0.32 
2015,11,15,22:00,59,8,4,749,5,16,5,10,0,6,59,11,20,0.59 
2015,11,14,21:00,59,711,4,749,16,3,12,3,4,0,59,24,12,1.81 
2015,11,12,19:00,711,59,6,740,16,7,10,5,6,2,59,13,22,0.56 
2015,11,11,21:00,59,711,4,696,6,16,5,10,1,6,59,13,19,0.74 
2015,11,11,21:00,59,711,1,696,11,16,6,9,5,7,59,14,17,0.84 
2015,11,11,18:15,59,856,1,696,16,2,14,1,2,1,59,25,8,2.32 
2015,11,11,18:15,856,59,4,696,12,16,6,9,6,7,59,21,18,1.17 
2015,11,09,19:10,472,59,1,593,10,16,8,7,2,9,59,20,15,1.23 
2015,11,09,19:10,472,59,4,593,10,16,9,6,1,10,59,28,17,1.54 
2015,11,04,21:00,250,59,4,740,12,16,9,6,3,10,59,22,17,1.25 
2015,11,04,20:00,258,59,6,740,16,7,13,2,3,5,59,9,18,0.61 
2015,11,03,20:00,270,59,7,740,16,14,10,5,6,9,59,26,19,1.16 
2015,11,03,19:00,59,270,6,740,11,16,5,10,6,6,59,17,19,0.83 
2015,10,27,21:00,59,439,4,654,12,16,7,8,5,8,59,14,22,0.70 
2015,10,27,21:00,59,439,7,654,16,9,9,6,7,3,59,16,21,0.87 
2015,10,25,19:00,59,215,2,740,8,16,4,11,4,5,59,14,18,0.91 
2015,10,25,18:00,196,59,1,740,16,8,13,2,3,6,59,3,19,0.27 
2015,10,25,17:00,711,59,7,740,5,16,4,11,1,5,59,20,9,1.51 
2015,10,24,17:00,302,59,0,740,16,6,10,5,6,1,59,9,18,0.52 
2015,10,22,22:15,647,59,6,654,13,16,6,9,7,7,59,15,22,0.75 
2015,10,22,22:15,59,647,14,654,16,11,10,5,6,6,59,23,20,1.25 
2015,10,21,23:00,210,59,14,749,16,13,5,10,11,3,59,16,22,0.80 
2015,10,20,22:00,59,292,7,749,10,16,5,10,5,6,59,15,19,0.75 
2015,10,20,21:00,210,59,0,740,16,8,11,4,5,4,59,12,22,0.65 
2015,10,20,20:00,59,8,4,740,11,16,8,7,3,9,59,15,20,0.74 
2015,10,19,20:00,22,59,0,740,16,9,8,7,8,2,59,16,22,0.77 
2015,10,19,19:00,302,59,1,740,4,16,4,11,0,5,59,11,14,0.76 
2015,10,18,18:00,59,270,7,654,16,8,12,3,4,5,59,13,15,0.88 
2015,10,18,18:00,59,270,0,654,6,16,5,10,1,6,59,14,17,0.88 
2015,10,18,17:00,196,59,4,740,3,16,3,12,0,4,59,9,11,0.86 
2015,10,15,18:00,250,59,6,721,16,4,11,4,5,0,59,7,20,0.38 
2015,10,15,18:00,250,59,4,721,16,13,8,7,8,6,59,14,26,0.59 
2015,10,14,20:00,59,210,7,749,16,14,3,12,13,2,59,22,21,1.09 
2015,10,14,19:00,59,258,14,749,16,14,7,8,9,6,59,21,23,1.01 
2015,10,13,23:00,59,214,0,783,14,16,9,6,5,10,59,20,22,0.87 
2015,10,13,23:00,214,59,14,783,14,16,11,4,3,12,59,21,23,1.03 
2015,10,13,18:00,59,584,0,721,16,14,10,5,6,9,59,21,20,1.05 
2015,10,13,18:00,59,584,1,721,5,16,4,11,1,5,59,7,18,0.42 
2015,10,13,18:00,584,59,14,721,13,16,8,7,5,9,59,20,21,0.98 
2015,10,12,18:00,59,147,0,654,14,16,9,6,5,10,59,18,20,0.85 
2015,10,12,18:00,147,59,14,654,12,16,9,6,3,10,59,20,20,1.04 
2015,10,08,21:00,383,59,7,654,12,16,3,12,9,4,59,17,20,0.80 
2015,10,08,21:00,383,59,14,654,16,9,10,5,6,4,59,17,22,0.85 
2015,10,07,21:00,59,22,2,740,12,16,10,5,2,11,59,18,20,0.85 
2015,10,07,18:00,292,59,1,783,12,16,6,9,6,7,59,31,19,1.56 
2015,10,07,18:00,59,292,4,783,16,19,8,7,7,8,59,20,26,0.74 
2015,10,06,23:15,250,59,14,749,2,16,2,13,0,3,59,17,8,1.47 
2015,10,06,20:30,59,13,14,783,16,7,10,5,6,2,59,18,14,1.12 
2015,10,06,20:30,13,59,7,783,13,16,4,11,9,5,59,23,24,0.98 
2015,10,06,19:00,270,59,4,749,16,5,10,5,6,0,59,12,18,0.70 
2015,10,05,18:15,59,196,7,593,16,9,12,3,4,6,59,23,19,1.27 
2015,10,05,18:15,59,196,1,593,16,6,14,1,2,5,59,23,12,1.53 
2015,10,05,18:15,59,196,0,593,14,16,6,9,8,7,59,21,23,0.95 
2015,10,04,18:00,59,472,4,783,16,11,8,7,8,4,59,18,21,0.87 
2015,10,04,18:00,472,59,1,783,16,14,4,11,12,3,59,23,22,0.99 
2015,10,01,19:00,250,59,7,740,11,16,7,8,4,8,59,25,16,1.51 
2015,09,30,23:05,711,59,4,749,9,16,5,10,4,6,59,17,17,0.99 
2015,09,30,21:15,59,258,14,749,12,16,7,8,5,8,59,15,19,0.79 
2015,09,30,18:00,196,59,1,783,11,16,6,9,5,7,59,18,17,1.03 
2015,09,30,18:00,59,196,0,783,13,16,5,10,8,6,59,19,19,0.95 
2015,09,29,21:00,59,250,1,749,2,16,1,14,1,2,59,9,18,0.45 
2015,09,29,19:00,59,8,14,740,9,16,4,11,5,5,59,18,22,0.82 
2015,09,29,11:00,825,722,1,800,16,14,4,11,12,3,722,32,24,1.40 
2015,09,29,11:00,825,722,0,800,16,7,13,2,3,5,722,15,21,0.77 
2015,09,28,18:50,894,722,0,800,19,16,8,7,7,8,722,28,27,1.09 
2015,09,28,18:50,894,722,14,800,16,11,6,9,10,2,722,24,19,1.16 
2015,09,26,21:30,59,642,4,766,13,16,11,4,2,12,59,26,19,1.29 
2015,09,26,21:30,59,642,1,766,16,7,11,4,5,3,59,19,13,1.20 
2015,09,26,21:30,642,59,14,766,16,11,5,10,11,1,59,18,21,0.93 
2015,09,25,18:00,711,59,14,766,16,7,13,2,3,5,59,13,21,0.59 
2015,09,25,18:00,711,59,1,766,16,13,6,9,10,4,59,19,21,0.95 
2015,09,25,18:00,59,711,4,766,16,8,8,7,8,1,59,14,16,0.83 
2015,09,25,15:10,642,59,1,766,7,16,1,14,6,2,59,19,17,1.08 
2015,09,25,15:10,642,59,14,766,11,16,7,8,4,8,59,18,18,0.98 
2015,09,19,21:00,315,59,14,593,14,16,5,10,9,6,59,13,22,0.66 
2015,09,19,21:00,59,315,0,593,16,4,12,3,4,1,59,16,9,1.38 
2015,09,17,20:20,210,59,1,740,16,9,12,3,4,6,59,18,20,0.93 
2015,09,16,21:00,214,59,14,740,16,11,11,4,5,7,59,26,21,1.35 
2015,09,16,19:30,124,87,6,799,16,9,10,5,6,4,87,27,17,1.53 
2015,09,16,18:45,87,953,14,799,9,16,2,13,7,3,87,20,21,0.96 
2015,09,16,17:30,87,943,1,799,15,15,7,8,8,7,87,17,21,0.78 
2015,09,15,21:00,292,59,7,749,21,17,10,5,5,10,59,30,26,1.13 
2015,09,15,20:00,270,59,4,749,16,9,8,7,8,2,59,17,20,0.89 
2015,09,14,20:40,87,935,14,799,10,16,4,11,6,5,87,25,20,1.33 
2015,09,13,21:00,722,914,1,820,16,13,10,5,6,8,722,21,22,0.90 
2015,09,13,21:00,914,722,4,820,7,16,3,12,4,4,722,20,16,1.15 
2015,09,11,19:15,825,722,0,820,16,6,10,5,6,1,722,10,20,0.45 
2015,09,11,19:15,722,825,7,820,3,16,2,13,1,3,722,10,18,0.54 
2015,09,11,16:00,722,472,1,820,8,16,7,8,1,8,722,14,19,0.78 
2015,09,11,16:00,722,472,0,820,16,4,11,4,5,0,722,12,12,0.94 
2015,09,11,16:00,472,722,4,820,16,8,8,7,8,1,722,18,21,0.99 
2015,09,09,21:00,22,59,4,783,16,3,12,3,4,0,59,8,15,0.65 
2015,09,09,21:00,59,22,14,783,16,10,9,6,7,4,59,17,16,1.06 
2015,09,08,20:00,59,380,2,783,14,16,12,3,2,13,59,29,20,1.37 
2015,09,08,20:00,380,59,4,783,9,16,6,9,3,7,59,25,15,1.63 
2015,09,06,18:45,59,302,2,766,16,3,12,3,4,0,59,22,10,1.63 
2015,09,06,18:45,59,302,7,766,16,4,12,3,4,1,59,14,12,1.20 
2015,09,06,15:15,776,59,1,766,3,16,2,13,1,3,59,9,11,0.80 
2015,09,06,15:15,776,59,4,766,4,16,3,12,1,4,59,20,13,1.38 
2015,09,06,12:00,59,1001,2,766,16,10,11,4,5,6,59,14,21,0.70 
2015,09,06,12:00,59,1001,4,766,16,4,13,2,3,2,59,26,12,1.82 
2015,09,06,12:00,1001,59,6,766,16,14,6,9,10,5,59,15,20,0.81 
2015,09,03,22:45,215,59,1,833,19,21,10,5,5,10,59,25,28,0.96 
2015,09,03,22:45,215,59,4,833,8,16,8,7,0,9,59,21,18,1.18 
2015,09,02,18:00,59,302,14,833,16,2,13,2,3,0,59,16,8,1.55 
2015,09,02,18:00,59,302,2,833,16,14,8,7,8,7,59,16,21,0.75 
2015,09,02,18:00,302,59,6,833,16,11,9,6,7,5,59,20,19,1.03 
2015,09,01,18:00,314,59,1,833,4,16,4,11,0,5,59,17,11,1.28 
2015,09,01,18:00,59,314,14,833,16,14,9,6,7,8,59,25,22,1.09 
2015,09,01,18:00,59,314,4,833,4,16,4,11,0,5,59,9,16,0.63 
2015,08,31,22:15,711,59,1,783,16,14,7,8,9,6,59,23,20,1.09 
2015,08,31,22:15,711,59,4,783,16,12,6,9,10,3,59,18,19,0.86 
2015,08,31,16:30,134,87,14,799,2,16,2,13,0,3,87,13,10,1.16 
2015,08,31,16:30,87,134,6,799,16,5,14,1,2,4,87,29,7,2.19 
2015,08,30,18:00,59,472,1,838,8,16,5,10,3,6,59,12,20,0.60 
2015,08,30,18:00,472,59,4,838,16,13,9,6,7,7,59,27,20,1.29 
2015,08,27,20:15,945,59,6,783,9,16,6,9,3,7,59,25,20,1.35 
2015,08,27,20:15,59,945,14,783,16,9,12,3,4,6,59,16,19,0.94 
2015,08,25,20:15,59,980,6,783,16,5,13,2,3,3,59,19,14,1.22 
2015,08,25,20:15,980,59,1,783,13,16,3,12,10,4,59,20,19,1.02 
2015,08,12,20:00,13,59,2,858,16,2,13,2,3,0,59,7,17,0.40 
2015,08,12,20:00,59,13,14,858,11,16,4,11,7,5,59,24,23,0.99 
2015,08,12,20:00,13,59,4,858,13,16,11,4,2,12,59,30,22,1.46 
2015,08,12,17:30,724,722,0,820,11,16,8,7,3,9,722,18,16,1.06 
2015,08,12,17:30,722,724,6,820,16,13,10,5,6,8,722,18,16,0.94 
2015,08,12,17:30,724,722,1,820,16,4,12,3,4,1,722,12,18,0.70 
2015,08,11,21:00,23,59,6,854,16,11,13,2,3,9,59,20,17,1.24 
2015,08,11,21:00,59,23,7,854,16,14,8,7,8,7,59,23,22,1.13 
2015,08,11,21:00,59,23,1,854,2,16,2,13,0,3,59,10,17,0.57 
2015,08,10,20:00,59,945,14,858,16,7,10,5,6,2,59,17,14,1.06 
2015,08,10,20:00,59,945,7,858,16,19,6,9,9,6,59,28,25,1.17 
2015,08,10,20:00,945,59,4,858,12,16,8,7,4,9,59,30,20,1.56 
2015,08,09,20:15,22,59,4,593,16,10,14,1,2,9,59,23,19,1.14 
2015,08,09,20:15,22,59,0,593,16,2,13,2,3,0,59,9,17,0.50 
2015,08,02,19:20,214,59,0,654,10,16,8,7,2,9,59,18,16,0.94 
2015,08,02,19:20,59,214,14,654,16,10,6,9,10,1,59,22,14,1.31 
2015,08,02,19:20,214,59,2,654,13,16,7,8,6,8,59,17,19,0.93 
2015,08,02,19:20,214,59,4,654,16,14,3,12,13,2,59,25,22,1.13 
2015,08,02,19:20,214,59,1,654,9,16,4,11,5,5,59,17,18,0.96 
2015,08,02,19:20,214,59,7,654,16,12,12,3,4,9,59,26,18,1.34 
2015,08,02,15:00,472,59,4,654,13,16,7,8,6,8,59,20,18,1.15 
2015,08,02,15:00,472,59,14,654,10,16,6,9,4,7,59,22,18,1.09 
2015,08,02,15:00,472,59,7,654,16,11,7,8,9,3,59,19,20,0.91 
2015,08,01,23:00,59,22,7,654,16,3,12,3,4,0,59,19,12,1.33 
2015,08,01,23:00,59,22,14,654,8,16,5,10,3,6,59,23,19,1.26 
2015,08,01,23:00,22,59,1,654,17,19,5,10,10,5,59,28,26,1.07 
2015,08,01,16:30,302,59,1,654,3,16,2,13,1,3,59,16,10,1.33 
2015,08,01,16:30,59,302,14,654,16,7,11,4,5,3,59,31,12,2.02 
2015,08,01,16:30,302,59,4,654,16,5,13,2,3,3,59,10,20,0.49 
2015,07,31,19:30,270,59,0,654,14,16,9,6,5,10,59,20,19,1.07 
2015,07,31,19:30,270,59,1,654,10,16,7,8,3,8,59,12,20,0.62 
2015,07,30,14:45,22,59,14,654,16,11,11,4,5,7,59,15,23,0.69 
2015,07,30,14:45,59,22,7,654,9,16,8,7,1,9,59,10,21,0.53 
2015,07,28,18:00,945,59,6,593,12,16,10,5,2,11,59,24,25,1.01 
2015,07,28,18:00,945,59,1,593,6,16,6,9,0,7,59,16,16,0.96 
2015,07,28,18:00,945,59,7,593,16,12,12,3,4,9,59,10,24,0.44 
2015,07,26,21:13,59,1045,6,872,7,16,2,13,5,3,59,12,20,0.69 
2015,07,26,17:30,292,59,7,872,9,16,2,13,7,3,59,19,15,1.10 
2015,07,26,15:20,985,59,4,872,16,14,5,10,11,4,59,30,22,1.34 
2015,07,26,13:00,1045,59,4,872,17,19,13,2,2,13,59,37,20,1.66 
2015,07,03,20:45,59,13,6,593,16,14,10,5,6,9,59,18,23,0.85 
2015,07,03,20:45,13,59,14,593,16,2,13,2,3,0,59,14,16,1.06 
2015,07,03,20:45,59,13,4,593,16,8,10,5,6,3,59,20,11,1.36 
2015,06,30,17:00,23,215,4,802,16,10,10,5,6,5,215,17,18,0.93 
2015,06,30,17:00,23,215,1,802,16,12,6,9,10,3,215,24,17,1.29 
2015,06,20,11:30,59,13,7,892,9,16,6,9,3,7,59,9,21,0.45 
2015,06,20,11:30,215,59,4,892,16,11,6,9,10,2,59,17,21,0.84 
2015,06,19,19:00,1054,59,6,892,16,14,11,4,5,10,59,21,21,1.00 
2015,06,19,12:45,258,59,7,892,16,7,11,4,5,3,59,16,17,1.07 
2015,06,19,12:45,292,59,4,892,16,6,10,5,6,1,59,14,17,0.82 
2015,06,16,19:00,59,270,4,802,7,16,4,11,3,5,59,14,17,0.97 
2015,06,16,19:00,270,59,2,802,16,2,13,2,3,0,59,7,18,0.36 
2015,06,15,21:30,1054,59,1,654,8,16,5,10,3,6,59,13,19,0.70 
2015,06,15,21:30,1054,59,7,654,16,14,13,2,3,12,59,16,23,0.67 
2015,06,15,21:30,1054,59,4,654,14,16,6,9,8,7,59,30,25,1.20 
2015,06,15,20:15,59,8,6,888,12,16,8,7,4,9,59,20,20,1.01 
2015,06,15,19:00,270,59,14,888,16,12,6,9,10,3,59,18,20,0.87 
2015,06,14,21:00,258,59,7,802,16,6,12,3,4,3,59,10,19,0.49 
2015,06,14,21:00,258,59,6,802,19,22,10,5,5,10,59,26,29,0.82 
2015,06,14,18:00,214,59,7,802,16,6,12,3,4,3,59,8,20,0.46 
2015,06,14,18:00,59,214,2,802,16,11,8,7,8,4,59,15,17,0.87 
2015,06,11,23:00,59,215,6,888,19,16,9,6,6,9,59,20,24,0.80 
2015,06,11,19:00,59,8,0,888,19,22,10,5,5,10,59,30,32,1.02 
2015,06,10,23:00,270,59,0,888,19,16,5,10,10,5,59,19,27,0.70 
2015,06,10,22:00,59,711,6,888,16,10,8,7,8,3,59,25,14,1.58 
2015,06,10,21:00,59,210,4,888,16,7,10,5,6,2,59,23,11,1.55 
2015,06,10,20:00,59,215,14,888,16,10,7,8,9,2,59,23,14,1.45 
2015,06,09,23:00,59,196,7,888,16,10,7,8,9,2,59,18,18,0.92 
2015,06,09,21:00,59,196,0,888,16,14,8,7,8,7,59,26,18,1.31 
2015,06,09,20:00,59,22,7,888,16,5,10,5,6,0,59,23,9,1.91 
2015,06,09,17:00,13,59,6,894,13,16,8,7,5,9,59,17,16,1.02 
2015,06,09,17:00,59,13,7,894,16,10,8,7,8,3,59,21,14,1.23 
2015,06,07,13:00,215,59,0,899,16,8,9,6,7,2,59,16,20,0.84 
2015,06,07,13:00,59,215,2,899,13,16,9,6,4,10,59,20,23,0.97 
2015,06,06,19:30,59,270,7,899,23,25,8,7,7,8,59,37,32,1.07 
2015,06,06,19:30,270,59,0,899,16,6,14,1,2,5,59,12,19,0.62 
2015,06,03,22:00,302,59,1,593,16,3,12,3,4,0,59,6,17,0.44 
2015,06,03,22:00,59,302,4,593,16,21,6,9,9,6,59,25,29,0.87 
2015,06,03,21:00,59,13,2,888,16,7,10,5,6,2,59,16,13,1.04 
2015,06,03,19:00,258,59,2,888,16,3,12,3,4,0,59,2,17,0.17 
2015,06,02,23:00,214,59,2,883,16,12,10,5,6,7,59,23,21,1.10 
2015,06,02,23:00,59,214,1,883,11,16,6,9,5,7,59,20,19,0.95 
2015,06,02,18:30,1052,59,7,654,13,16,10,5,3,11,59,12,19,0.71 
2015,06,02,18:30,59,1052,2,654,16,1,14,1,2,0,59,13,6,1.37 
2015,06,01,21:15,258,59,2,908,16,3,12,3,4,0,59,8,18,0.39 
2015,06,01,21:15,59,258,1,908,11,16,8,7,3,9,59,20,20,0.96 
2015,06,01,20:00,210,59,4,888,16,4,11,4,5,0,59,12,18,0.67 
2015,05,31,20:15,214,59,4,908,8,16,5,10,3,6,59,18,16,1.09 
2015,05,31,20:15,214,59,1,908,13,16,11,4,2,12,59,21,20,1.02 
2015,05,31,15:00,59,1045,6,910,7,16,6,9,1,7,59,12,21,0.53 
2015,05,31,15:00,59,1045,0,910,12,16,9,6,3,10,59,19,21,0.87 
2015,05,31,15:00,59,1045,1,910,21,17,10,5,5,10,59,24,27,0.87 
2015,05,31,15:00,1045,59,7,910,16,12,5,10,11,2,59,16,23,0.79 
2015,05,31,15:00,1045,59,4,910,13,16,9,6,4,10,59,29,17,1.43 
2015,05,31,11:00,995,59,4,910,12,16,8,7,4,9,59,21,17,1.07 
2015,05,31,11:00,995,59,2,910,11,16,7,8,4,8,59,17,18,0.86 
2015,05,31,11:00,995,59,7,910,16,5,13,2,3,3,59,14,18,0.84 
2015,05,28,21:00,59,840,2,909,16,1,14,1,2,0,59,17,8,1.44 
2015,05,28,21:00,59,840,7,909,16,8,11,4,5,4,59,17,13,1.16 
2015,05,28,21:00,840,59,0,909,16,8,8,7,8,1,59,9,20,0.47 
2015,05,27,22:30,711,59,0,894,12,16,8,7,4,9,59,24,16,1.38 
2015,05,27,22:30,711,59,1,894,16,10,11,4,5,6,59,15,19,0.88 
2015,05,27,22:30,59,711,7,894,16,7,9,6,7,1,59,16,13,1.04 
2015,05,27,20:00,214,59,1,888,9,16,6,9,3,7,59,24,17,1.25 
2015,05,26,22:15,517,59,4,883,10,16,8,7,2,9,59,33,15,1.78 
2015,05,26,22:15,59,517,7,883,16,5,11,4,5,1,59,17,9,1.39 
2015,05,26,19:00,59,292,7,654,16,3,12,3,4,0,59,19,11,1.44 
2015,05,26,19:00,59,292,2,654,16,3,12,3,4,0,59,26,5,2.08 
2015,05,26,19:00,292,59,0,654,16,8,12,3,4,5,59,7,18,0.50 
2015,05,25,22:00,59,379,4,908,16,5,11,4,5,1,59,25,11,1.71 
2015,05,25,22:00,59,379,7,908,16,2,13,2,3,0,59,11,7,1.17 
2015,05,25,19:00,215,59,0,909,16,11,9,6,7,5,59,23,19,1.16 
2015,05,25,19:00,59,215,2,909,11,16,8,7,3,9,59,13,21,0.65 
2015,05,23,22:00,59,250,1,888,19,16,5,10,10,5,59,16,22,0.75 
2015,05,22,21:30,59,1062,2,909,16,13,9,6,7,7,59,21,17,1.08 
2015,05,22,21:30,59,1062,14,909,16,13,9,6,7,7,59,18,17,1.00 
2015,05,21,22:10,196,59,6,894,10,16,5,10,5,6,59,11,21,0.56 
2015,05,21,22:10,196,59,7,894,6,16,2,13,4,3,59,15,14,0.95 
2015,05,21,19:00,250,59,7,888,13,16,10,5,3,11,59,20,17,1.05 
2015,05,20,14:00,1082,59,7,570,2,16,2,13,0,3,59,17,10,1.38 
2015,05,20,14:00,59,1082,1,570,16,10,6,9,10,1,59,25,10,1.66 
2015,05,19,22:50,59,8,1,909,16,8,9,6,7,2,59,20,14,1.23 
2015,05,19,22:50,8,59,2,909,9,16,8,7,1,9,59,25,16,1.52 
2015,05,19,22:50,8,59,4,909,19,16,6,9,9,6,59,27,25,1.17 
2015,05,19,21:30,22,59,2,888,16,13,10,5,6,8,59,17,19,0.83 
2015,05,18,21:20,59,13,14,888,16,11,5,10,11,1,59,25,18,1.28 
2015,05,17,22:15,945,59,4,883,4,16,3,12,1,4,59,21,8,1.69 
2015,05,17,22:15,59,945,7,883,1,16,1,14,0,2,59,10,17,0.56 
2015,05,17,20:00,59,676,4,883,16,9,12,3,4,6,59,20,15,1.16 
2015,05,17,20:00,676,59,7,883,17,19,6,9,9,6,59,21,27,0.75 
2015,05,14,23:00,59,292,7,883,19,17,9,6,6,9,59,31,25,1.26 
2015,05,14,23:00,292,59,4,883,16,13,5,10,11,3,59,21,22,1.04 
2015,05,14,18:00,22,59,2,654,16,14,11,4,5,10,59,26,23,1.28 
2015,05,14,18:00,59,22,14,654,12,16,10,5,2,11,59,13,19,0.69 
2015,05,13,22:15,59,711,7,883,16,19,7,8,8,7,59,20,28,0.72 
2015,05,13,22:15,711,59,2,883,13,16,9,6,4,10,59,25,20,1.31 
2015,05,13,19:00,711,59,6,888,16,14,10,5,6,9,59,15,20,0.86 
2015,05,10,14:00,210,59,1,926,16,6,10,5,6,1,59,11,16,0.71 
2015,05,10,14:00,210,59,4,926,16,2,15,0,1,2,59,10,16,0.65 
2015,05,10,14:00,59,210,6,926,19,16,5,10,10,5,59,16,28,0.60 
2015,05,10,00:45,59,711,2,926,16,10,8,7,8,3,59,25,12,1.43 
2015,05,09,22:30,59,647,7,926,16,14,8,7,8,7,59,13,22,0.66 
2015,05,09,19:30,711,59,6,926,16,3,12,3,4,0,59,11,18,0.68 
2015,05,07,23:45,59,8,0,883,4,16,4,11,0,5,59,16,15,1.08 
2015,05,07,22:30,214,59,1,888,16,12,5,10,11,2,59,12,18,0.71 
2015,05,07,17:00,1045,59,0,654,11,16,9,6,2,10,59,16,15,0.97 
2015,05,07,17:00,59,1045,6,654,16,5,10,5,6,0,59,25,10,1.89 
2015,05,06,21:00,711,59,1,909,14,16,2,13,12,3,59,20,19,1.06 
2015,05,06,21:00,711,59,2,909,19,16,13,2,2,13,59,19,24,0.78 
2015,05,06,21:00,711,59,7,909,14,16,7,8,7,8,59,25,19,1.13 
2015,05,06,19:00,59,215,1,593,13,16,9,6,4,10,59,9,23,0.47 
2015,05,06,18:00,215,59,4,593,16,6,10,5,6,1,59,20,17,1.13 
2015,05,05,22:00,13,59,4,593,14,16,4,11,10,5,59,20,19,0.93 
2015,05,05,21:00,13,59,5,593,13,16,10,5,3,11,59,21,18,1.09 
2015,05,04,22:15,59,258,4,888,14,16,7,8,7,8,59,17,23,0.76 
2015,05,04,20:10,59,1045,7,883,16,11,8,7,8,4,59,24,18,1.30 
2015,05,04,20:10,1045,59,0,883,19,17,11,4,4,11,59,17,24,0.78 
2015,04,22,18:00,287,59,0,937,8,16,7,8,1,8,59,23,11,1.56 
2015,04,22,18:00,59,287,1,937,16,9,8,7,8,2,59,16,10,1.21 
2015,04,22,18:00,287,59,6,937,11,16,5,10,6,6,59,23,16,1.28 
2015,04,20,21:00,383,59,1,937,8,16,4,11,4,5,59,15,15,0.92 
2015,04,20,21:00,383,59,6,937,4,16,3,12,1,4,59,19,12,1.41 
2015,04,20,21:00,383,59,7,937,16,3,13,2,3,1,59,11,19,0.58 
2015,04,19,22:15,59,13,4,938,10,16,8,7,2,9,59,13,20,0.70 
2015,04,19,22:15,59,13,14,938,7,16,7,8,0,8,59,13,19,0.71 
2015,04,19,18:35,59,1069,6,938,16,5,11,4,5,1,59,21,12,1.49 
2015,04,19,18:35,1069,59,1,938,11,16,5,10,6,6,59,21,21,1.11 
2015,04,19,18:35,1069,59,7,938,16,14,12,3,4,11,59,24,22,1.12 
2015,04,19,15:45,59,13,6,938,13,16,8,7,5,9,59,20,22,0.99 
2015,04,19,15:45,59,13,0,938,9,16,7,8,2,8,59,19,17,1.20 
2015,04,18,17:00,1102,59,1,938,7,16,6,9,1,7,59,20,11,1.35 
2015,04,18,17:00,59,1102,7,938,16,3,14,1,2,2,59,18,11,1.29 
2015,04,17,15:00,59,844,7,938,16,11,12,3,4,8,59,23,18,1.28 
2015,04,17,14:00,59,487,7,938,16,3,13,2,3,1,59,17,8,1.56 
2015,04,15,18:30,59,384,6,593,16,12,8,7,8,5,59,16,20,0.81 
2015,04,15,17:00,59,384,4,593,19,21,6,9,9,6,59,30,25,1.12 
2015,03,12,19:35,59,404,6,954,12,16,10,5,2,11,59,19,19,0.91 
2015,03,12,17:50,59,291,5,954,14,16,13,2,1,14,59,12,24,0.57 
2015,02,10,18:00,59,258,6,960,4,16,4,11,0,5,59,7,14,0.54 
2015,01,31,18:00,196,59,1,962,9,16,5,10,4,6,59,23,16,1.39 
2015,01,31,18:00,59,196,0,962,16,13,11,4,5,9,59,24,17,1.16 
2015,01,31,14:00,59,250,6,962,10,16,8,7,2,9,59,17,19,0.88 
2015,01,31,14:00,250,59,1,962,16,8,10,5,6,3,59,18,18,1.10 
2015,01,30,20:30,59,8,6,962,16,10,9,6,7,4,59,16,17,0.98 
2015,01,30,18:50,59,888,0,962,16,10,10,5,6,5,59,10,19,0.61 
2015,01,30,16:00,59,196,6,962,13,16,8,7,5,9,59,19,22,0.90 
2015,01,21,21:45,196,59,7,964,13,16,9,6,4,10,59,19,18,1.00 
2015,01,21,21:45,196,59,6,964,16,8,8,7,8,1,59,14,19,0.83 
2015,01,21,21:45,59,196,0,964,22,20,9,6,6,9,59,37,27,1.30 
2015,01,21,18:00,59,8,0,964,16,8,11,4,5,4,59,20,14,1.25 
2015,01,21,18:00,59,8,6,964,9,16,8,7,1,9,59,15,19,0.84 
2015,01,21,18:00,59,8,1,964,16,12,13,2,3,10,59,19,18,1.04 
2015,01,11,19:00,59,301,7,967,12,16,4,11,8,5,59,10,22,0.51 
2015,01,11,19:00,301,59,1,967,16,7,14,1,2,6,59,11,18,0.60 
2015,01,11,19:00,301,59,5,967,16,10,8,7,8,3,59,21,20,1.06 
2015,01,08,21:00,59,1149,0,967,16,11,12,3,4,8,59,20,15,1.15 
2015,01,08,21:00,59,1149,6,967,6,16,4,11,2,5,59,12,16,0.73 
2015,01,08,21:00,59,1149,4,967,16,9,12,3,4,6,59,17,13,1.15 
2015,01,08,21:00,59,1149,5,967,16,10,10,5,6,5,59,20,13,1.27 
2015,01,08,21:00,59,1149,7,967,11,16,9,6,2,10,59,13,23,0.54 
2014,12,18,21:00,59,53,5,967,16,11,11,4,5,7,59,16,18,0.90 
2014,12,18,21:00,59,53,7,967,5,16,2,13,3,3,59,12,18,0.79 
2014,12,18,21:00,59,53,6,967,16,8,11,4,5,4,59,20,14,1.28 
2014,11,28,11:00,250,59,6,983,16,6,10,5,6,1,59,12,20,0.61 
2014,11,28,11:00,59,250,1,983,5,16,2,13,3,3,59,7,18,0.45 
2014,11,27,14:40,210,59,0,983,14,16,11,4,3,12,59,27,19,1.28 
2014,11,27,13:35,257,59,6,983,5,16,2,13,3,3,59,17,14,1.10 
2014,11,04,20:40,936,87,7,993,16,9,14,1,2,8,87,16,19,0.87 
2014,11,04,20:40,936,87,4,993,16,6,11,4,5,2,87,14,18,0.76 
2014,11,01,12:00,210,59,6,998,16,10,12,3,4,7,59,11,20,0.68 
2014,11,01,12:00,59,210,5,998,11,16,8,7,3,9,59,25,17,1.28 
2014,10,31,16:30,59,1146,0,998,16,5,13,2,3,3,59,14,11,1.11 
2014,10,31,14:30,250,59,4,998,10,16,9,6,1,10,59,20,16,1.18 
2014,10,31,13:05,711,59,0,998,6,16,6,9,0,7,59,18,14,1.11 
2014,10,31,11:50,59,384,1,998,7,16,7,8,0,8,59,10,16,0.64 
2014,10,31,09:45,59,509,1,998,16,12,6,9,10,3,59,23,20,1.13 
2014,10,27,19:00,59,384,1,996,12,16,4,11,8,5,59,17,21,0.84 
2014,10,27,19:00,59,384,6,996,9,16,6,9,3,7,59,12,18,0.65 
2014,10,27,19:00,384,59,7,996,14,16,10,5,4,11,59,15,12,1.08 
2014,10,22,22:55,59,854,0,1002,16,10,7,8,9,2,59,23,13,1.33 
2014,10,22,22:55,854,59,4,1002,11,16,5,10,6,6,59,28,16,1.37 
2014,10,22,19:00,59,49,7,1002,16,14,10,5,6,9,59,23,21,1.12 
2014,10,22,19:00,59,49,1,1002,16,14,8,7,8,7,59,16,21,0.79 
2014,10,21,22:30,196,59,7,1002,16,12,10,5,6,7,59,12,21,0.56 
2014,10,21,22:30,59,196,1,1002,17,21,8,7,7,8,59,30,27,1.10 
2014,10,21,20:20,1170,59,0,1002,6,16,3,12,3,4,59,20,15,1.26 
2014,10,21,20:20,1170,59,4,1002,13,16,8,7,5,9,59,16,20,0.81 
2014,10,16,20:00,8,59,6,996,16,9,10,5,6,4,59,17,19,0.83 
2014,10,16,20:00,8,59,4,996,22,20,14,1,1,14,59,34,32,1.06 
2014,10,16,20:00,8,59,7,996,2,16,2,13,0,3,59,11,9,0.93 
2014,10,15,22:00,87,943,1,993,11,16,6,9,5,7,87,17,19,0.89 
2014,10,15,21:15,87,953,0,993,16,4,12,3,4,1,87,15,5,1.35 
2014,10,09,21:00,22,59,0,1011,16,5,12,3,4,2,59,15,18,0.87 
2014,10,09,18:00,210,59,7,996,16,9,8,7,8,2,59,10,19,0.58 
2014,10,09,18:00,59,210,0,996,9,16,8,7,1,9,59,21,20,1.17 
2014,10,08,21:00,250,59,0,1011,12,16,5,10,7,6,59,15,20,0.87 
2014,10,08,19:00,52,59,7,996,14,16,11,4,3,12,59,15,21,0.72 
2014,10,07,23:20,59,711,7,1011,16,1,14,1,2,0,59,16,5,1.74 
2014,10,07,22:20,87,74,0,993,12,16,11,4,1,12,87,22,20,1.08 
2014,10,05,14:15,215,59,4,1017,16,13,9,6,7,7,59,16,19,0.80 
2014,10,05,14:15,59,215,1,1017,16,6,11,4,5,2,59,19,12,1.36 
2014,10,05,14:15,59,215,7,1017,16,6,11,4,5,2,59,16,15,1.00 
2014,10,05,14:15,215,59,0,1017,16,1,14,1,2,0,59,8,16,0.51 
2014,10,05,08:30,8,59,4,1017,9,16,3,12,6,4,59,25,15,1.32 
2014,10,05,08:30,8,59,6,1017,16,8,12,3,4,5,59,17,18,0.95 
2014,10,05,08:30,8,59,0,1017,19,22,10,5,5,10,59,35,31,1.14 
2014,10,04,12:00,215,59,6,1017,16,12,9,6,7,6,59,16,22,0.78 
2014,10,04,12:00,59,215,0,1017,14,16,9,6,5,10,59,23,19,1.11 
2014,10,03,08:20,59,854,6,1017,16,11,8,7,8,4,59,21,19,1.11 
2014,10,03,08:20,59,854,0,1017,16,7,11,4,5,3,59,22,11,1.40 
2014,10,03,08:20,854,59,4,1017,16,8,14,1,2,7,59,10,20,0.51 
2014,10,01,23:30,59,52,0,1011,16,6,9,6,7,0,59,19,14,1.20 
2014,10,01,23:30,301,59,4,1011,21,18,11,4,4,11,59,31,28,1.19 
2014,10,01,21:50,59,52,6,1011,29,31,10,5,5,10,59,35,41,0.87 
2014,09,29,18:00,711,59,0,1021,16,11,6,9,10,2,59,14,23,0.66 
2014,09,28,16:00,8,59,6,1011,16,2,13,2,3,0,59,4,18,0.22 
2014,09,26,16:00,297,59,0,1021,6,16,5,10,1,6,59,19,11,1.34 
2014,09,26,15:00,59,52,1,1021,15,15,4,11,11,4,59,21,23,0.93 
2014,09,26,14:00,59,1199,1,1021,16,3,13,2,3,1,59,17,13,1.34 
2014,09,24,21:30,210,59,1,1025,12,16,3,12,9,4,59,18,18,0.95 
2014,09,24,21:30,210,59,0,1025,16,13,12,3,4,10,59,21,22,0.98 
2014,09,24,18:00,59,945,0,1025,13,16,9,6,4,10,59,14,21,0.69 
2014,09,24,18:00,59,945,1,1025,16,11,8,7,8,4,59,23,18,1.18 
2014,09,23,21:00,1204,59,0,1021,13,16,7,8,6,8,59,16,19,0.88 
2014,09,23,20:00,59,250,4,1021,11,16,6,9,5,7,59,22,24,0.94 
2014,09,22,19:20,301,59,1,1021,16,13,8,7,8,6,59,11,24,0.52 
2014,09,22,18:00,59,215,0,1026,10,16,8,7,2,9,59,19,19,1.05 
2014,09,19,18:00,59,854,6,1021,16,10,8,7,8,3,59,20,16,1.22 
2014,09,18,23:00,210,59,7,1011,16,8,14,1,2,7,59,22,19,1.40 
2014,09,18,20:00,59,1149,0,1026,16,12,8,7,8,5,59,19,16,1.14 
2014,09,17,23:40,59,711,7,1011,10,16,8,7,2,9,59,16,19,0.78 
2014,09,16,21:15,59,500,0,1026,22,19,9,6,6,9,59,22,28,0.81 
2014,09,16,18:00,1106,59,5,1026,10,16,7,8,3,8,59,23,15,1.29 
2014,09,14,20:00,957,87,1,993,9,16,7,8,2,8,87,17,19,0.90 
2014,09,10,23:00,22,59,5,1011,31,28,10,5,5,10,59,40,45,0.95 
2014,09,10,19:00,59,250,4,1011,2,16,2,13,0,3,59,13,16,0.92 
2014,09,04,21:00,71,87,0,993,7,16,4,11,3,5,87,25,9,1.91 
2014,09,04,20:00,59,301,6,1011,11,16,3,12,8,4,59,23,20,1.22 
2014,09,03,22:35,8,59,0,1011,16,3,12,3,4,0,59,10,17,0.65 
2014,08,31,14:30,215,59,0,1034,16,8,10,5,6,3,59,16,16,1.02 
2014,08,31,14:30,59,215,6,1034,11,16,10,5,1,11,59,14,19,0.74 
2014,08,31,14:30,215,59,1,1034,5,16,4,11,1,5,59,17,15,1.27 
2014,08,31,11:00,59,854,6,1034,16,8,10,5,6,3,59,26,13,1.91 
2014,08,31,11:00,59,854,1,1034,16,8,9,6,7,2,59,22,16,1.26 
2014,08,30,14:30,215,59,6,1034,16,14,11,4,5,10,59,21,25,0.81 
2014,08,30,14:30,215,59,1,1034,16,6,10,5,6,1,59,12,20,0.56 
2014,08,29,20:00,72,87,1,1035,3,16,1,14,2,2,87,19,12,1.33 
2014,08,29,20:00,87,72,0,1035,16,4,11,4,5,0,87,20,12,1.42 
2014,08,27,21:00,250,59,1,1037,16,6,10,5,6,1,59,9,19,0.48 
2014,08,27,21:00,250,59,6,1037,13,16,9,6,4,10,59,16,23,0.77 
2014,08,27,21:00,250,59,5,1037,16,4,11,4,5,0,59,11,19,0.56 
2014,08,27,18:00,8,59,6,1037,7,16,5,10,2,6,59,19,16,1.12 
2014,08,27,18:00,8,59,5,1037,9,16,6,9,3,7,59,21,16,1.30 
2014,08,27,18:00,59,8,4,1037,9,16,7,8,2,8,59,17,20,0.87 
2014,08,26,22:30,214,59,6,1039,9,16,6,9,3,7,59,18,15,1.15 
2014,08,26,22:30,59,214,0,1039,16,9,9,6,7,3,59,15,17,0.92 
2014,08,25,21:20,59,925,5,1039,16,10,9,6,7,4,59,17,18,1.04 
2014,08,15,10:50,250,59,4,1043,16,11,10,5,6,6,59,17,19,0.92 
2014,08,14,10:30,59,1217,0,1043,16,4,11,4,5,0,59,19,10,1.32 
2014,08,14,09:20,52,59,6,1043,16,1,14,1,2,0,59,4,17,0.20 
2014,08,07,20:20,59,215,0,1044,15,15,7,8,8,7,59,18,24,0.74 
2014,08,06,21:00,314,59,6,1044,7,16,5,10,2,6,59,20,16,1.13 
2014,08,06,18:00,59,1218,5,1044,16,2,13,2,3,0,59,13,8,1.15 
2014,07,30,20:35,215,250,7,1049,11,16,10,5,1,11,215,4,7,0.86 
2014,07,23,18:00,52,59,0,1051,16,7,10,5,6,2,59,11,21,0.52 
2014,07,23,18:00,59,52,6,1051,16,14,12,3,4,11,59,32,21,1.66 
2014,07,23,18:00,59,52,1,1051,13,16,5,10,8,6,59,16,22,0.76 
2014,07,19,22:45,287,59,5,1052,14,16,9,6,5,10,59,28,22,1.21 
2014,07,19,22:45,287,59,6,1052,11,16,10,5,1,11,59,23,16,1.19 
2014,07,19,22:45,59,287,1,1052,12,16,8,7,4,9,59,16,22,0.78 
2014,07,19,15:00,59,52,1,1052,0,16,0,15,0,1,59,6,16,0.39 
2014,07,19,15:00,52,59,6,1052,16,11,9,6,7,5,59,18,21,0.80 
2014,07,19,15:00,59,52,0,1052,16,9,11,4,5,5,59,20,17,1.09 
2014,07,19,11:30,59,1201,1,1052,16,6,11,4,5,2,59,11,15,0.70 
2014,07,19,11:30,59,1201,0,1052,13,16,11,4,2,12,59,17,23,0.74 
2014,07,19,11:30,1201,59,6,1052,14,16,8,7,6,9,59,19,20,0.99 
2014,07,18,14:00,500,59,5,1052,14,16,9,6,5,10,59,20,21,0.86 
2014,07,18,11:10,59,1230,6,1052,16,2,13,2,3,0,59,26,0,2.47 
2014,07,15,22:10,210,59,0,1044,15,15,5,10,10,5,59,21,21,0.96 
2014,07,15,20:00,711,59,6,1044,12,16,9,6,3,10,59,21,19,1.08 
2014,07,15,18:00,59,841,0,1044,16,3,12,3,4,0,59,22,10,1.75 
2014,07,14,19:00,59,52,0,1044,16,7,9,6,7,1,59,12,14,0.93 
2014,07,14,19:00,301,59,6,1044,9,16,7,8,2,8,59,22,14,1.23 
2014,07,13,20:00,1219,59,0,1044,8,16,7,8,1,8,59,20,15,1.27 
2014,07,08,19:00,59,8,6,1044,11,16,7,8,4,8,59,14,21,0.70 
2014,07,07,22:25,59,944,5,1044,16,12,13,2,3,10,59,26,14,1.41 
2014,07,07,21:20,59,722,1,1044,16,8,9,6,7,2,59,20,15,1.20 
2014,07,07,19:00,743,59,6,1044,13,16,8,7,5,9,59,30,21,1.35 
2014,06,16,18:00,250,59,1,1061,16,13,11,4,5,9,59,22,20,1.15 
2014,06,16,18:00,250,59,6,1061,11,16,4,11,7,5,59,20,20,1.00 
2014,06,16,18:00,250,59,5,1061,16,9,9,6,7,3,59,18,19,0.96 
2014,06,16,12:00,302,59,5,1061,11,16,6,9,5,7,59,13,18,0.81 
2014,06,16,12:00,59,302,6,1061,16,8,14,1,2,7,59,23,12,1.62 
2014,06,15,16:00,59,711,0,1061,16,6,12,3,4,3,59,11,17,0.71 
2014,06,15,15:00,314,59,6,1061,5,16,5,10,0,6,59,18,9,1.42 
2014,04,27,21:30,8,59,0,1073,16,7,12,3,4,4,59,14,18,0.86 
2014,04,27,18:00,215,59,6,1073,11,16,9,6,2,10,59,18,20,0.88 
2014,04,26,22:15,314,59,6,1073,16,8,11,4,5,4,59,8,19,0.47 
2014,04,26,20:20,59,8,6,1073,11,16,9,6,2,10,59,14,21,0.79 
2014,04,26,18:00,59,314,0,1073,16,11,13,2,3,9,59,30,17,1.47 
2014,04,13,17:00,1276,844,1,1078,13,16,4,11,9,5,1276,16,23,0.71 
2014,04,13,13:30,1275,1276,6,1078,19,17,2,13,13,2,1276,31,29,1.10 
2014,04,13,13:30,1275,1276,5,1078,19,17,6,9,9,6,1276,27,27,1.04 
2014,04,12,08:30,1276,1279,1,1078,16,8,10,5,6,3,1276,22,14,1.37 
2014,04,12,08:30,1279,1276,0,1078,15,19,10,5,5,10,1276,34,21,1.54 
2014,04,10,22:00,59,1244,6,1077,16,5,11,4,5,1,59,14,10,1.15 
2014,04,10,21:00,711,59,1,1077,16,10,11,4,5,6,59,23,22,1.15 
2014,04,10,20:15,59,301,5,1077,9,16,3,12,6,4,59,17,20,0.82 
2014,04,10,17:00,214,59,1,1077,14,16,11,4,3,12,59,23,18,1.24 
2014,04,09,18:00,250,59,6,1077,16,14,3,12,13,2,59,28,21,1.24 
2014,04,08,21:00,59,287,6,1077,15,15,3,12,12,3,59,25,21,1.13 
2014,04,07,21:00,59,1273,6,1077,16,12,11,4,5,8,59,16,17,0.88 
2014,04,04,17:00,210,59,6,1077,16,13,11,4,5,9,59,26,21,1.25 
2014,04,03,19:00,59,1280,5,1077,16,10,11,4,5,6,59,23,16,1.25 
2014,04,03,18:00,59,1069,0,1077,16,4,12,3,4,1,59,22,10,1.65 
2014,03,31,18:00,215,59,0,1077,12,16,10,5,2,11,59,20,16,1.03 
2014,03,28,22:30,301,59,6,1080,19,17,10,5,5,10,59,18,23,0.78 
2014,03,27,19:30,1244,59,6,1080,8,16,6,9,2,7,59,23,14,1.53 
2014,03,26,18:00,59,284,6,1077,16,6,10,5,6,1,59,15,9,1.32 
2014,03,25,20:20,59,49,1,1077,16,4,11,4,5,0,59,16,12,1.17 
2014,03,25,17:00,59,1274,6,1077,16,2,13,2,3,0,59,19,5,1.89 
2014,03,23,22:55,250,59,6,1080,12,16,6,9,6,7,59,24,19,1.19 
2014,03,21,18:30,59,132,6,1080,16,13,8,7,8,6,59,15,20,0.73 
2014,03,19,20:00,210,59,6,1079,19,16,10,5,5,10,59,26,26,1.08 
2014,03,19,20:00,59,210,1,1079,8,16,5,10,3,6,59,3,21,0.21 
2014,03,14,13:00,22,59,0,1082,16,11,6,9,10,2,59,15,24,0.58 
2014,03,14,13:00,22,59,1,1082,16,7,10,5,6,2,59,10,17,0.65 
2014,03,13,18:00,711,59,6,1082,14,16,8,7,6,9,59,13,20,0.71 
2014,03,13,17:00,214,59,1,1082,9,16,5,10,4,6,59,26,15,1.40 
2014,03,13,14:00,8,59,0,1082,19,16,10,5,5,10,59,19,23,0.80 
2014,03,10,23:15,59,8,0,1080,8,16,8,7,0,9,59,18,19,1.04 
2014,03,10,22:15,1264,59,6,1080,10,16,6,9,4,7,59,21,14,1.27 
2014,03,10,19:15,8,59,0,1080,16,2,13,2,3,0,59,8,17,0.43 
2014,03,08,21:00,1244,59,6,1083,16,8,11,4,5,4,59,16,21,0.95 
2014,03,08,21:00,1244,59,5,1083,16,3,12,3,4,0,59,13,18,0.83 
2014,03,07,19:00,250,59,6,1083,13,16,10,5,3,11,59,27,19,1.36 
2014,03,07,19:00,250,59,5,1083,16,11,12,3,4,8,59,17,24,0.70 
2014,03,07,19:00,250,59,1,1083,9,16,4,11,5,5,59,20,17,1.09 
2014,03,06,21:00,1244,59,5,1083,15,15,7,8,8,7,59,19,24,0.83 
2014,03,06,20:00,284,59,5,1083,12,16,10,5,2,11,59,33,18,1.81 
2014,03,06,19:00,59,1001,5,1083,10,16,4,11,6,5,59,20,21,1.02 
2014,03,02,21:00,8,59,6,1077,16,4,14,1,2,3,59,14,17,0.91 
2014,02,28,22:00,59,210,0,1084,12,16,9,6,3,10,59,23,20,1.17 
2014,02,28,22:00,210,59,5,1084,10,16,8,7,2,9,59,22,17,1.12 
2014,02,28,22:00,59,210,6,1084,10,16,8,7,2,9,59,21,19,1.07 
2014,02,19,21:30,1106,59,5,1079,14,16,7,8,7,8,59,29,21,1.32 
2014,02,19,21:30,1106,59,6,1079,14,16,9,6,5,10,59,17,20,0.90 
2014,02,18,21:00,214,59,1,1079,16,5,13,2,3,3,59,14,17,0.84 
2014,02,18,21:00,214,59,5,1079,16,6,14,1,2,5,59,17,18,0.87 
2014,02,18,21:00,59,214,6,1079,16,3,12,3,4,0,59,13,10,1.02 
2013,12,21,14:35,1311,215,6,1096,11,16,8,7,3,9,1311,21,21,0.98 
2013,12,21,14:35,1311,215,1,1096,13,16,6,9,7,7,1311,13,24,0.66 
2013,12,21,14:35,215,1311,5,1096,17,21,8,7,7,8,1311,28,28,1.04 
2013,12,20,14:15,284,1311,0,1096,16,11,12,3,4,8,1311,17,20,0.91 
2013,12,20,14:15,284,1311,5,1096,16,6,13,2,3,4,1311,13,16,0.80 
2013,12,12,18:15,1311,1045,1,1103,8,16,3,12,5,4,1311,15,20,0.74 
2013,12,12,18:15,1311,1045,6,1103,9,16,9,6,0,10,1311,19,22,0.96 
2013,12,12,18:15,1045,1311,0,1103,14,16,11,4,3,12,1311,22,24,0.99 
2013,12,11,20:30,1311,287,6,1103,16,13,12,3,4,10,1311,14,19,0.82 
2013,12,11,18:15,1311,210,6,1103,16,1,14,1,2,0,1311,15,7,1.49 
2013,12,09,21:15,1311,1323,6,1104,16,4,11,4,5,0,1311,10,13,0.73 
2013,12,09,18:15,215,1311,6,1104,11,16,6,9,5,7,1311,24,16,1.23 
2013,12,05,22:00,1069,1311,5,1104,13,16,8,7,5,9,1311,17,23,0.76 
2013,12,05,19:00,1305,1311,6,1104,9,16,5,10,4,6,1311,14,15,0.86 
2013,11,29,20:00,1311,116,6,1105,12,16,6,9,6,7,1311,24,18,1.42 
2013,11,29,20:00,116,1311,1,1105,16,7,9,6,7,1,1311,11,21,0.55 
2013,11,29,20:00,116,1311,5,1105,9,16,6,9,3,7,1311,13,19,0.70 
2013,11,29,17:51,314,1311,5,1105,13,16,11,4,2,12,1311,12,16,0.81 
2013,11,29,17:00,384,1311,5,1105,16,7,12,3,4,4,1311,18,19,0.97 
2013,11,29,15:15,1311,314,6,1105,16,11,9,6,7,5,1311,19,17,1.21 
2013,11,26,21:00,275,1311,6,1104,15,15,5,10,10,5,1311,7,21,0.46 
2013,11,22,21:00,722,1311,6,1104,11,16,6,9,5,7,1311,17,17,0.91 
2013,11,22,19:00,1311,1322,1,1104,14,16,4,11,10,5,1311,22,23,0.96 
2013,11,21,22:00,1311,1106,6,1104,16,8,9,6,7,2,1311,21,15,1.28 
2013,11,21,20:30,1311,287,7,1104,16,3,12,3,4,0,1311,20,10,1.51 
2013,11,20,22:15,938,87,11,1098,16,5,11,4,5,1,87,10,18,0.54 
2013,11,20,21:00,132,1311,6,1104,6,16,4,11,2,5,1311,18,15,1.08 
2013,11,17,07:30,1311,1322,5,1107,16,3,12,3,4,0,1311,18,9,1.37 
2013,11,17,07:30,1311,1322,6,1107,16,5,10,5,6,0,1311,23,15,1.42 
2013,11,17,07:30,1322,1311,7,1107,16,11,7,8,9,3,1311,10,21,0.53 
2013,11,16,17:25,215,1311,6,1107,9,16,7,8,2,8,1311,16,17,0.96 
2013,11,16,17:25,1311,215,1,1107,19,16,10,5,5,10,1311,29,22,1.19 
2013,11,16,17:25,1311,215,0,1107,10,16,3,12,7,4,1311,18,19,0.94 
2013,11,16,12:30,1106,1311,5,1107,11,16,7,8,4,8,1311,19,18,1.01 
2013,11,16,12:30,1311,1106,6,1107,16,7,13,2,3,5,1311,24,15,1.53 
2013,11,16,08:00,1311,215,6,1107,23,25,10,5,5,10,1311,38,34,1.25 
2013,11,16,08:00,1311,215,0,1107,16,4,11,4,5,0,1311,17,7,1.41 
2013,11,16,07:59,1311,215,1,1107,12,16,10,5,2,11,1311,20,22,0.85 
2013,11,14,21:00,1311,214,1,1104,16,8,11,4,5,4,1311,22,14,1.32 
2013,11,13,23:00,214,1311,0,1108,4,16,4,11,0,5,1311,15,13,1.09 
2013,11,13,23:00,1311,214,1,1108,9,16,3,12,6,4,1311,11,21,0.49 
2013,11,13,23:00,214,1311,7,1108,12,16,7,8,5,8,1311,24,22,1.10 
2013,11,12,21:00,1311,1244,6,1104,16,3,12,3,4,0,1311,16,11,1.18 
2013,11,12,20:00,1311,1045,1,1104,16,4,11,4,5,0,1311,17,8,1.43 
2013,11,10,19:00,49,1311,6,1104,7,16,6,9,1,7,1311,15,15,0.93 
2013,11,08,19:00,844,1311,7,1104,6,16,5,10,1,6,1311,21,12,1.54 
2013,11,02,16:00,250,1311,6,1110,9,16,7,8,2,8,1311,17,16,0.98 
2013,11,02,16:00,250,1311,1,1110,13,16,9,6,4,10,1311,12,19,0.65 
2013,11,02,13:00,1244,1311,1,1110,16,7,9,6,7,1,1311,13,16,0.87 
2013,11,02,13:00,1244,1311,5,1110,14,16,11,4,3,12,1311,20,20,0.98 
2013,11,02,13:00,1244,1311,6,1110,16,12,11,4,5,8,1311,15,21,0.88 
2013,11,02,09:30,1311,384,1,1110,16,13,10,5,6,8,1311,20,17,0.97 
2013,11,02,09:30,384,1311,6,1110,5,16,4,11,1,5,1311,15,13,1.05 
2013,11,01,11:30,49,1311,6,1110,8,16,5,10,3,6,1311,18,13,1.15 
2013,11,01,10:30,1311,1339,6,1110,16,5,10,5,6,0,1311,13,10,1.11 
2013,10,31,17:45,1311,210,1,1110,12,16,10,5,2,11,1311,12,22,0.57 
2013,10,13,15:00,1311,1317,11,1115,9,16,8,7,1,9,1311,20,18,1.04 
2013,10,13,15:00,1317,1311,10,1115,16,12,8,7,8,5,1311,26,19,1.29 
2013,10,12,21:00,250,1311,9,1115,20,22,4,11,11,4,1311,23,28,0.84 
2013,10,12,21:00,250,1311,7,1115,12,16,6,9,6,7,1311,19,20,0.91 
2013,10,12,21:00,1311,250,11,1115,7,16,5,10,2,6,1311,8,20,0.42 
2013,10,12,10:00,1317,1311,13,1115,16,2,14,1,2,1,1311,15,17,0.93 
2013,10,12,10:00,1311,1317,11,1115,13,16,11,4,2,12,1311,21,20,1.14 
2013,10,12,10:00,1317,1311,10,1115,12,16,4,11,8,5,1311,18,18,1.10 
2013,10,10,13:40,1311,210,7,1115,16,14,5,10,11,4,1311,22,22,0.97 
2013,10,10,13:40,210,1311,10,1115,10,16,6,9,4,7,1311,22,15,1.25 
2013,10,10,13:40,210,1311,9,1115,16,9,9,6,7,3,1311,11,21,0.54 
2013,10,08,22:00,1345,1311,7,1116,16,8,7,8,9,0,1311,18,21,0.97 
2013,10,08,21:00,1311,1348,11,1116,16,6,9,6,7,0,1311,20,8,1.54 
2013,10,08,19:00,1345,1311,10,1116,21,17,10,5,5,10,1311,25,24,0.97 
2013,09,26,22:30,749,1311,9,1120,11,16,8,7,3,9,1311,15,17,0.79 
2013,09,26,21:30,250,1311,7,1120,16,14,9,6,7,8,1311,11,22,0.54 
2013,09,26,19:00,1311,1323,11,1120,15,15,10,5,5,10,1311,22,20,1.00 
2013,09,25,19:00,1311,287,11,1120,16,4,15,0,1,4,1311,17,11,1.28 
2013,09,25,18:00,1311,841,10,1120,16,3,12,3,4,0,1311,13,9,1.18 
2013,09,22,21:00,1280,1311,10,1120,3,16,3,12,0,4,1311,18,11,1.38 
2013,09,22,20:00,1317,1311,11,1120,13,16,9,6,4,10,1311,20,19,1.06 
2013,09,20,19:00,844,1311,7,1120,11,16,9,6,2,10,1311,24,19,1.13 
2013,09,18,21:50,1311,132,11,1125,16,11,10,5,6,6,1311,19,18,1.03 
2013,09,18,21:50,132,1311,10,1125,11,16,5,10,6,6,1311,26,18,1.25 
2013,09,18,19:00,215,1311,11,1125,14,16,9,6,5,10,1311,24,17,1.21 
2013,09,17,21:00,49,1311,11,1125,9,16,5,10,4,6,1311,10,11,0.86 
2013,09,17,20:00,841,1311,10,1125,17,21,10,5,5,10,1311,26,29,0.99 
2013,09,17,19:00,1348,1311,11,1125,10,16,6,9,4,7,1311,15,14,0.93 
2013,09,15,09:00,1311,250,9,1126,8,16,3,12,5,4,1311,16,18,0.88 
2013,09,15,09:00,250,1311,10,1126,12,16,8,7,4,9,1311,15,17,0.93 
2013,09,15,09:00,250,1311,11,1126,16,10,14,1,2,9,1311,12,19,0.65 
2013,09,14,20:55,1312,1311,13,1126,10,16,9,6,1,10,1311,19,17,1.00 
2013,09,14,20:55,1312,1311,10,1126,7,16,3,12,4,4,1311,22,12,1.35 
2013,09,14,16:45,215,1311,10,1126,10,16,9,6,1,10,1311,12,21,0.61 
2013,09,14,15:45,1311,1356,11,1126,16,1,14,1,2,0,1311,11,5,1.25 
2013,09,12,19:00,210,1311,11,1120,16,12,11,4,5,8,1311,18,20,1.08 
2013,09,09,20:15,1317,1311,9,1127,16,8,9,6,7,2,1311,17,19,0.91 
2013,09,09,20:15,1311,1317,13,1127,3,16,3,12,0,4,1311,3,18,0.21 
2013,09,08,22:00,1311,1312,9,1120,16,5,11,4,5,1,1311,11,12,1.01 
2013,09,08,21:00,215,1311,10,1120,9,16,3,12,6,4,1311,17,16,1.12 
2013,09,04,21:15,1311,1106,10,1120,16,13,8,7,8,6,1311,22,18,1.14 
2013,08,30,21:00,1045,1311,11,1117,16,5,12,3,4,2,1311,7,20,0.37 
2013,08,30,20:00,1311,384,11,1117,16,8,9,6,7,2,1311,16,16,1.19 
2013,08,29,22:00,1311,250,11,1117,13,16,4,11,9,5,1311,13,22,0.79 
2013,08,29,20:52,1311,841,10,1117,16,10,11,4,5,6,1311,18,16,0.98 
2013,08,26,19:00,1311,1312,9,1117,14,16,6,9,8,7,1311,25,25,1.08 
2013,08,21,21:00,49,1311,9,1120,16,14,2,13,14,1,1311,22,21,0.99 
2013,08,12,20:00,210,1311,10,1130,16,5,14,1,2,4,1311,12,18,0.62 
2013,08,12,20:00,210,1311,11,1130,16,10,12,3,4,7,1311,14,19,0.83 
2013,07,06,18:00,8,215,9,1136,14,16,4,11,10,5,8,20,22,0.93 
2013,07,06,18:00,8,215,10,1136,5,16,2,13,3,3,8,12,20,0.63 
2013,07,06,18:00,215,8,11,1136,16,19,10,5,5,10,8,23,26,0.83 
2013,07,06,12:00,8,250,13,1136,17,19,11,4,4,11,8,25,28,0.99 
2013,07,06,12:00,250,8,9,1136,16,10,8,7,8,3,8,15,17,0.90 
2013,07,06,12:00,8,250,10,1136,16,9,7,8,9,1,8,23,16,1.39 
2013,07,04,21:20,841,8,13,1136,13,16,8,7,5,9,8,19,23,0.94 
2013,07,04,21:20,841,8,11,1136,14,16,6,9,8,7,8,19,18,1.06 
2013,06,30,21:15,1317,8,9,1137,16,11,6,9,10,2,8,20,21,1.12 
2013,06,30,21:15,8,1317,10,1137,8,16,3,12,5,4,8,10,18,0.60 
2013,06,30,17:45,250,8,13,1137,14,16,6,9,8,7,8,27,22,1.26 
2013,06,30,17:45,8,250,9,1137,16,11,5,10,11,1,8,19,21,0.88 
2013,06,30,17:45,250,8,10,1137,16,11,11,4,5,7,8,18,21,0.85 
2013,06,29,21:00,8,841,7,1137,16,9,11,4,5,5,8,21,20,1.19 
2013,06,29,21:00,8,841,13,1137,16,9,11,4,5,5,8,25,15,1.44 
2013,06,25,21:00,215,8,9,1138,13,16,11,4,2,12,8,16,23,0.75 
2013,06,24,21:00,8,49,9,1138,16,7,11,4,5,3,8,22,12,1.47 
2013,06,24,20:00,1391,8,9,1138,10,16,3,12,7,4,8,24,16,1.20 
2013,06,21,20:00,8,705,11,1138,16,3,13,2,3,1,8,21,10,1.65 
2013,06,17,14:30,8,250,9,1139,9,16,4,11,5,5,8,15,20,0.87 
2013,06,17,14:30,250,8,10,1139,16,6,10,5,6,1,8,5,19,0.30 
2013,06,17,12:20,698,8,9,1139,3,16,3,12,0,4,8,18,8,1.57 
2013,06,17,12:20,698,8,10,1139,14,16,4,11,10,5,8,27,21,1.21 
2013,06,16,20:00,841,8,10,1139,14,16,11,4,3,12,8,30,21,1.46 
2013,06,16,18:00,1392,8,11,1139,4,16,1,14,3,2,8,18,10,1.55 
2013,06,13,20:00,8,1312,10,1138,16,4,11,4,5,0,8,21,5,1.72 
2013,06,11,21:00,8,1312,10,1141,16,9,11,4,5,5,8,22,14,1.30 
2013,06,11,20:00,8,1317,13,1141,15,15,8,7,7,8,8,20,20,0.91 
2013,06,11,19:00,8,506,10,1141,16,4,12,3,4,1,8,20,8,1.62 
2013,06,09,22:00,8,250,9,1138,3,16,3,12,0,4,8,7,18,0.41 
2013,06,07,21:00,8,301,10,1142,15,19,11,4,4,11,8,23,24,0.99 
2013,06,07,21:00,301,8,11,1142,16,12,11,4,5,8,8,13,22,0.67 
2013,06,07,21:00,8,301,13,1142,16,12,7,8,9,4,8,19,19,0.97 
2013,06,06,22:00,8,287,11,1138,15,15,10,5,5,10,8,16,23,0.73 
2013,06,06,20:00,8,1106,10,1138,8,16,7,8,1,8,8,8,20,0.44 
2013,06,05,21:00,384,8,11,1143,16,10,8,7,8,3,8,17,22,0.81 
2013,06,05,19:00,8,1323,10,1138,14,16,11,4,3,12,8,27,23,1.14 
2013,06,04,21:00,1370,8,11,1143,13,16,10,5,3,11,8,16,20,0.85 
2013,06,04,20:00,1317,8,11,1143,14,16,4,11,10,5,8,16,24,0.72 
2013,06,04,19:00,8,400,11,1143,21,19,10,5,5,10,8,30,33,1.07 
2013,06,02,19:00,841,8,11,1138,15,15,7,8,8,7,8,27,21,1.27 
2013,05,28,21:00,8,1317,13,1143,14,16,6,9,8,7,8,17,25,0.69 
2013,05,28,20:00,8,384,9,1143,16,10,11,4,5,6,8,10,18,0.59 
2013,05,28,19:00,52,8,10,1143,18,21,8,7,7,8,8,22,32,0.72 
2013,05,23,23:15,52,8,11,1142,16,11,10,5,6,6,8,29,19,1.38 
2013,05,23,20:00,8,1383,13,1142,14,16,10,5,4,11,8,24,21,1.16 
2013,05,22,21:00,1001,8,11,1142,12,16,10,5,2,11,8,25,21,1.24 
2013,05,21,20:00,8,1395,9,1143,5,16,4,11,1,5,8,10,15,0.69 
2013,05,21,19:00,287,8,9,1143,12,16,10,5,2,11,8,16,23,0.69 
2013,05,20,22:00,384,8,13,1142,13,16,9,6,4,10,8,13,22,0.61 
2013,05,20,20:00,8,210,9,1138,16,12,5,10,11,2,8,18,15,1.12 
2013,05,20,19:00,8,1312,13,1142,16,3,14,1,2,2,8,15,13,1.01 
2013,05,14,22:00,8,749,13,1138,16,4,11,4,5,0,8,24,9,1.89 
2013,04,21,19:30,1403,1370,11,1146,16,4,13,2,3,2,1403,14,9,1.12 
2013,04,07,16:00,250,8,9,1153,14,16,9,6,5,10,8,22,23,0.96 
2013,04,07,16:00,8,250,11,1153,19,15,11,4,4,11,8,18,27,0.66 
2013,04,05,19:15,250,8,13,1153,10,16,8,7,2,9,8,21,19,1.07 
2013,04,05,19:15,250,8,10,1153,14,16,7,8,7,8,8,19,23,0.87 
2013,04,04,16:00,8,215,9,1153,16,13,4,11,12,2,8,20,18,1.03 
2013,04,04,16:00,8,215,11,1153,16,14,7,8,9,6,8,18,20,0.95 
2013,03,31,00:30,1370,8,9,1155,16,11,5,10,11,1,8,15,21,0.77 
2013,03,30,17:40,250,8,13,1155,16,11,11,4,5,7,8,19,18,1.01 
2013,03,30,17:40,8,250,9,1155,13,16,8,7,5,9,8,18,24,0.79 
2013,03,30,14:00,1405,8,13,1155,12,16,7,8,5,8,8,28,16,1.45 
2013,03,30,14:00,8,1405,9,1155,8,16,7,8,1,8,8,18,19,1.01 
2013,03,30,14:00,1405,8,11,1155,8,16,7,8,1,8,8,18,17,0.99 
2013,03,30,10:00,1370,8,13,1155,8,16,7,8,1,8,8,17,18,1.01 
2013,03,30,10:00,1370,8,11,1155,16,3,12,3,4,0,8,7,18,0.44 
2013,03,30,10:00,8,1370,9,1155,19,15,7,8,8,7,8,25,26,1.08 
2013,03,30,00:15,841,8,13,1155,14,16,6,9,8,7,8,18,20,0.91 
2013,03,30,00:15,8,841,9,1155,16,6,10,5,6,1,8,27,11,1.91 
2013,03,29,17:00,722,8,10,1155,6,16,3,12,3,4,8,16,10,1.13 
2013,03,29,17:00,722,8,9,1155,2,16,2,13,0,3,8,22,7,2.00 
2013,03,29,13:30,8,1325,10,1155,16,11,6,9,10,2,8,23,22,0.95 
2013,03,29,13:30,1325,8,9,1155,2,16,2,13,0,3,8,23,11,1.77 
2013,03,29,10:00,8,1414,11,1155,16,6,12,3,4,3,8,22,12,1.47 
2013,03,29,10:00,8,1414,9,1155,16,11,4,11,12,0,8,21,16,1.20 
2013,03,23,17:30,8,250,9,1162,10,16,7,8,3,8,8,20,21,0.96 
2013,03,23,15:45,8,841,9,1162,16,9,8,7,8,2,8,20,14,1.26 
2013,03,23,13:00,250,8,11,1162,16,12,9,6,7,6,8,22,16,1.18 
2013,03,23,11:00,841,8,10,1162,9,16,3,12,6,4,8,24,17,1.27 
2013,03,21,20:00,215,8,11,1158,12,16,6,9,6,7,8,22,18,1.05 
2013,03,20,20:00,8,49,13,1158,16,2,13,2,3,0,8,20,9,1.72 
2013,03,19,20:00,8,210,10,1158,15,15,10,5,5,10,8,19,24,0.81 
2013,03,19,18:00,1391,8,9,1158,8,16,1,14,7,2,8,24,10,1.55 
2013,03,18,18:00,8,1149,11,1158,16,4,12,3,4,1,8,16,12,1.17 
2013,03,17,22:00,8,250,11,1158,5,16,5,10,0,6,8,11,18,0.64 
2013,03,13,21:00,8,1323,10,1158,16,1,14,1,2,0,8,22,6,2.12 
2013,03,13,20:00,8,1214,13,1158,16,6,12,3,4,3,8,25,15,1.63 
2013,03,13,19:00,1106,8,13,1158,3,16,1,14,2,2,8,24,10,1.69 
2013,03,06,18:00,8,1383,9,1158,16,14,6,9,10,5,8,34,22,1.47 
