2016,05,23,01:00,38,116,0,563,14,16,6,9,8,7,116,17,22,0.81 
2016,05,23,01:00,116,38,6,563,16,13,8,7,8,6,116,20,23,0.88 
2016,05,23,01:00,38,116,1,563,16,11,8,7,8,4,116,21,21,0.98 
2016,05,21,02:00,257,116,2,563,16,11,7,8,9,3,116,14,21,0.74 
2016,05,21,02:00,116,257,7,563,14,16,7,8,7,8,116,22,20,1.12 
2016,05,21,02:00,257,116,1,563,7,16,5,10,2,6,116,13,12,0.91 
2016,05,02,04:00,116,70,0,563,13,16,4,11,9,5,116,23,22,1.02 
2016,05,02,04:00,70,116,1,563,16,6,12,3,4,3,116,15,19,0.89 
2015,12,18,03:15,362,279,1,657,9,16,3,12,6,4,362,12,24,0.48 
2015,12,18,03:15,279,362,7,657,16,12,8,7,8,5,362,12,19,0.70 
2015,12,16,01:00,291,362,14,692,11,16,9,6,2,10,362,23,18,1.13 
2015,12,16,01:00,362,291,0,692,16,6,10,5,6,1,362,18,16,1.09 
2015,12,15,03:00,761,362,0,703,7,16,3,12,4,4,362,22,13,1.43 
2015,12,15,03:00,362,761,7,703,16,5,10,5,6,0,362,18,14,1.35 
2015,12,11,03:00,79,362,0,703,16,19,11,4,4,11,362,22,23,0.92 
2015,12,11,03:00,79,362,14,703,8,16,5,10,3,6,362,23,14,1.38 
2015,12,09,03:30,789,362,7,696,8,16,5,10,3,6,362,19,12,1.24 
2015,12,09,03:30,362,789,1,696,16,7,8,7,8,0,362,20,12,1.44 
2015,12,06,06:00,291,362,14,715,16,8,11,4,5,4,362,21,16,1.29 
2015,12,06,06:00,291,362,1,715,16,7,11,4,5,3,362,14,18,0.81 
2015,12,06,06:00,291,362,2,715,8,16,7,8,1,8,362,16,17,0.92 
2015,12,06,04:00,362,496,0,715,16,14,8,7,8,7,362,15,20,0.77 
2015,12,06,02:45,116,362,2,715,16,12,11,4,5,8,362,20,23,0.93 
2015,12,06,01:45,362,510,1,715,16,5,10,5,6,0,362,20,10,1.42 
2015,12,02,02:30,291,362,0,696,14,16,8,7,6,9,362,20,20,0.95 
2015,12,02,02:30,291,362,1,696,9,16,4,11,5,5,362,13,19,0.68 
2015,12,01,04:15,362,789,4,726,5,16,5,10,0,6,362,11,18,0.61 
2015,12,01,04:15,789,362,14,726,16,10,8,7,8,3,362,15,20,0.78 
2015,11,12,03:00,362,257,7,749,8,16,7,8,1,8,362,7,20,0.38 
2015,11,11,04:00,70,362,14,749,16,12,11,4,5,8,362,26,21,1.25 
2015,11,11,03:00,362,70,2,749,11,16,5,10,6,6,362,16,21,0.76 
2015,11,06,02:00,116,362,6,725,16,4,13,2,3,2,362,11,17,0.76 
2015,11,06,02:00,362,116,2,725,16,19,9,6,6,9,362,22,31,0.82 
2015,11,06,02:00,116,362,1,725,3,16,3,12,0,4,362,19,10,1.50 
2015,11,05,02:00,362,116,6,749,16,21,13,2,2,13,362,31,22,1.25 
2015,11,04,02:00,303,362,0,749,14,16,6,9,8,7,362,17,21,0.89 
2015,10,29,03:00,362,896,6,696,16,3,14,1,2,2,362,14,10,1.22 
2015,10,29,03:00,896,362,0,696,13,16,8,7,5,9,362,19,22,0.80 
2015,10,27,02:00,362,738,4,696,5,16,5,10,0,6,362,7,16,0.56 
2015,10,27,02:00,738,362,2,696,16,13,5,10,11,3,362,13,24,0.58 
2015,10,22,04:15,910,279,0,749,16,13,10,5,6,8,910,17,22,0.81 
2015,10,22,03:00,116,910,14,749,16,9,11,4,5,5,910,16,22,0.70 
2015,10,21,04:30,910,362,1,725,16,5,11,4,5,1,910,11,10,0.89 
2015,10,21,04:30,910,362,2,725,16,8,9,6,7,2,910,17,12,1.14 
2015,10,21,04:30,910,362,14,725,7,16,7,8,0,8,910,8,20,0.42 
2015,10,21,02:00,303,910,14,749,21,17,4,11,11,4,910,15,28,0.56 
2015,10,14,03:00,910,257,1,749,6,16,5,10,1,6,910,11,17,0.71 
2015,10,14,02:15,910,279,1,749,16,5,10,5,6,0,910,19,6,1.56 
2015,10,06,03:00,702,910,14,725,16,14,8,7,8,7,910,23,20,1.11 
2015,10,06,03:00,910,702,7,725,1,16,1,14,0,2,910,9,16,0.52 
2015,09,25,03:30,70,910,7,725,16,7,10,5,6,2,910,15,19,0.91 
2015,09,24,04:00,910,805,1,725,16,5,10,5,6,0,910,19,11,1.42 
2015,09,20,04:00,910,291,0,810,16,13,8,7,8,6,910,18,17,1.06 
2015,09,20,04:00,910,291,7,810,9,16,5,10,4,6,910,11,21,0.54 
2015,09,20,04:00,910,291,1,810,16,13,11,4,5,9,910,19,17,0.95 
2015,09,17,04:00,436,910,6,725,6,16,4,11,2,5,910,22,14,1.42 
2015,09,16,05:45,910,496,6,810,16,4,11,4,5,0,910,16,12,1.20 
2015,09,16,05:45,910,496,0,810,16,13,8,7,8,6,910,19,23,0.86 
2015,09,16,05:45,910,496,7,810,14,16,4,11,10,5,910,21,22,0.92 
2015,08,12,02:00,496,1035,6,858,27,31,7,8,8,7,1035,38,41,0.88 
2015,08,12,02:00,1035,496,7,858,16,19,7,8,8,7,1035,15,23,0.74 
2015,08,12,02:00,496,1035,0,858,7,16,7,8,0,8,1035,19,14,1.21 
2015,08,02,23:30,1035,257,7,869,5,16,5,10,0,6,1035,9,17,0.54 
2015,08,02,23:30,257,1035,6,869,16,7,9,6,7,1,1035,14,20,0.77 
2015,08,02,20:15,1035,984,0,869,16,13,7,8,9,5,1035,21,20,1.02 
2015,08,02,01:00,1035,1028,14,869,16,3,13,2,3,1,1035,21,10,1.62 
2015,08,01,23:30,1035,291,4,869,11,16,6,9,5,7,1035,13,23,0.63 
2015,06,24,02:15,1035,1027,14,883,16,14,4,11,12,3,1035,24,26,0.99 
2015,06,24,02:15,1027,1035,0,883,9,16,8,7,1,9,1035,22,16,1.24 
2015,06,23,02:00,404,1035,0,888,16,13,7,8,9,5,1035,15,25,0.60 
2015,06,22,01:00,1035,70,14,888,8,16,6,9,2,7,1035,19,21,1.03 
2015,06,18,05:30,257,1035,1,878,16,5,11,4,5,1,1035,9,18,0.50 
2015,06,17,06:00,1035,257,2,878,10,16,9,6,1,10,1035,20,17,1.13 
2015,06,17,05:00,1023,1035,4,888,11,16,6,9,5,7,1035,26,16,1.48 
