2015,11,21,18:00,315,792,4,739,3,16,3,12,0,4,315,16,15,1.03 
2015,11,21,18:00,792,315,6,739,16,7,11,4,5,3,315,12,17,0.72 
2015,11,21,18:00,792,315,0,739,16,8,10,5,6,3,315,15,16,0.92 
2015,11,21,18:00,315,792,7,739,16,7,10,5,6,2,315,15,13,1.00 
2015,11,21,18:00,315,792,2,739,16,14,9,6,7,8,315,27,16,1.46 
2015,11,10,22:10,776,315,0,755,16,11,8,7,8,4,315,16,19,0.84 
2015,11,10,22:10,315,776,2,755,7,16,2,13,5,3,315,14,19,0.73 
2015,10,25,12:00,315,902,4,774,14,16,8,7,6,9,315,17,20,0.90 
2015,10,25,12:00,315,902,0,774,12,16,7,8,5,8,315,10,20,0.57 
2015,10,25,12:00,315,902,7,774,7,16,5,10,2,6,315,14,18,0.74 
2015,10,25,12:00,315,902,14,774,16,7,8,7,8,0,315,14,14,0.88 
2015,10,24,12:00,315,908,0,774,16,9,9,6,7,3,315,16,11,1.13 
2015,10,24,12:00,315,908,6,774,16,1,14,1,2,0,315,15,4,1.57 
2015,10,24,12:00,908,315,1,774,16,10,12,3,4,7,315,20,19,1.04 
2015,10,20,21:15,196,315,0,593,16,13,8,7,8,6,315,22,18,1.14 
2015,10,20,21:15,196,315,1,593,16,12,6,9,10,3,315,18,17,1.04 
2015,10,15,21:15,379,315,7,593,6,16,6,9,0,7,315,18,13,1.20 
2015,10,15,21:15,379,315,0,593,5,16,5,10,0,6,315,12,10,1.02 
2015,09,28,21:20,33,936,0,799,4,16,1,14,3,2,33,8,13,0.65 
2015,09,28,20:30,907,315,6,803,6,16,5,10,1,6,315,11,14,0.74 
2015,09,19,21:00,315,59,14,593,14,16,5,10,9,6,315,21,17,1.09 
2015,09,19,21:00,59,315,0,593,16,4,12,3,4,1,315,11,16,0.71 
2015,09,17,19:15,145,33,0,799,16,9,8,7,8,2,33,15,19,0.74 
2015,09,14,21:00,701,315,1,803,6,16,5,10,1,6,315,16,9,1.22 
2015,09,07,21:00,316,315,4,803,10,16,8,7,2,9,315,13,17,0.77 
2015,08,31,21:15,964,315,4,803,11,16,9,6,2,10,315,23,14,1.47 
2015,08,30,16:16,315,908,7,837,14,16,7,8,7,8,315,13,22,0.62 
2015,08,30,16:15,315,908,1,837,16,9,10,5,6,4,315,20,10,1.32 
2015,08,30,16:15,315,908,4,837,19,21,8,7,7,8,315,32,26,1.17 
2015,08,25,21:00,315,963,7,803,16,1,14,1,2,0,315,10,6,1.12 
2015,08,17,22:30,908,315,4,803,16,8,10,5,6,3,315,15,18,0.85 
2015,06,25,21:45,500,315,14,884,8,16,7,8,1,8,315,12,13,0.84 
2015,06,25,21:45,500,315,1,884,5,16,4,11,1,5,315,17,9,1.31 
2015,04,27,23:00,599,315,5,933,14,16,9,6,5,10,315,22,21,1.03 
2015,04,27,23:00,599,315,1,933,16,11,9,6,7,5,315,16,21,0.78 
2015,04,27,23:00,599,315,0,933,9,16,6,9,3,7,315,14,12,1.05 
2015,04,27,20:00,315,963,5,933,16,4,12,3,4,1,315,14,8,1.28 
2015,04,27,20:00,315,963,1,933,16,14,5,10,11,4,315,22,18,1.08 
2015,04,27,20:00,963,315,7,933,16,14,9,6,7,8,315,18,19,0.90 
2014,08,03,01:00,8,599,0,1046,16,1,14,1,2,0,599,7,16,0.39 
2014,08,02,21:45,599,1219,6,1046,6,16,6,9,0,7,599,16,17,0.87 
2014,08,02,17:20,599,711,0,1046,4,16,4,11,0,5,599,8,18,0.44 
2014,08,02,11:15,214,599,0,1046,16,3,12,3,4,0,599,7,17,0.39 
2013,10,16,20:00,939,33,9,1098,2,16,2,13,0,3,33,14,9,1.35 
2013,09,24,19:00,1260,854,9,1125,16,10,9,6,7,4,854,11,20,0.63 
2013,09,17,19:00,49,854,9,1125,16,13,6,9,10,4,854,20,20,1.01 
2013,09,10,19:00,854,158,11,1125,11,16,5,10,6,6,854,19,19,0.89 
2013,09,03,19:00,1348,854,9,1125,16,13,6,9,10,4,854,13,20,0.62 
2013,06,04,19:00,1393,314,11,1143,19,21,9,6,6,9,314,17,23,0.79 
2013,04,06,16:00,1410,314,9,1152,13,16,6,9,7,7,314,21,16,1.07 
2013,04,06,14:45,599,314,13,1152,16,6,10,5,6,1,314,12,18,0.71 
2013,04,06,13:30,210,314,10,1152,15,15,7,8,8,7,314,23,20,1.13 
2013,04,06,12:15,1370,314,9,1152,16,9,7,8,9,1,314,14,19,0.74 
2013,03,30,00:15,690,314,11,1155,16,1,14,1,2,0,314,3,16,0.20 
2013,03,30,00:15,690,314,13,1155,16,10,9,6,7,4,314,10,19,0.59 
2013,03,29,17:00,218,314,9,1155,16,14,4,11,12,3,314,26,21,1.17 
2013,03,29,17:00,314,218,13,1155,16,8,12,3,4,5,314,16,17,0.92 
2013,03,29,17:00,218,314,10,1155,16,10,8,7,8,3,314,17,19,0.90 
2013,03,29,13:30,1383,314,10,1155,16,14,9,6,7,8,314,20,19,1.02 
2013,03,29,13:30,1383,314,9,1155,16,6,9,6,7,0,314,19,16,1.21 
2013,03,29,10:00,1353,314,11,1155,16,4,11,4,5,0,314,11,18,0.63 
2013,03,29,10:00,314,1353,9,1155,15,19,9,6,6,9,314,27,22,1.15 
