2016,07,19,18:15,264,101,14,488,7,16,3,12,4,4,264,10,20,0.55 
2016,07,07,20:15,264,289,7,488,16,5,12,3,4,2,264,22,10,1.44 
2016,06,28,19:15,264,118,0,488,2,16,2,13,0,3,264,7,16,0.45 
2016,06,06,19:00,49,264,4,496,19,16,6,9,9,6,264,15,22,0.76 
2016,06,06,19:00,264,49,1,496,8,16,7,8,1,8,264,15,22,0.74 
2016,06,05,12:00,369,264,0,546,16,8,8,7,8,1,264,7,21,0.37 
2016,06,05,12:00,264,369,4,546,11,16,10,5,1,11,264,17,20,0.91 
2016,06,04,18:45,264,388,7,546,16,13,8,7,8,6,264,16,16,0.89 
2016,05,22,17:00,425,233,14,496,5,16,2,13,3,3,425,13,19,0.73 
2016,05,22,17:00,233,425,7,496,16,3,13,2,3,1,425,11,17,0.66 
2016,05,07,17:35,236,425,2,585,16,7,11,4,5,3,425,14,21,0.63 
2016,05,07,17:35,236,425,14,585,8,16,4,11,4,5,425,26,11,1.76 
2016,05,07,17:35,236,425,7,585,16,12,8,7,8,5,425,25,22,1.15 
2016,04,27,20:15,214,425,7,596,20,22,6,9,9,6,425,36,31,1.16 
2016,04,27,20:15,425,214,2,596,16,14,6,9,10,5,425,24,20,1.13 
2016,04,27,20:15,425,214,0,596,11,16,8,7,3,9,425,14,21,0.76 
2016,03,24,23:00,425,529,6,623,7,16,5,10,2,6,425,9,19,0.59 
2016,03,24,23:00,425,529,0,623,7,16,6,9,1,7,425,7,20,0.44 
2016,03,24,19:00,425,30,4,623,16,12,8,7,8,5,425,19,18,0.94 
2016,03,24,19:00,425,30,0,623,16,6,10,5,6,1,425,15,13,1.01 
2016,03,24,19:00,30,425,6,623,16,9,9,6,7,3,425,13,19,0.75 
2016,03,24,17:15,425,551,6,623,16,6,9,6,7,0,425,24,8,1.88 
2016,03,24,15:30,425,517,14,623,15,19,7,8,8,7,425,23,28,0.79 
2016,03,24,13:00,566,425,1,623,0,16,0,15,0,1,425,17,0,1.96 
