2016,06,13,17:00,360,361,7,496,16,2,14,1,2,1,361,12,17,0.67 
2016,06,13,17:00,361,360,14,496,8,16,4,11,4,5,361,12,15,0.84 
2016,05,25,21:15,405,406,7,496,7,16,7,8,0,8,405,12,18,0.71 
2016,05,25,21:15,406,405,14,496,16,11,7,8,9,3,405,16,20,0.86 
2016,05,17,22:15,360,236,6,496,8,16,4,11,4,5,236,24,12,1.53 
2016,05,17,22:15,360,236,1,496,16,13,7,8,9,5,236,21,18,1.07 
2016,05,17,22:15,236,360,7,496,16,4,11,4,5,0,236,17,10,1.38 
2016,05,07,23:00,49,236,2,585,12,16,8,7,4,9,236,17,18,0.88 
2016,05,07,23:00,49,236,1,585,11,16,7,8,4,8,236,24,15,1.38 
2016,05,07,23:00,49,236,7,585,16,6,12,3,4,3,236,9,17,0.69 
2016,05,07,17:35,236,425,2,585,16,7,11,4,5,3,236,19,14,1.29 
2016,05,07,17:35,236,425,14,585,8,16,4,11,4,5,236,10,20,0.58 
2016,05,07,17:35,236,425,7,585,16,12,8,7,8,5,236,20,19,0.96 
2016,03,11,23:50,216,236,0,498,16,4,13,2,3,2,236,8,19,0.37 
2016,03,11,20:00,236,365,1,498,16,14,5,10,11,4,236,14,21,0.63 
2015,09,29,20:00,826,500,7,776,16,10,7,8,9,2,826,25,15,1.46 
2015,09,29,20:00,500,826,14,776,6,16,4,11,2,5,826,18,10,1.39 
2015,09,22,19:00,826,690,6,776,16,13,9,6,7,7,826,21,18,1.19 
2015,09,22,19:00,826,690,1,776,17,19,5,10,10,5,826,25,26,1.03 
2015,09,15,21:00,839,826,2,776,16,7,11,4,5,3,826,10,19,0.61 
2015,09,15,21:00,839,826,7,776,16,6,12,3,4,3,826,8,19,0.55 
2015,09,09,21:15,383,826,1,776,16,2,13,2,3,0,826,7,17,0.37 
2015,09,09,21:15,826,383,7,776,7,16,4,11,3,5,826,9,19,0.57 
2015,09,02,21:15,826,196,6,776,17,19,7,8,8,7,826,17,26,0.67 
2015,09,02,21:15,826,196,7,776,16,11,9,6,7,5,826,23,12,1.40 
2015,08,25,21:45,826,544,6,776,14,16,10,5,4,11,826,17,19,0.95 
2015,08,25,21:45,544,826,1,776,9,16,6,9,3,7,826,22,13,1.31 
2014,11,10,21:50,995,1037,0,978,16,5,11,4,5,1,1037,12,19,0.64 
2014,11,10,19:15,544,1037,4,978,16,14,10,5,6,9,1037,15,21,0.74 
2014,10,19,21:00,500,1037,6,1005,16,9,7,8,9,1,1037,11,19,0.66 
2014,10,10,20:00,1037,22,1,997,6,16,5,10,1,6,1037,11,20,0.65 
2014,10,10,20:00,1037,22,4,997,4,16,4,11,0,5,1037,5,18,0.29 
2014,09,23,21:15,1037,215,1,997,8,16,4,11,4,5,1037,14,19,0.80 
2014,09,23,21:15,1037,215,0,997,4,16,4,11,0,5,1037,10,16,0.67 
2014,09,06,13:00,500,1037,5,1032,16,5,11,4,5,1,1037,5,18,0.37 
2014,09,06,13:00,500,1037,1,1032,16,12,12,3,4,9,1037,15,20,0.81 
2014,08,25,20:00,1037,925,0,1039,11,16,6,9,5,7,1037,14,20,0.75 
2014,08,10,20:40,53,1037,0,1040,13,16,10,5,3,11,1037,37,22,1.70 
2014,08,05,22:10,1037,1220,1,1032,21,17,5,10,10,5,1037,23,24,0.91 
2014,08,05,20:15,214,1037,1,1032,16,6,9,6,7,0,1037,9,20,0.47 
2014,08,05,19:00,1037,1220,0,1032,16,14,12,3,4,11,1037,22,17,1.10 
2014,07,26,18:15,712,1037,0,1050,16,12,10,5,6,7,1037,19,16,1.06 
2014,07,26,18:15,712,1037,6,1050,16,10,12,3,4,7,1037,17,19,0.90 
2014,07,26,16:15,1037,52,6,1050,9,16,8,7,1,9,1037,10,16,0.70 
2014,07,26,16:15,1037,52,0,1050,10,16,6,9,4,7,1037,12,23,0.50 
2014,05,14,19:00,214,210,6,1063,23,26,9,6,6,9,214,35,31,1.06 
2014,05,10,19:20,214,1259,6,1069,10,16,9,6,1,10,1259,22,16,1.27 
2014,05,10,19:20,214,1259,1,1069,19,21,6,9,9,6,1259,28,33,0.89 
2014,05,10,15:40,49,1259,6,1069,14,16,8,7,6,9,1259,29,21,1.32 
2014,05,10,15:40,1259,49,1,1069,7,16,4,11,3,5,1259,8,17,0.58 
2014,05,10,15:40,1259,49,0,1069,16,13,9,6,7,7,1259,26,15,1.40 
2014,04,18,17:00,1106,1259,6,1076,16,6,10,5,6,1,1259,10,16,0.68 
2014,04,18,17:00,1106,1259,5,1076,16,8,13,2,3,6,1259,12,18,0.77 
2013,11,25,21:15,1259,544,8,978,19,21,13,2,2,13,1259,29,28,1.06 
2013,11,25,19:00,1259,49,1,978,17,21,8,7,7,8,1259,16,26,0.64 
2013,11,04,20:00,214,1259,6,978,21,16,12,3,3,12,1259,23,29,0.81 
2013,11,04,19:00,1259,1333,6,978,16,1,14,1,2,0,1259,11,4,1.23 
2013,10,28,19:00,1259,1333,6,978,14,16,3,12,11,4,1259,23,16,1.16 
2013,10,21,21:00,1259,49,6,978,7,16,5,10,2,6,1259,12,18,0.69 
2013,10,21,20:00,1220,1259,0,978,12,16,8,7,4,9,1259,15,16,0.92 
2013,10,21,19:00,1259,1336,6,978,16,11,9,6,7,5,1259,31,15,1.73 
2013,10,14,20:05,1260,1259,1,978,16,11,10,5,6,6,1259,10,19,0.59 
2013,10,14,19:00,1335,1259,0,978,9,16,5,10,4,6,1259,27,11,1.80 
2013,10,07,20:00,383,1259,0,978,21,19,8,7,7,8,1259,20,32,0.73 
2013,10,07,19:00,1259,1328,6,978,16,3,12,3,4,0,1259,12,12,0.92 
2013,06,04,20:00,1370,1328,13,1143,16,2,13,2,3,0,1328,7,16,0.45 
2013,06,04,19:00,1328,287,9,1143,16,11,5,10,11,1,1328,21,13,1.24 
2013,05,26,21:00,49,1093,10,1138,14,16,11,4,3,12,49,22,23,1.02 
2013,05,21,20:00,49,1399,10,1143,18,21,6,9,9,6,49,23,28,0.81 
2013,05,15,22:00,1106,49,10,1138,16,0,15,0,1,0,49,5,16,0.30 
2013,05,14,21:00,1393,49,11,1143,16,10,6,9,10,1,49,14,19,0.80 
2013,05,14,20:00,49,1214,9,1143,16,7,9,6,7,1,49,18,9,1.33 
2013,05,14,19:00,49,1402,10,1143,16,10,10,5,6,5,49,21,13,1.24 
2013,03,30,10:00,49,1353,11,1155,13,16,2,13,11,3,49,19,18,1.07 
2013,03,30,00:15,49,218,13,1155,16,3,12,3,4,0,49,9,11,0.83 
2013,03,30,00:15,218,49,9,1155,16,13,5,10,11,3,49,18,22,0.82 
2013,03,30,00:15,49,218,10,1155,16,12,12,3,4,9,49,19,18,1.07 
2013,03,29,17:00,599,49,13,1155,16,7,12,3,4,4,49,10,19,0.53 
2013,03,29,17:00,49,599,9,1155,12,16,6,9,6,7,49,25,18,1.30 
2013,03,29,13:30,49,1405,12,1155,7,16,5,10,2,6,49,8,19,0.46 
2013,03,29,13:30,1405,49,13,1155,14,16,3,12,11,4,49,16,21,0.77 
2013,03,29,13:30,49,1405,11,1155,17,19,8,7,7,8,49,23,23,1.02 
2013,03,29,10:00,706,49,11,1155,16,11,8,7,8,4,49,21,17,1.12 
2013,03,29,10:00,706,49,12,1155,16,4,12,3,4,1,49,5,15,0.41 
2013,03,29,10:00,49,706,9,1155,16,8,10,5,6,3,49,18,12,1.20 
2013,03,26,20:00,49,1151,11,1069,16,10,7,8,9,2,49,19,18,0.97 
2013,03,25,21:00,49,1335,11,1069,14,16,9,6,5,10,49,15,19,0.83 
2013,03,25,20:00,49,1312,10,1069,14,16,8,7,6,9,49,24,23,1.05 
2013,03,24,20:00,1285,49,9,1069,3,16,3,12,0,4,49,22,8,1.75 
2013,03,24,19:00,1214,49,11,1158,15,15,9,6,6,9,49,18,20,0.89 
2013,03,21,21:00,1431,49,12,1069,14,16,11,4,3,12,49,14,20,0.74 
2013,03,21,19:00,49,215,9,1158,6,16,3,12,3,4,49,6,20,0.33 
2013,03,20,20:00,8,49,13,1158,16,2,13,2,3,0,49,14,16,1.03 
2013,03,19,22:00,1432,49,11,1154,3,16,3,12,0,4,49,18,15,1.42 
2013,03,19,21:00,49,1383,9,1154,7,16,5,10,2,6,49,14,17,0.82 
2013,03,19,20:00,49,250,11,1154,13,16,7,8,6,8,49,18,22,0.91 
2013,03,18,21:00,214,49,9,1158,14,16,5,10,9,6,49,25,19,1.27 
2013,03,17,18:00,49,1180,9,1158,16,7,10,5,6,2,49,14,14,0.98 
2013,03,13,22:00,49,841,9,1164,7,16,3,12,4,4,49,14,20,0.72 
2013,03,13,20:20,1436,49,13,1164,8,16,6,9,2,7,49,17,13,1.14 
2013,03,12,21:00,214,49,13,1069,7,16,5,10,2,6,49,20,15,1.21 
2013,03,12,20:00,1323,49,11,1158,6,16,5,10,1,6,49,17,15,1.01 
2013,03,10,21:00,49,1407,9,1158,16,4,11,4,5,0,49,14,13,1.10 
2013,03,10,19:00,1391,49,10,1158,16,4,14,1,2,3,49,16,19,0.80 
2013,03,10,18:00,49,1149,9,1158,16,4,12,3,4,1,49,23,10,1.79 
2013,03,06,21:00,49,1383,11,1158,16,9,10,5,6,4,49,20,14,1.26 
