2016,08,15,18:15,30,31,14,472,16,10,6,9,10,1,31,10,22,0.54 
2016,08,15,18:15,30,31,0,472,16,10,7,8,9,2,31,22,20,1.12 
2016,08,15,18:15,31,30,2,472,16,12,7,8,9,4,31,20,22,0.92 
2016,08,09,17:00,137,31,0,472,9,16,7,8,2,8,31,14,18,0.88 
2016,08,09,17:00,31,137,7,472,16,9,11,4,5,5,31,21,21,1.02 
2016,08,08,21:00,31,133,7,490,13,16,8,7,5,9,31,22,25,0.95 
2016,08,08,21:00,31,133,14,490,10,16,5,10,5,6,31,16,21,0.80 
2016,08,05,20:30,31,30,14,492,12,16,7,8,5,8,31,23,22,1.07 
2016,08,05,19:00,31,132,0,492,10,16,8,7,2,9,31,21,20,1.13 
2016,08,03,21:00,137,31,0,486,16,8,8,7,8,1,31,10,21,0.50 
2016,08,03,21:00,137,31,7,486,16,11,4,11,12,0,31,17,23,0.88 
2016,08,02,21:15,136,31,0,486,16,14,9,6,7,8,31,23,21,1.06 
2016,08,02,21:15,31,136,4,486,10,16,7,8,3,8,31,20,21,0.98 
2016,08,02,17:00,41,31,14,472,16,4,11,4,5,0,31,9,19,0.47 
2016,08,02,17:00,41,31,0,472,9,16,3,12,6,4,31,22,19,1.19 
2016,08,02,17:00,31,41,1,472,2,16,2,13,0,3,31,11,16,0.73 
2016,08,01,18:15,46,31,0,496,16,11,14,1,2,10,31,24,22,1.15 
2016,08,01,18:15,31,46,4,496,7,16,2,13,5,3,31,12,18,0.69 
2016,07,24,19:00,31,28,0,496,16,7,9,6,7,1,31,20,16,1.15 
2016,07,24,19:00,28,31,7,496,22,19,7,8,8,7,31,25,30,0.86 
2016,07,24,19:00,31,28,14,496,16,6,11,4,5,2,31,20,15,1.23 
2016,07,23,19:10,119,31,0,472,12,16,7,8,5,8,31,21,19,1.08 
2016,07,07,21:30,177,31,0,496,8,16,7,8,1,8,31,7,15,0.57 
2016,07,07,21:30,31,177,4,496,16,11,11,4,5,7,31,13,20,0.72 
2016,06,30,18:00,31,297,4,499,14,16,7,8,7,8,31,28,25,1.17 
2016,06,30,18:00,297,31,7,499,16,10,6,9,10,1,31,20,23,1.00 
2016,06,22,19:15,52,31,7,496,16,11,9,6,7,5,31,16,22,0.67 
2016,06,22,19:15,31,52,4,496,5,16,5,10,0,6,31,8,18,0.52 
2016,06,18,20:00,31,52,4,547,16,19,9,6,6,9,31,17,30,0.61 
2016,06,18,20:00,52,31,0,547,16,8,7,8,9,0,31,11,20,0.54 
2016,06,06,17:15,358,373,1,499,13,16,7,8,6,8,373,30,19,1.47 
2016,06,06,17:15,373,358,7,499,16,2,13,2,3,0,373,23,10,1.95 
2016,06,06,17:15,373,358,0,499,13,16,11,4,2,12,373,21,20,1.18 
2016,05,25,17:00,373,137,0,499,16,13,11,4,5,9,373,19,20,0.98 
2016,05,25,17:00,137,373,7,499,3,16,3,12,0,4,373,18,12,1.40 
2016,05,23,21:10,373,370,6,496,16,3,12,3,4,0,373,14,10,1.28 
2016,05,23,21:10,373,370,4,496,15,19,10,5,5,10,373,24,29,0.90 
2016,05,23,21:10,370,373,7,496,12,16,8,7,4,9,373,13,18,0.76 
2016,05,16,20:30,373,152,1,499,16,14,8,7,8,7,373,28,20,1.30 
2016,05,16,20:30,152,373,7,499,8,16,7,8,1,8,373,24,15,1.43 
2016,05,05,17:15,373,29,7,499,13,16,6,9,7,7,373,24,25,1.00 
2016,05,05,17:15,373,29,2,499,1,16,1,14,0,2,373,6,17,0.33 
2016,04,19,21:45,484,373,4,590,19,17,5,10,10,5,373,22,28,0.84 
2016,04,19,21:45,484,373,7,590,10,16,6,9,4,7,373,22,18,1.18 
2016,04,19,21:45,484,373,14,590,16,10,9,6,7,4,373,21,20,1.13 
2016,03,26,13:00,517,59,7,619,10,16,7,8,3,8,517,10,22,0.47 
2016,03,26,13:00,59,517,1,619,16,12,8,7,8,5,517,17,21,0.84 
2016,03,25,22:30,517,384,7,619,16,12,10,5,6,7,517,19,17,1.01 
2016,03,25,22:30,517,384,4,619,16,10,9,6,7,4,517,24,18,1.36 
2016,03,25,15:45,528,517,7,619,15,19,6,9,9,6,517,18,28,0.69 
2016,03,25,13:30,302,517,0,619,16,8,12,3,4,5,517,14,19,0.80 
2016,03,25,11:55,132,517,0,619,13,16,5,10,8,6,517,17,22,0.81 
2016,03,24,23:00,297,517,7,623,11,16,6,9,5,7,517,22,17,1.13 
2016,03,24,23:00,297,517,0,623,16,8,12,3,4,5,517,9,21,0.46 
2016,03,24,23:00,517,297,14,623,16,9,8,7,8,2,517,25,19,1.29 
2016,03,24,19:00,359,517,1,623,6,16,4,11,2,5,517,15,12,1.07 
2016,03,24,19:00,517,359,14,623,13,16,7,8,6,8,517,22,23,0.98 
2016,03,24,19:00,517,359,0,623,16,7,13,2,3,5,517,16,15,1.22 
2016,03,24,15:30,425,517,14,623,15,19,7,8,8,7,517,24,27,0.84 
2016,03,24,13:00,517,551,1,623,16,5,10,5,6,0,517,23,13,1.61 
2016,03,13,21:00,517,458,1,630,16,6,10,5,6,1,517,22,14,1.34 
2016,03,13,21:00,458,517,14,630,9,16,5,10,4,6,517,18,16,1.06 
2016,03,10,23:00,517,278,14,630,16,14,7,8,9,6,517,29,24,1.28 
2016,03,10,23:00,278,517,7,630,17,19,8,7,7,8,517,19,27,0.73 
2016,03,07,23:15,147,517,6,590,16,4,13,2,3,2,517,10,18,0.59 
2016,03,07,23:15,147,517,0,590,7,16,4,11,3,5,517,18,15,1.04 
2016,03,07,23:15,517,147,7,590,14,16,9,6,5,10,517,25,23,1.04 
2016,03,06,23:15,432,517,7,630,5,16,3,12,2,4,517,12,18,0.62 
2016,03,06,23:15,432,517,1,630,4,16,4,11,0,5,517,18,13,1.24 
2016,03,06,21:00,517,281,0,630,19,16,10,5,5,10,517,24,29,0.93 
2016,03,06,21:00,517,281,14,630,16,12,9,6,7,6,517,25,18,1.24 
2016,02,28,23:00,517,288,6,630,17,19,8,7,7,8,517,22,30,0.82 
2016,02,28,23:00,517,288,7,630,19,17,6,9,9,6,517,24,28,0.92 
2016,02,28,19:15,517,287,1,630,8,16,5,10,3,6,517,15,21,0.79 
2016,02,28,19:15,287,517,7,630,7,16,4,11,3,5,517,15,16,0.94 
2016,02,21,11:00,320,517,6,648,22,18,9,6,6,9,517,26,32,0.79 
2016,02,21,11:00,320,517,1,648,16,10,7,8,9,2,517,14,21,0.65 
2016,02,21,11:00,517,320,0,648,25,21,8,7,7,8,517,46,28,1.51 
2016,02,19,15:15,517,184,0,648,16,13,8,7,8,6,517,18,20,0.93 
2016,02,19,15:15,517,184,7,648,16,6,13,2,3,4,517,26,14,1.76 
2016,02,19,12:35,678,517,0,648,16,19,5,10,10,5,517,21,29,0.81 
2016,02,16,23:00,287,517,7,630,3,16,3,12,0,4,517,22,15,1.57 
2016,02,16,23:00,517,287,0,630,16,9,6,9,10,0,517,21,16,1.16 
2016,02,14,21:30,147,517,7,590,16,8,11,4,5,4,517,18,21,0.92 
2016,02,14,20:00,484,517,7,590,14,16,11,4,3,12,517,16,26,0.59 
2015,12,18,21:15,147,742,6,694,16,19,10,5,5,10,147,21,27,0.85 
2015,12,14,21:00,287,517,14,683,16,14,6,9,10,5,517,30,24,1.48 
2015,11,30,20:00,517,484,4,727,14,16,6,9,8,7,517,29,23,1.31 
2015,11,30,20:00,484,517,0,727,16,13,12,3,4,10,517,17,23,0.82 
2015,11,30,20:00,517,484,7,727,16,13,8,7,8,6,517,17,22,0.73 
2015,11,22,15:30,743,517,6,736,10,16,8,7,2,9,517,16,19,1.05 
2015,11,22,15:30,743,517,7,736,14,16,5,10,9,6,517,21,27,0.72 
2015,11,22,11:25,517,360,14,736,16,19,6,9,9,6,517,18,29,0.62 
2015,11,22,11:25,517,360,2,736,16,12,6,9,10,3,517,14,23,0.71 
2015,11,22,11:25,360,517,0,736,16,8,11,4,5,4,517,20,21,0.97 
2015,11,21,19:30,300,517,7,736,4,16,4,11,0,5,517,25,10,2.00 
2015,11,21,19:30,517,300,0,736,16,8,12,3,4,5,517,19,15,1.18 
2015,11,20,18:30,517,743,7,736,16,10,13,2,3,8,517,24,18,1.33 
2015,11,20,17:00,517,592,7,736,16,0,15,0,1,0,517,19,6,1.86 
2015,11,20,16:00,517,849,0,736,16,4,11,4,5,0,517,13,16,0.91 
2015,11,12,22:00,137,517,0,727,8,16,3,12,5,4,517,15,21,0.70 
2015,11,05,22:10,517,52,0,764,8,16,6,9,2,7,517,11,22,0.55 
2015,11,05,22:10,517,52,2,764,10,16,9,6,1,10,517,18,21,1.03 
2015,11,04,17:00,517,320,7,764,16,9,11,4,5,5,517,16,18,0.86 
2015,11,04,17:00,320,517,6,764,13,16,9,6,4,10,517,19,21,0.89 
2015,11,01,11:00,517,719,6,767,6,16,4,11,2,5,517,16,18,0.91 
2015,11,01,11:00,719,517,14,767,11,16,8,7,3,9,517,32,19,1.77 
2015,11,01,11:00,517,719,0,767,13,16,8,7,5,9,517,20,20,1.05 
2015,11,01,11:00,517,719,7,767,8,16,6,9,2,7,517,15,16,1.01 
2015,10,31,11:30,517,360,0,767,16,13,8,7,8,6,517,19,23,0.82 
2015,10,31,11:30,517,360,14,767,16,9,7,8,9,1,517,14,17,0.87 
2015,10,30,14:00,517,765,4,767,16,12,5,10,11,2,517,27,20,1.29 
2015,10,30,14:00,765,517,14,767,16,7,8,7,8,0,517,10,20,0.52 
2015,10,30,14:00,517,765,0,767,16,6,10,5,6,1,517,26,13,1.66 
2015,10,21,21:15,784,517,7,727,1,16,1,14,0,2,517,10,11,0.85 
2015,09,28,21:30,517,647,14,790,3,16,3,12,0,4,517,9,17,0.60 
2015,09,28,21:30,647,517,7,790,14,16,9,6,5,10,517,20,21,0.96 
2015,09,28,21:30,647,517,6,790,16,6,11,4,5,2,517,13,18,0.80 
2015,09,22,22:15,517,970,0,806,14,16,5,10,9,6,517,28,21,1.39 
2015,09,22,19:00,517,971,14,806,4,16,3,12,1,4,517,6,19,0.29 
2015,09,22,19:00,971,517,0,806,14,16,8,7,6,9,517,30,22,1.27 
2015,09,22,19:00,971,517,7,806,16,1,14,1,2,0,517,3,17,0.15 
2015,09,21,20:30,517,500,0,806,16,5,10,5,6,0,517,26,12,1.61 
2015,09,21,20:30,500,517,7,806,10,16,4,11,6,5,517,23,17,1.22 
2015,09,14,20:45,517,369,7,815,16,19,7,8,8,7,517,22,29,0.83 
2015,09,05,19:40,993,756,7,766,16,9,11,4,5,5,756,12,21,0.58 
2015,08,17,19:00,517,944,7,815,13,16,9,6,4,10,517,19,23,0.90 
2015,08,07,23:00,517,370,7,867,11,16,5,10,6,6,517,20,20,1.02 
2015,08,07,23:00,370,517,6,867,11,16,8,7,3,9,517,25,18,1.24 
2015,08,07,23:00,517,370,1,867,8,16,3,12,5,4,517,20,20,1.17 
2015,06,25,22:45,215,517,0,883,16,11,11,4,5,7,517,19,21,0.96 
2015,06,25,22:45,517,215,14,883,13,16,6,9,7,7,517,16,24,0.70 
2015,06,17,20:00,517,292,4,883,19,16,9,6,6,9,517,29,27,1.13 
2015,06,17,20:00,292,517,7,883,18,22,5,10,10,5,517,24,28,0.88 
2015,05,27,22:15,517,250,7,883,6,16,5,10,1,6,517,15,21,0.74 
2015,05,27,22:15,517,250,0,883,16,14,10,5,6,9,517,27,20,1.35 
2015,05,26,22:15,517,59,4,883,10,16,8,7,2,9,517,14,22,0.71 
2015,05,26,22:15,59,517,7,883,16,5,11,4,5,1,517,9,20,0.42 
2015,05,24,20:00,517,676,0,883,6,16,5,10,1,6,517,10,20,0.51 
2015,05,24,20:00,676,517,7,883,7,16,2,13,5,3,517,22,18,1.23 
2015,05,14,21:00,214,517,0,883,16,5,13,2,3,3,517,9,19,0.52 
2015,05,14,21:00,517,214,4,883,10,16,6,9,4,7,517,21,17,1.11 
2015,05,11,22:30,517,647,6,920,13,16,11,4,2,12,517,17,20,0.84 
2015,05,05,22:15,711,517,6,883,16,4,12,3,4,1,517,8,18,0.50 
2015,05,05,22:15,517,711,14,883,10,16,7,8,3,8,517,19,19,0.96 
2015,04,29,20:00,517,8,2,883,5,16,4,11,1,5,517,11,20,0.59 
2015,04,29,20:00,8,517,7,883,16,10,7,8,9,2,517,15,20,0.78 
2015,04,21,20:45,1087,517,7,936,16,4,12,3,4,1,517,11,19,0.65 
2015,04,04,10:00,517,544,7,948,11,16,8,7,3,9,517,17,21,0.99 
2015,04,03,22:30,945,517,1,948,16,2,13,2,3,0,517,6,18,0.34 
2015,04,03,22:30,517,945,7,948,7,16,6,9,1,7,517,12,20,0.59 
2015,04,03,22:30,517,945,6,948,16,5,13,2,3,3,517,23,11,1.52 
2015,04,03,19:00,517,995,6,948,16,14,9,6,7,8,517,27,21,1.23 
2015,04,03,19:00,517,995,7,948,16,14,9,6,7,8,517,25,22,1.07 
2015,04,03,15:30,8,517,7,948,16,5,11,4,5,1,517,8,19,0.42 
2015,04,03,15:30,8,517,0,948,16,2,14,1,2,1,517,7,18,0.39 
2015,04,03,12:00,517,995,0,948,16,12,9,6,7,6,517,24,20,1.13 
2015,04,03,12:00,995,517,7,948,10,16,7,8,3,8,517,19,18,0.95 
2015,04,03,12:00,995,517,6,948,16,11,11,4,5,7,517,28,20,1.38 
2014,10,04,16:00,214,756,7,1014,16,5,10,5,6,0,756,3,20,0.16 
2014,08,23,20:40,756,854,1,1040,16,8,8,7,8,1,756,22,17,1.32 
2014,08,23,20:40,854,756,0,1040,9,16,8,7,1,9,756,27,16,1.34 
2014,08,02,09:40,648,517,1,1047,16,6,11,4,5,2,517,13,18,0.77 
2014,08,02,09:40,648,517,7,1047,16,7,9,6,7,1,517,13,18,0.75 
2014,08,02,09:40,648,517,0,1047,13,16,8,7,5,9,517,15,20,0.77 
2014,07,31,18:30,517,1111,0,1047,16,13,9,6,7,7,517,21,20,1.02 
2014,07,31,16:00,517,1225,0,1047,16,3,12,3,4,0,517,12,10,1.01 
2014,06,15,13:30,210,517,0,1062,16,12,9,6,7,6,517,18,20,0.89 
2014,06,15,13:30,210,517,1,1062,16,9,9,6,7,3,517,17,20,0.86 
2014,06,15,10:00,517,1238,0,1062,16,13,6,9,10,4,517,16,18,0.87 
2014,06,15,10:00,1238,517,6,1062,9,16,6,9,3,7,517,27,17,1.60 
2014,06,14,17:00,1218,517,6,1061,16,4,14,1,2,3,517,13,18,0.80 
2014,06,14,15:00,517,52,6,1061,3,16,3,12,0,4,517,8,15,0.55 
