2016,06,23,08:00,35,237,14,538,16,2,13,2,3,0,237,8,17,0.58 
2016,06,23,08:00,35,237,4,538,16,7,9,6,7,1,237,7,22,0.29 
2016,06,23,08:00,237,35,0,538,16,11,11,4,5,7,237,19,21,0.83 
2016,04,23,13:30,173,237,7,601,16,10,11,4,5,6,237,17,20,0.80 
2016,04,23,13:30,173,237,14,601,16,11,10,5,6,6,237,12,21,0.57 
2016,04,15,15:00,179,237,6,597,16,10,10,5,6,5,237,15,22,0.72 
2016,04,15,15:00,179,237,1,597,19,22,7,8,8,7,237,26,26,0.93 
2016,04,13,15:00,174,237,0,597,7,16,2,13,5,3,237,21,16,1.16 
2016,04,13,15:00,237,174,7,597,1,16,1,14,0,2,237,9,16,0.52 
2016,04,07,15:30,34,237,7,597,16,4,11,4,5,0,237,9,20,0.40 
2016,04,07,15:30,34,237,0,597,16,0,15,0,1,0,237,5,16,0.33 
2016,03,31,13:00,501,237,7,597,7,16,6,9,1,7,237,25,13,1.62 
2016,03,31,13:00,237,501,1,597,6,16,5,10,1,6,237,14,19,0.75 
2016,03,17,08:00,173,237,7,595,16,12,9,6,7,6,237,18,22,0.98 
2016,03,17,08:00,173,237,1,595,16,8,8,7,8,1,237,20,20,0.93 
2015,12,06,16:00,737,795,7,696,16,1,14,1,2,0,795,6,17,0.36 
2015,12,06,16:00,737,795,14,696,16,5,13,2,3,3,795,10,18,0.71 
2015,12,06,13:40,778,795,0,707,5,16,2,13,3,3,795,18,10,1.36 
2015,12,06,13:40,795,778,1,707,16,8,10,5,6,3,795,17,13,1.14 
2015,12,05,13:40,483,795,7,707,16,7,8,7,8,0,795,17,18,0.97 
2015,12,05,13:40,483,795,2,707,16,2,13,2,3,0,795,12,16,0.81 
2015,12,04,12:30,798,795,6,696,4,16,3,12,1,4,795,23,9,1.82 
2015,12,04,12:30,795,798,7,696,17,19,8,7,7,8,795,38,25,1.42 
2015,12,04,12:30,795,798,1,696,16,10,12,3,4,7,795,19,17,1.14 
2015,12,02,12:30,34,795,6,696,16,4,12,3,4,1,795,7,18,0.46 
2015,12,02,12:30,795,34,4,696,3,16,3,12,0,4,795,13,17,0.81 
2015,11,27,14:10,795,697,2,707,12,16,10,5,2,11,795,21,23,0.86 
2015,11,27,14:10,795,697,6,707,12,16,4,11,8,5,795,19,19,0.97 
2015,11,27,12:30,795,34,4,707,13,16,6,9,7,7,795,22,22,1.03 
2015,11,27,12:30,34,795,0,707,16,3,12,3,4,0,795,15,17,1.14 
2015,11,26,12:00,795,762,6,707,9,16,3,12,6,4,795,14,22,0.66 
2015,11,26,12:00,762,795,2,707,16,4,12,3,4,1,795,11,18,0.74 
2015,04,19,17:15,751,226,6,940,16,4,12,3,4,1,226,20,17,1.29 
2015,04,18,14:00,256,226,0,940,7,16,5,10,2,6,226,19,16,1.12 
2014,10,30,17:00,795,287,1,998,12,16,8,7,4,9,795,26,18,1.36 
2014,10,30,15:21,210,795,0,998,16,5,13,2,3,3,795,8,17,0.53 
2014,10,30,15:00,776,795,0,998,16,5,12,3,4,2,795,12,20,0.54 
2014,10,30,12:55,795,215,6,998,7,16,4,11,3,5,795,13,22,0.61 
2014,10,30,10:30,143,795,6,998,5,16,2,13,3,3,795,18,10,1.27 
2014,10,04,08:15,1196,795,6,1020,13,16,7,8,6,8,795,22,21,1.02 
2014,10,04,08:15,1196,795,7,1020,11,16,9,6,2,10,795,16,20,0.84 
2014,10,03,16:00,795,1196,7,1020,16,4,11,4,5,0,795,16,8,1.33 
2014,10,03,16:00,795,1196,6,1020,16,12,8,7,8,5,795,21,21,0.98 
2014,10,03,16:00,1196,795,5,1020,16,2,13,2,3,0,795,6,17,0.32 
2014,10,03,09:25,34,795,5,1020,23,25,7,8,8,7,795,36,34,1.05 
2014,10,03,09:25,34,795,7,1020,16,14,11,4,5,10,795,22,24,1.01 
2014,10,03,09:25,34,795,6,1020,7,16,4,11,3,5,795,21,13,1.42 
