2016,08,07,15:05,163,45,7,477,12,16,7,8,5,8,163,21,22,0.90 
2016,04,23,17:30,384,117,1,573,16,8,7,8,9,0,117,13,20,0.69 
2016,03,08,18:00,637,392,0,498,12,16,5,10,7,6,637,20,24,0.86 
2015,12,18,17:00,743,490,1,693,17,19,6,9,9,6,743,25,25,1.01 
2015,12,18,17:00,490,743,0,693,16,7,11,4,5,3,743,14,19,0.75 
2015,12,16,21:00,278,628,2,697,16,10,12,3,4,7,628,20,22,0.88 
2015,12,16,21:00,628,278,7,697,11,16,4,11,7,5,628,19,17,1.06 
2015,12,15,20:30,628,537,14,697,16,9,8,7,8,2,628,29,16,1.68 
2015,12,15,20:30,628,537,0,697,14,16,11,4,3,12,628,23,20,1.09 
2015,12,15,20:30,537,628,7,697,14,16,7,8,7,8,628,21,24,0.83 
2015,11,05,17:00,158,743,7,763,19,15,7,8,8,7,743,27,27,1.05 
2015,10,02,22:30,841,723,4,798,2,16,2,13,0,3,841,11,18,0.77 
2015,10,02,22:30,723,841,7,798,14,16,7,8,7,8,841,20,21,0.96 
2015,10,02,22:30,841,723,0,798,11,16,6,9,5,7,841,13,23,0.54 
2015,10,02,17:00,841,331,2,798,16,4,11,4,5,0,841,16,9,1.38 
2015,10,02,17:00,841,331,0,798,16,19,11,4,4,11,841,17,31,0.55 
2015,10,02,17:00,331,841,7,798,14,16,7,8,7,8,841,17,23,0.72 
2015,10,01,22:00,320,841,7,798,12,16,5,10,7,6,841,20,22,0.85 
2015,10,01,19:30,544,841,7,798,12,16,4,11,8,5,841,18,18,0.97 
2015,10,01,17:00,841,320,7,798,13,16,7,8,6,8,841,14,19,0.78 
2015,09,24,20:45,484,841,2,805,10,16,10,5,0,11,841,17,17,0.96 
2015,09,24,20:45,484,841,7,805,12,16,7,8,5,8,841,16,21,0.78 
2015,09,24,20:45,484,841,0,805,16,4,11,4,5,0,841,4,20,0.20 
2015,09,24,19:30,841,137,7,805,16,10,9,6,7,4,841,20,21,1.02 
2015,09,23,21:45,841,379,0,805,16,11,8,7,8,4,841,11,18,0.70 
2015,09,23,17:00,137,841,0,805,16,2,13,2,3,0,841,9,17,0.56 
2015,09,23,17:00,137,841,14,805,16,13,9,6,7,7,841,9,24,0.42 
2015,09,22,19:20,841,967,7,796,10,16,5,10,5,6,841,21,22,1.02 
2015,09,22,19:20,967,841,14,796,16,9,8,7,8,2,841,11,23,0.48 
2015,09,08,20:00,968,841,4,796,16,11,10,5,6,6,841,8,22,0.42 
2015,09,08,20:00,968,841,0,796,9,16,2,13,7,3,841,16,14,0.94 
2015,09,08,20:00,968,841,6,796,16,13,8,7,8,6,841,15,21,0.76 
2015,09,02,20:10,841,137,0,813,17,19,7,8,8,7,841,22,26,0.90 
2015,09,01,22:00,841,1016,0,813,16,7,11,4,5,3,841,23,16,1.44 
2015,09,01,20:15,137,841,0,813,16,6,10,5,6,1,841,11,20,0.54 
2015,09,01,18:00,52,841,6,836,16,5,11,4,5,1,841,7,18,0.48 
2015,08,31,17:30,841,458,7,836,8,16,4,11,4,5,841,16,19,0.85 
2015,08,31,17:30,841,458,0,836,13,16,6,9,7,7,841,19,24,0.83 
2015,08,31,17:30,458,841,6,836,18,21,9,6,6,9,841,29,25,1.03 
2015,08,20,20:30,944,841,14,847,19,16,10,5,5,10,841,17,28,0.72 
2015,08,19,22:30,1029,841,14,847,16,19,8,7,7,8,841,15,28,0.55 
2015,08,19,17:30,314,841,6,847,16,8,11,4,5,4,841,14,21,0.64 
2015,08,19,17:30,841,314,0,847,16,9,14,1,2,8,841,18,16,1.01 
2015,08,19,17:30,841,314,1,847,2,16,2,13,0,3,841,7,16,0.45 
2015,06,04,21:00,840,841,14,902,16,13,4,11,12,2,841,19,22,0.90 
2015,06,04,21:00,841,840,0,902,14,16,7,8,7,8,841,22,23,0.98 
2015,06,04,21:00,841,840,6,902,16,14,9,6,7,8,841,15,21,0.71 
2015,05,28,18:00,840,841,0,913,19,16,9,6,6,9,841,21,21,0.91 
2015,05,28,18:00,840,841,14,913,16,9,11,4,5,5,841,21,18,1.21 
2015,05,23,19:00,841,52,0,916,7,16,5,10,2,6,841,9,18,0.53 
2015,05,23,19:00,841,52,6,916,7,16,6,9,1,7,841,11,21,0.50 
2015,05,23,19:00,52,841,14,916,16,10,11,4,5,6,841,14,20,0.73 
2015,05,23,16:00,508,841,2,916,16,19,5,10,10,5,841,17,27,0.63 
2015,05,23,16:00,841,508,6,916,16,3,12,3,4,0,841,19,12,1.53 
2015,05,22,18:00,841,52,7,916,16,13,4,11,12,2,841,19,22,0.84 
2015,05,22,18:00,52,841,2,916,16,11,10,5,6,6,841,20,19,1.03 
2015,05,22,18:00,841,52,0,916,16,7,9,6,7,1,841,17,15,1.05 
2015,05,13,18:00,841,214,4,924,5,16,5,10,0,6,841,8,19,0.51 
2015,05,13,18:00,841,214,14,924,6,16,3,12,3,4,841,10,19,0.62 
2015,05,12,21:30,841,297,0,924,16,12,9,6,7,6,841,19,17,0.94 
2015,05,12,21:30,841,297,1,924,16,12,9,6,7,6,841,21,17,1.18 
2014,10,15,23:00,1175,1176,14,1008,16,10,10,5,6,5,1176,23,22,1.04 
2014,10,12,17:00,1177,1176,14,1008,16,8,11,4,5,4,1176,12,21,0.59 
2014,10,06,19:15,949,1176,4,1008,16,10,10,5,6,5,1176,18,21,0.85 
2014,09,30,21:30,403,1176,5,1008,16,10,14,1,2,9,1176,23,18,1.24 
2014,09,21,17:30,838,1176,6,1008,16,6,13,2,3,4,1176,7,18,0.43 
2014,06,11,20:20,8,648,5,1060,16,4,12,3,4,1,648,5,18,0.32 
2014,06,07,21:00,648,380,6,1060,4,16,4,11,0,5,648,6,18,0.36 
2014,06,02,20:00,838,648,0,1060,16,14,8,7,8,7,648,22,23,1.02 
2014,02,01,20:40,1291,1292,5,1091,16,9,9,6,7,3,1291,17,22,0.78 
2014,02,01,20:40,1291,1292,1,1091,16,5,11,4,5,1,1291,19,9,1.55 
