2016,07,10,17:00,302,303,14,523,16,6,10,5,6,1,302,15,14,1.02 
2016,07,10,17:00,303,302,2,523,7,16,7,8,0,8,302,12,17,0.80 
2016,07,09,15:00,8,302,0,523,12,16,9,6,3,10,302,21,20,1.05 
2016,07,09,15:00,302,8,5,523,16,5,12,3,4,2,302,19,14,1.22 
2016,07,09,15:00,8,302,14,523,19,17,9,6,6,9,302,25,21,1.15 
2016,07,08,13:45,302,13,5,523,19,17,9,6,6,9,302,26,24,1.02 
2016,07,08,13:45,13,302,0,523,7,16,3,12,4,4,302,11,14,0.82 
2016,07,06,18:55,302,285,14,523,16,6,12,3,4,3,302,18,13,1.25 
2016,07,05,18:45,302,292,14,523,16,11,7,8,9,3,302,18,20,0.85 
2016,06,26,21:00,70,292,4,540,5,16,4,11,1,5,70,12,19,0.61 
2016,06,26,21:00,292,70,1,540,16,11,8,7,8,4,70,18,23,0.87 
2016,06,26,16:30,70,270,14,540,16,14,7,8,9,6,70,27,17,1.30 
2016,06,26,16:30,70,270,4,540,16,3,12,3,4,0,70,16,13,1.21 
2016,06,24,16:10,303,70,2,540,12,16,5,10,7,6,70,19,20,0.88 
2016,06,24,13:15,250,70,2,540,12,16,6,9,6,7,70,15,15,0.89 
2016,05,28,04:00,257,70,1,502,9,16,1,14,8,2,70,19,13,1.21 
2016,05,28,04:00,70,257,14,502,19,16,7,8,8,7,70,30,25,1.11 
2016,05,28,04:00,257,70,0,502,16,11,9,6,7,5,70,14,24,0.63 
2016,05,26,20:00,303,70,5,502,12,16,10,5,2,11,70,24,17,1.31 
2016,05,26,20:00,303,70,0,502,6,16,5,10,1,6,70,19,11,1.42 
2016,05,25,21:45,257,70,2,502,10,16,5,10,5,6,70,23,21,1.16 
2016,05,25,20:40,70,257,1,502,16,7,10,5,6,2,70,22,10,1.54 
2016,05,25,00:10,70,303,14,502,16,14,3,12,13,2,70,24,20,1.10 
2016,05,24,23:15,303,70,1,502,6,16,4,11,2,5,70,18,14,1.19 
2016,05,24,19:50,70,286,2,502,16,0,15,0,1,0,70,23,7,2.24 
2016,05,24,18:00,70,286,14,502,19,17,9,6,6,9,70,29,22,1.12 
2016,05,15,18:00,292,70,6,576,16,19,8,7,7,8,70,33,25,1.32 
2016,05,15,18:00,70,292,1,576,16,11,6,9,10,2,70,6,17,0.49 
2016,05,15,18:00,292,70,14,576,16,10,7,8,9,2,70,13,22,0.70 
2016,05,15,18:00,70,292,2,576,16,13,11,4,5,9,70,20,22,0.93 
2016,05,15,18:00,292,70,4,576,16,10,9,6,7,4,70,21,19,1.12 
2016,05,14,16:00,250,70,14,576,10,16,5,10,5,6,70,25,18,1.32 
2016,05,14,16:00,250,70,1,576,16,8,10,5,6,3,70,12,15,0.82 
2016,05,14,16:00,70,250,4,576,16,4,13,2,3,2,70,22,16,1.46 
2016,05,12,17:35,312,70,4,576,13,16,9,6,4,10,70,22,17,1.13 
2016,05,12,17:35,70,312,6,576,16,12,7,8,9,4,70,21,20,1.07 
2016,05,11,21:45,253,70,2,576,13,16,9,6,4,10,70,13,25,0.57 
2016,05,11,21:45,253,70,4,576,12,16,9,6,3,10,70,24,17,1.41 
2016,05,11,21:45,70,253,1,576,9,16,8,7,1,9,70,13,19,0.70 
2016,05,11,15:30,70,292,2,576,12,16,11,4,1,12,70,17,23,0.82 
2016,05,09,00:30,70,424,14,582,16,9,9,6,7,3,70,13,14,0.84 
2016,05,09,00:30,424,70,0,582,9,16,6,9,3,7,70,19,13,1.33 
2016,05,08,21:55,70,303,2,582,16,14,8,7,8,7,70,25,27,0.91 
2016,05,08,21:55,70,303,1,582,16,6,10,5,6,1,70,18,18,1.04 
2016,05,07,05:00,70,257,0,582,16,3,15,0,1,3,70,17,11,1.52 
2016,05,06,22:00,70,362,2,582,16,5,14,1,2,4,70,18,12,1.31 
2016,05,05,04:15,70,312,2,563,16,11,6,9,10,2,70,29,17,1.67 
2016,05,05,04:15,312,70,14,563,4,16,2,13,2,3,70,17,11,1.25 
2016,05,05,01:00,303,70,1,563,12,16,5,10,7,6,70,25,17,1.46 
2016,05,05,01:00,70,303,0,563,16,1,14,1,2,0,70,17,8,1.40 
2016,05,04,04:10,70,291,1,563,16,9,6,9,10,0,70,20,17,1.14 
2016,05,04,04:10,70,291,4,563,16,11,11,4,5,7,70,33,14,1.82 
2016,05,02,04:00,116,70,0,563,13,16,4,11,9,5,70,34,20,1.61 
2016,05,02,04:00,70,116,1,563,16,6,12,3,4,3,70,25,12,1.56 
2016,05,01,22:00,270,70,2,563,12,16,8,7,4,9,70,23,20,1.11 
2016,05,01,22:00,270,70,1,563,14,16,7,8,7,8,70,23,23,1.08 
2016,05,01,22:00,270,70,14,563,16,13,8,7,8,6,70,22,22,0.99 
2016,04,30,04:30,257,70,0,563,14,16,9,6,5,10,70,28,21,1.22 
2016,04,30,04:30,257,70,1,563,7,16,5,10,2,6,70,26,10,1.94 
2016,04,29,01:00,38,70,2,563,14,16,3,12,11,4,70,23,21,1.12 
2016,04,29,01:00,70,38,1,563,16,12,9,6,7,6,70,15,21,0.76 
2016,04,28,01:00,70,446,1,563,16,6,9,6,7,0,70,19,14,1.15 
2016,04,28,01:00,70,446,0,563,16,5,11,4,5,1,70,18,10,1.45 
2016,04,27,03:15,69,70,4,598,6,16,5,10,1,6,70,14,15,0.92 
2016,04,27,02:00,69,70,6,598,14,16,11,4,3,12,70,29,21,1.32 
2016,04,24,03:00,70,286,6,598,16,13,7,8,9,5,70,21,18,1.01 
2016,04,24,02:00,70,286,2,598,16,3,12,3,4,0,70,21,9,1.75 
2016,04,20,23:00,70,366,2,563,19,16,9,6,6,9,70,30,23,1.41 
2016,04,20,23:00,366,70,4,563,11,16,9,6,2,10,70,24,17,1.26 
2016,04,14,11:00,70,34,6,608,12,16,6,9,6,7,70,18,20,0.89 
2016,04,14,11:00,34,70,4,608,7,16,4,11,3,5,70,19,13,1.22 
2016,04,14,11:00,34,70,7,608,16,14,6,9,10,5,70,21,23,0.91 
2016,04,13,17:00,214,70,7,608,16,7,11,4,5,3,70,12,15,0.80 
2016,04,12,11:00,34,70,0,608,7,16,3,12,4,4,70,25,14,1.58 
2016,04,03,19:45,70,215,4,615,16,2,13,2,3,0,70,21,13,1.65 
2016,04,03,19:45,215,70,0,615,17,19,11,4,4,11,70,30,26,1.23 
2016,04,02,23:45,303,70,7,615,16,19,9,6,6,9,70,21,27,0.74 
2016,04,02,23:45,303,70,0,615,15,19,7,8,8,7,70,23,17,1.04 
2016,04,02,16:00,8,70,4,615,11,16,3,12,8,4,70,19,21,0.90 
2016,04,02,16:00,70,8,14,615,16,10,11,4,5,6,70,21,21,0.92 
2016,04,02,16:00,70,8,7,615,17,19,5,10,10,5,70,21,29,0.76 
2016,03,30,22:30,70,250,0,615,16,5,10,5,6,0,70,9,13,0.70 
2016,03,29,18:00,70,214,0,615,16,13,10,5,6,8,70,21,17,1.18 
2016,03,24,03:30,70,471,0,598,16,5,12,3,4,2,70,17,14,1.17 
2016,03,24,02:00,70,471,4,598,16,13,11,4,5,9,70,22,19,1.18 
2016,03,22,01:00,70,270,7,590,16,2,13,2,3,0,70,14,8,1.20 
2016,03,22,01:00,70,270,14,590,16,6,10,5,6,1,70,29,13,1.83 
2016,03,22,01:00,270,70,0,590,16,11,5,10,11,1,70,16,25,0.64 
2016,03,21,05:30,362,70,6,598,8,16,6,9,2,7,70,25,15,1.47 
2016,03,21,04:45,362,70,2,598,11,16,8,7,3,9,70,31,16,1.57 
2016,03,20,03:00,70,291,4,598,16,12,12,3,4,9,70,20,18,1.05 
2016,03,20,02:00,291,70,14,598,9,16,6,9,3,7,70,22,16,1.28 
2016,03,19,21:50,70,69,4,624,14,16,10,5,4,11,70,18,20,0.87 
2016,03,19,21:50,70,69,7,624,13,16,11,4,2,12,70,16,21,0.93 
2016,03,19,21:50,69,70,0,624,12,16,8,7,4,9,70,25,20,1.14 
2016,03,18,05:30,70,257,14,598,16,7,10,5,6,2,70,22,12,1.34 
2016,03,18,04:30,70,257,4,598,13,16,11,4,2,12,70,22,22,1.17 
2016,03,17,04:00,334,70,6,590,9,16,6,9,3,7,70,19,17,0.99 
2016,03,17,04:00,70,334,7,590,16,3,12,3,4,0,70,18,9,1.56 
2016,03,11,04:00,366,70,0,598,9,16,9,6,0,10,70,16,16,0.94 
2016,03,11,03:00,70,366,6,598,16,3,12,3,4,0,70,19,7,1.56 
2016,03,10,06:15,70,279,2,598,3,16,3,12,0,4,70,10,18,0.54 
2016,03,10,05:15,279,70,4,598,11,16,6,9,5,7,70,31,15,1.69 
2016,03,05,19:00,70,210,6,637,15,19,12,3,3,12,70,20,27,0.78 
2016,03,05,19:00,70,210,7,637,3,16,3,12,0,4,70,14,15,1.00 
2016,03,05,19:00,70,210,4,637,17,19,12,3,3,12,70,27,26,1.05 
2016,03,04,21:30,215,70,6,637,12,16,6,9,6,7,70,15,17,0.77 
2016,03,04,21:30,70,215,4,637,22,19,7,8,8,7,70,22,30,0.77 
2016,03,02,21:20,70,250,0,637,13,16,12,3,1,13,70,20,21,0.90 
2016,03,02,20:00,214,70,14,637,14,16,7,8,7,8,70,29,19,1.38 
2016,03,02,18:40,70,150,6,637,16,6,12,3,4,3,70,19,11,1.47 
2016,03,02,16:00,70,210,6,637,16,12,9,6,7,6,70,33,17,1.95 
2016,03,02,14:40,70,215,0,637,16,11,9,6,7,5,70,29,15,1.65 
2016,02,17,03:00,116,70,2,598,9,16,5,10,4,6,70,15,20,0.78 
2016,02,17,02:00,70,116,6,598,16,2,14,1,2,1,70,23,10,1.82 
2016,02,12,05:30,70,303,14,598,16,11,10,5,6,6,70,18,17,1.01 
2016,02,12,04:00,303,70,4,598,13,16,7,8,6,8,70,26,24,1.19 
2016,01,24,13:30,215,70,14,667,19,16,5,10,10,5,70,19,24,0.89 
2016,01,24,13:30,70,215,2,667,16,19,9,6,6,9,70,23,26,0.91 
2016,01,23,17:45,253,70,4,667,12,16,6,9,6,7,70,20,19,1.09 
2016,01,23,17:45,253,70,2,667,8,16,7,8,1,8,70,21,15,1.33 
2016,01,23,12:00,285,70,7,667,5,16,2,13,3,3,70,25,12,1.70 
2016,01,23,12:00,285,70,2,667,7,16,5,10,2,6,70,18,11,1.31 
2016,01,22,18:40,302,70,2,667,10,16,8,7,2,9,70,24,14,1.46 
2016,01,22,18:40,70,302,0,667,10,16,9,6,1,10,70,17,20,0.89 
2016,01,22,18:40,302,70,4,667,7,16,6,9,1,7,70,19,15,1.20 
2016,01,22,12:00,70,285,6,667,9,16,4,11,5,5,70,14,23,0.65 
2016,01,16,12:00,70,210,6,671,14,16,9,6,5,10,70,17,28,0.64 
2016,01,16,12:00,210,70,7,671,16,7,10,5,6,2,70,11,17,0.79 
2016,01,16,12:00,210,70,0,671,6,16,4,11,2,5,70,28,11,1.95 
2016,01,13,18:00,215,70,0,671,9,16,8,7,1,9,70,11,18,0.74 
2016,01,13,18:00,70,215,2,671,16,14,8,7,8,7,70,19,19,0.96 
2016,01,13,15:45,292,70,6,671,7,16,5,10,2,6,70,21,12,1.23 
2016,01,13,15:45,70,292,2,671,16,9,8,7,8,2,70,14,15,0.82 
2016,01,10,20:00,70,404,14,677,16,11,14,1,2,10,70,14,18,0.81 
2016,01,10,20:00,404,70,0,677,2,16,2,13,0,3,70,17,10,1.35 
2016,01,10,20:00,70,404,7,677,16,4,12,3,4,1,70,19,11,1.39 
2016,01,09,19:30,278,70,2,677,8,16,7,8,1,8,70,19,16,1.15 
2016,01,09,19:30,70,278,0,677,16,1,14,1,2,0,70,15,6,1.57 
2016,01,08,23:15,497,70,14,677,5,16,5,10,0,6,70,19,12,1.30 
2016,01,08,16:30,95,70,0,677,2,16,2,13,0,3,70,16,11,1.35 
2016,01,07,21:45,70,194,14,677,16,8,13,2,3,6,70,27,14,1.67 
2016,01,06,22:45,70,6,14,677,16,2,13,2,3,0,70,25,10,2.17 
2015,12,12,22:00,215,70,0,705,16,6,10,5,6,1,70,12,20,0.64 
2015,12,12,21:58,70,215,2,705,16,12,5,10,11,2,70,26,20,1.17 
2015,12,12,21:58,70,215,14,705,11,16,8,7,3,9,70,20,20,0.94 
2015,12,12,04:00,70,291,4,705,16,12,8,7,8,5,70,22,17,1.08 
2015,12,12,03:58,291,70,0,705,8,16,7,8,1,8,70,14,13,0.93 
2015,12,11,02:30,70,215,6,705,15,19,8,7,7,8,70,18,26,0.67 
2015,12,11,02:30,215,70,1,705,16,5,10,5,6,0,70,9,18,0.50 
2015,11,28,21:35,70,210,6,728,7,16,6,9,1,7,70,13,18,0.73 
2015,11,28,21:35,70,210,14,728,11,16,6,9,5,7,70,15,21,0.80 
2015,11,28,21:35,210,70,2,728,9,16,7,8,2,8,70,17,13,1.08 
2015,11,28,17:40,270,70,6,728,17,21,6,9,9,6,70,31,23,1.23 
2015,11,28,17:32,270,70,4,728,6,16,6,9,0,7,70,19,13,1.21 
2015,11,28,17:32,270,70,0,728,16,5,14,1,2,4,70,11,19,0.71 
2015,11,27,21:00,250,70,14,728,6,16,6,9,0,7,70,23,15,1.42 
2015,11,27,21:00,250,70,7,728,21,19,6,9,9,6,70,26,31,0.83 
2015,11,27,21:00,70,250,0,728,16,10,12,3,4,7,70,26,14,1.57 
2015,11,27,15:00,258,70,6,728,11,16,7,8,4,8,70,18,20,0.83 
2015,11,27,15:00,258,70,14,728,16,8,8,7,8,1,70,16,18,0.98 
2015,11,27,15:00,70,258,0,728,16,6,10,5,6,1,70,26,14,1.49 
2015,11,26,19:00,210,70,1,728,16,0,15,0,1,0,70,5,15,0.31 
2015,11,22,02:40,70,215,4,734,17,19,8,7,7,8,70,27,26,1.05 
2015,11,22,02:40,70,215,0,734,13,16,9,6,4,10,70,21,22,1.10 
2015,11,20,04:15,70,805,2,696,16,13,8,7,8,6,70,24,21,1.12 
2015,11,20,04:15,70,805,14,696,16,3,12,3,4,0,70,16,10,1.30 
2015,11,20,02:00,257,70,6,740,4,16,3,12,1,4,70,24,9,1.92 
2015,11,19,07:15,70,286,1,744,12,16,10,5,2,11,70,23,19,1.16 
2015,11,19,07:15,70,286,2,744,12,16,8,7,4,9,70,27,22,1.25 
2015,11,19,04:00,702,70,7,744,13,16,3,12,10,4,70,18,18,0.99 
2015,11,19,04:00,702,70,2,744,7,16,5,10,2,6,70,29,13,1.71 
2015,11,19,04:00,70,702,1,744,13,16,5,10,8,6,70,21,22,0.92 
2015,11,18,22:00,70,303,1,744,11,16,9,6,2,10,70,15,18,0.97 
2015,11,18,22:00,70,303,4,744,19,17,7,8,8,7,70,30,27,1.08 
2015,11,18,22:00,303,70,6,744,22,19,11,4,4,11,70,23,32,0.79 
2015,11,18,05:30,70,682,2,744,16,3,12,3,4,0,70,13,11,1.04 
2015,11,18,05:30,682,70,0,744,17,19,5,10,10,5,70,30,27,1.11 
2015,11,17,23:45,510,70,6,744,3,16,2,13,1,3,70,21,7,1.77 
2015,11,17,22:30,279,70,0,744,9,16,6,9,3,7,70,30,18,1.56 
2015,11,17,21:00,70,704,0,744,16,7,9,6,7,1,70,28,17,1.51 
2015,11,15,21:35,70,257,1,748,7,16,2,13,5,3,70,11,18,0.65 
2015,11,15,21:35,257,70,14,748,16,9,12,3,4,6,70,21,21,1.09 
2015,11,14,21:05,286,70,14,748,0,16,0,15,0,1,70,18,9,1.51 
2015,11,14,19:00,70,279,1,748,16,5,11,4,5,1,70,23,10,1.62 
2015,11,13,06:00,70,303,1,749,16,14,7,8,9,6,70,27,19,1.40 
2015,11,13,05:00,70,257,4,749,16,13,8,7,8,6,70,27,20,1.33 
2015,11,13,04:00,303,70,14,749,11,16,7,8,4,8,70,15,18,0.82 
2015,11,13,03:00,70,116,6,749,16,12,9,6,7,6,70,23,19,1.11 
2015,11,13,02:00,70,682,2,740,16,12,7,8,9,4,70,23,23,1.06 
2015,11,12,05:40,70,496,0,696,16,5,13,2,3,3,70,20,12,1.37 
2015,11,12,05:40,496,70,7,696,16,14,6,9,10,5,70,31,23,1.34 
2015,11,12,05:40,496,70,6,696,8,16,5,10,3,6,70,24,17,1.39 
2015,11,12,05:00,70,279,1,740,16,5,11,4,5,1,70,22,15,1.36 
2015,11,12,02:15,70,279,4,749,16,9,9,6,7,3,70,23,13,1.42 
2015,11,11,05:00,291,70,14,740,10,16,7,8,3,8,70,19,19,1.05 
2015,11,11,04:00,70,362,14,749,16,12,11,4,5,8,70,22,17,1.08 
2015,11,11,03:00,362,70,2,749,11,16,5,10,6,6,70,30,19,1.56 
2015,11,07,23:55,70,711,6,758,14,16,9,6,5,10,70,25,21,1.13 
2015,11,07,23:55,70,711,14,758,16,11,12,3,4,8,70,15,21,0.73 
2015,11,07,23:55,711,70,7,758,16,11,7,8,9,3,70,19,22,0.87 
2015,11,07,17:50,70,214,0,758,7,16,4,11,3,5,70,17,19,0.96 
2015,11,07,17:50,70,214,1,758,12,16,11,4,1,12,70,22,19,1.29 
2015,11,06,23:00,711,70,14,758,10,16,8,7,2,9,70,22,16,1.33 
2015,11,06,23:00,70,711,7,758,16,6,10,5,6,1,70,24,15,1.49 
2015,11,05,05:00,70,291,7,740,16,4,12,3,4,1,70,21,12,1.52 
2015,11,05,04:15,70,805,6,740,16,4,12,3,4,1,70,28,9,2.14 
2015,11,05,03:00,303,70,14,740,16,6,9,6,7,0,70,7,20,0.37 
2015,10,31,19:30,70,215,4,766,13,16,9,6,4,10,70,20,23,0.84 
2015,10,31,19:30,215,70,1,766,16,14,9,6,7,8,70,31,24,1.53 
2015,10,29,17:30,70,210,6,766,16,13,7,8,9,5,70,20,20,0.95 
2015,10,28,12:00,70,257,1,766,16,11,8,7,8,4,70,12,18,0.75 
2015,10,25,01:00,896,70,7,740,17,19,5,10,10,5,70,28,31,1.02 
2015,10,25,00:00,682,70,1,740,11,16,6,9,5,7,70,24,16,1.27 
2015,10,23,03:00,496,70,1,740,16,5,11,4,5,1,70,14,19,0.88 
2015,10,23,02:00,70,362,0,740,16,10,9,6,7,4,70,23,15,1.29 
2015,10,22,02:00,279,70,4,740,16,7,9,6,7,1,70,8,17,0.53 
2015,10,16,05:15,70,496,0,740,16,3,12,3,4,0,70,22,13,1.53 
2015,10,16,04:00,70,116,7,749,21,19,11,4,4,11,70,33,30,1.15 
2015,10,16,02:00,70,303,4,740,9,16,6,9,3,7,70,18,18,1.02 
2015,10,15,04:00,257,70,4,749,16,7,9,6,7,1,70,12,17,0.67 
2015,10,15,02:00,279,70,2,749,3,16,3,12,0,4,70,11,14,0.82 
2015,10,14,05:00,116,70,14,740,10,16,8,7,2,9,70,23,17,1.31 
2015,10,14,03:00,70,738,0,740,16,11,11,4,5,7,70,23,18,1.18 
2015,10,12,04:15,70,303,1,783,14,16,6,9,8,7,70,23,18,1.20 
2015,10,12,04:15,70,303,4,783,13,16,7,8,6,8,70,21,16,1.15 
2015,10,10,02:00,70,702,7,725,16,14,7,8,9,6,70,21,22,0.96 
2015,10,10,02:00,70,702,14,725,16,5,12,3,4,2,70,19,12,1.30 
2015,10,06,06:15,362,70,1,725,4,16,4,11,0,5,70,22,14,1.51 
2015,10,06,06:15,70,362,14,725,16,9,7,8,9,1,70,22,15,1.39 
2015,10,05,02:30,279,70,6,783,13,16,6,9,7,7,70,27,22,1.23 
2015,10,05,02:30,70,279,7,783,16,4,13,2,3,2,70,13,11,1.06 
2015,10,02,04:00,738,70,2,740,11,16,9,6,2,10,70,15,21,0.75 
2015,10,02,03:15,257,70,2,740,16,6,12,3,4,3,70,15,17,0.94 
2015,10,01,02:00,116,70,4,740,16,5,10,5,6,0,70,14,18,0.81 
2015,09,30,02:00,70,933,1,783,16,7,9,6,7,1,70,24,13,1.71 
2015,09,30,02:00,70,933,0,783,16,10,9,6,7,4,70,19,16,1.26 
2015,09,29,02:00,70,738,1,783,16,10,7,8,9,2,70,29,10,1.77 
2015,09,29,02:00,70,738,14,783,16,14,6,9,10,5,70,23,20,1.09 
2015,09,25,04:15,70,805,6,725,16,4,12,3,4,1,70,17,10,1.44 
2015,09,25,03:30,70,910,7,725,16,7,10,5,6,2,70,23,13,1.47 
2015,09,24,04:15,70,116,14,783,16,1,14,1,2,0,70,17,4,1.66 
2015,09,24,04:15,116,70,1,783,5,16,5,10,0,6,70,21,14,1.36 
2015,09,23,04:00,805,70,7,740,6,16,3,12,3,4,70,20,10,1.49 
2015,09,22,02:00,946,70,7,783,16,8,9,6,7,2,70,11,22,0.50 
2015,09,22,02:00,70,946,6,783,16,4,11,4,5,0,70,23,10,1.66 
2015,09,21,03:00,70,436,1,725,16,3,13,2,3,1,70,22,8,1.81 
2015,09,18,05:15,738,70,7,810,21,26,10,5,5,10,70,34,33,1.02 
2015,09,18,05:15,70,738,6,810,8,16,3,12,5,4,70,19,18,1.11 
2015,09,18,05:15,738,70,0,810,6,16,4,11,2,5,70,22,17,1.26 
2015,09,18,01:00,702,70,0,810,11,16,8,7,3,9,70,28,16,1.47 
2015,09,18,01:00,702,70,7,810,19,21,10,5,5,10,70,35,31,1.25 
2015,09,18,01:00,70,702,2,810,13,16,4,11,9,5,70,17,22,0.91 
2015,09,17,04:15,70,496,4,783,16,1,14,1,2,0,70,14,9,1.24 
2015,09,17,04:15,70,496,1,783,16,13,6,9,10,4,70,19,18,0.94 
2015,09,17,02:30,70,291,0,783,9,16,8,7,1,9,70,17,18,0.96 
2015,09,17,02:30,291,70,7,783,8,16,8,7,0,9,70,20,18,1.12 
2015,09,14,03:45,303,70,0,819,16,11,11,4,5,7,70,18,21,0.85 
2015,09,14,03:45,70,303,7,819,5,16,3,12,2,4,70,18,16,1.27 
2015,09,14,03:45,303,70,6,819,20,22,10,5,5,10,70,22,27,0.84 
2015,09,13,18:15,738,70,6,819,21,25,9,6,6,9,70,25,32,0.80 
2015,09,13,18:15,70,738,14,819,19,22,9,6,6,9,70,28,31,1.05 
2015,09,13,18:15,738,70,2,819,14,16,5,10,9,6,70,22,19,1.12 
2015,09,12,20:45,70,984,14,819,16,8,9,6,7,2,70,12,17,0.70 
2015,09,12,20:45,70,984,7,819,16,13,8,7,8,6,70,18,20,0.93 
2015,09,12,20:45,984,70,4,819,16,8,12,3,4,5,70,13,19,0.72 
2015,09,12,01:00,303,70,0,823,16,7,11,4,5,3,70,15,18,0.90 
2015,09,12,01:00,70,303,7,823,8,16,7,8,1,8,70,11,20,0.59 
2015,09,12,01:00,303,70,14,823,16,9,8,7,8,2,70,12,22,0.55 
2015,09,12,01:00,70,303,4,823,21,19,6,9,9,6,70,29,25,1.09 
2015,09,10,05:45,682,70,4,783,8,16,8,7,0,9,70,24,20,1.21 
2015,09,10,05:45,70,682,6,783,12,16,8,7,4,9,70,23,20,1.17 
2015,09,10,03:00,70,291,4,823,16,4,11,4,5,0,70,18,9,1.46 
2015,09,10,03:00,70,291,14,823,14,16,9,6,5,10,70,27,19,1.30 
2015,09,10,03:00,291,70,0,823,14,16,9,6,5,10,70,20,24,0.97 
2015,09,09,00:15,496,70,2,823,11,16,9,6,2,10,70,19,17,1.28 
2015,09,09,00:15,70,496,1,823,16,4,13,2,3,2,70,11,13,0.77 
2015,09,07,06:50,291,70,14,827,16,1,14,1,2,0,70,6,16,0.34 
2015,09,07,06:50,70,291,0,827,16,6,12,3,4,3,70,20,11,1.35 
2015,09,07,06:50,291,70,4,827,16,6,10,5,6,1,70,10,17,0.64 
2015,09,07,03:00,805,70,6,827,7,16,4,11,3,5,70,18,16,1.13 
2015,09,07,03:00,805,70,4,827,6,16,3,12,3,4,70,26,9,1.87 
2015,09,07,03:00,70,805,2,827,10,16,4,11,6,5,70,20,22,1.01 
2015,09,06,23:00,291,70,7,827,16,6,10,5,6,1,70,13,16,0.77 
2015,09,06,23:00,70,291,2,827,16,1,14,1,2,0,70,18,9,1.54 
2015,09,06,23:00,291,70,14,827,16,3,12,3,4,0,70,7,17,0.39 
2015,09,06,04:30,805,70,14,827,13,16,12,3,1,13,70,23,22,1.06 
2015,09,06,04:30,70,805,7,827,16,11,12,3,4,8,70,21,17,1.19 
2015,09,06,01:30,796,70,7,827,8,16,6,9,2,7,70,22,16,1.26 
2015,09,06,01:30,70,796,4,827,16,5,10,5,6,0,70,26,12,1.80 
2015,09,05,21:00,702,70,0,827,10,16,9,6,1,10,70,23,17,1.24 
2015,09,05,19:30,70,1004,1,827,16,1,14,1,2,0,70,23,5,2.01 
2015,09,03,04:45,70,362,6,783,16,6,10,5,6,1,70,16,11,1.12 
2015,09,03,04:45,362,70,7,783,11,16,2,13,9,3,70,24,17,1.28 
2015,09,01,02:30,805,70,0,783,10,16,9,6,1,10,70,22,20,1.12 
2015,09,01,02:30,70,805,14,783,16,8,10,5,6,3,70,11,14,0.72 
2015,08,22,21:00,70,210,0,846,14,16,7,8,7,8,70,27,23,1.25 
2015,08,22,21:00,210,70,2,846,16,5,12,3,4,2,70,13,18,0.83 
2015,08,21,22:05,70,13,14,846,22,18,9,6,6,9,70,29,28,0.97 
2015,08,20,18:05,258,70,14,846,19,16,8,7,7,8,70,28,26,1.09 
2015,08,20,15:25,70,23,4,846,16,6,10,5,6,1,70,22,13,1.51 
2015,07,10,19:00,404,1049,0,875,16,3,12,3,4,0,404,21,12,1.59 
2015,07,10,17:30,404,257,4,875,6,16,5,10,1,6,404,11,17,0.71 
2015,07,10,16:00,404,13,14,875,13,16,8,7,5,9,404,27,18,1.41 
2015,07,03,18:45,210,404,2,877,19,16,8,7,7,8,404,23,26,0.83 
2015,07,03,18:45,210,404,6,877,16,5,12,3,4,2,404,12,16,0.84 
2015,07,02,21:38,404,291,7,877,9,16,8,7,1,9,404,17,20,0.82 
2015,07,02,16:50,270,404,6,877,12,16,7,8,5,8,404,28,15,1.54 
2015,06,23,02:00,404,1035,0,888,16,13,7,8,9,5,404,24,19,1.17 
2015,06,22,04:00,291,404,14,888,12,16,9,6,3,10,404,30,18,1.56 
2015,06,21,02:30,404,334,6,888,16,3,12,3,4,0,404,13,6,1.21 
2015,06,21,01:30,496,404,7,888,19,16,5,10,10,5,404,29,24,1.28 
2015,06,12,04:00,70,404,0,888,27,31,13,2,2,13,404,47,46,1.05 
2015,06,12,03:00,1023,404,2,888,8,16,6,9,2,7,404,28,13,1.80 
2015,06,11,04:30,404,257,4,888,16,6,13,2,3,4,404,28,8,2.00 
2015,06,10,05:00,404,1056,1,888,16,12,11,4,5,8,404,30,15,1.65 
2015,06,03,04:00,303,404,1,888,19,22,3,12,12,3,404,25,31,0.84 
2015,06,03,01:00,404,70,6,905,10,16,8,7,2,9,404,14,20,0.75 
2015,06,03,01:00,70,404,14,905,16,6,11,4,5,2,404,11,21,0.59 
2015,06,02,04:15,404,1056,1,905,16,13,6,9,10,4,404,25,18,1.27 
2015,06,02,04:15,404,1056,7,905,16,6,10,5,6,1,404,29,14,1.93 
2015,06,02,02:00,1057,404,2,888,16,8,10,5,6,3,404,16,20,0.81 
2015,06,01,04:00,404,1035,7,888,16,11,6,9,10,2,404,22,20,1.17 
2015,05,29,04:00,496,404,6,888,11,16,4,11,7,5,404,27,15,1.34 
2015,05,29,03:00,404,1023,4,888,16,5,10,5,6,0,404,16,15,0.98 
2015,05,25,01:00,303,404,0,888,16,13,10,5,6,8,404,24,19,1.23 
2015,05,22,05:00,291,404,14,888,12,16,6,9,6,7,404,20,20,1.04 
2015,05,21,02:00,257,404,1,888,16,12,11,4,5,8,404,25,22,1.19 
2015,05,20,02:00,404,1057,6,888,16,8,11,4,5,4,404,12,13,0.96 
2015,05,14,05:00,404,1056,7,888,16,8,10,5,6,3,404,22,11,1.50 
2015,05,14,04:00,70,404,2,888,15,19,10,5,5,10,404,32,21,1.35 
2015,05,13,05:00,404,334,6,888,16,11,6,9,10,2,404,31,18,1.62 
2015,05,13,03:00,424,404,4,888,8,16,5,10,3,6,404,22,15,1.31 
2015,03,13,19:45,8,404,5,954,16,1,14,1,2,0,404,4,17,0.20 
2015,03,13,19:45,404,8,4,954,19,17,11,4,4,11,404,27,26,0.97 
2015,03,13,19:45,8,404,0,954,16,4,12,3,4,1,404,17,18,1.08 
2015,03,12,21:30,291,404,1,954,8,16,2,13,6,3,404,24,11,1.50 
2015,03,12,19:35,59,404,6,954,12,16,10,5,2,11,404,22,21,0.98 
2015,03,12,18:00,404,250,6,954,9,16,2,13,7,3,404,13,19,0.72 
2015,02,15,19:00,1146,22,6,959,16,3,13,2,3,1,1146,15,11,1.19 
2015,02,15,13:45,1051,1146,5,959,11,16,9,6,2,10,1146,29,15,1.52 
2015,02,15,11:00,214,1146,1,959,16,10,9,6,7,4,1146,24,20,1.14 
2015,01,24,22:02,250,1146,6,963,16,3,14,1,2,2,1146,14,17,0.81 
2015,01,24,06:40,22,1146,1,963,16,4,12,3,4,1,1146,14,18,0.90 
2015,01,24,01:25,257,1146,0,963,4,16,4,11,0,5,1146,16,11,1.24 
2014,10,31,16:30,59,1146,0,998,16,5,13,2,3,3,1146,7,20,0.34 
2014,10,31,14:30,1146,509,1,998,16,12,10,5,6,7,1146,22,19,1.09 
2014,10,31,13:00,384,1146,6,998,16,9,12,3,4,6,1146,12,22,0.61 
2014,10,31,11:50,1146,250,7,998,7,16,5,10,2,6,1146,16,20,0.79 
2014,10,31,10:40,711,1146,1,998,16,9,9,6,7,3,1146,19,17,1.06 
2014,10,19,21:00,1174,1146,6,1006,12,16,8,7,4,9,1146,25,18,1.22 
2014,10,19,21:00,1146,1174,0,1006,16,10,9,6,7,4,1146,25,19,1.36 
2014,10,19,21:00,1146,1174,1,1006,14,16,6,9,8,7,1146,29,20,1.37 
