2016,08,07,17:25,153,156,0,477,16,8,10,5,6,3,156,13,16,0.85 
2016,08,07,16:10,45,156,7,477,13,16,9,6,4,10,156,22,23,0.94 
2016,08,07,15:00,102,156,4,477,9,16,7,8,2,8,156,22,18,1.20 
2016,06,27,16:15,261,52,0,487,0,16,0,15,0,1,261,8,15,0.54 
2016,06,27,16:15,52,261,1,487,16,12,5,10,11,2,261,22,19,1.23 
2016,06,14,20:00,356,156,4,551,14,16,8,7,6,9,156,23,19,1.15 
2016,06,14,20:00,356,156,0,551,16,14,5,10,11,4,156,16,22,0.80 
2016,06,14,20:00,156,356,7,551,16,11,7,8,9,3,156,17,16,0.97 
2016,06,14,18:00,357,156,0,551,3,16,3,12,0,4,156,21,6,1.70 
2016,06,14,18:00,156,357,7,551,16,3,12,3,4,0,156,27,8,2.21 
2016,05,28,18:30,30,177,0,546,16,8,12,3,4,5,177,6,20,0.37 
2016,05,24,22:00,177,301,4,498,16,6,10,5,6,1,177,14,14,0.96 
2016,05,24,22:00,177,301,1,498,13,16,3,12,10,4,177,22,19,1.04 
2016,04,24,15:00,177,302,4,573,6,16,3,12,3,4,177,13,19,0.71 
2016,04,24,15:00,177,302,7,573,16,14,3,12,13,2,177,21,19,1.15 
2016,04,24,15:00,177,302,0,573,10,16,7,8,3,8,177,20,20,0.99 
2016,04,23,18:30,177,384,6,573,10,16,8,7,2,9,177,8,23,0.37 
2016,04,23,16:45,177,480,0,573,16,1,14,1,2,0,177,8,7,0.94 
2016,04,21,18:15,177,484,0,579,16,4,11,4,5,0,177,14,15,0.93 
2016,04,21,18:15,484,177,4,579,11,16,4,11,7,5,177,18,21,0.89 
2016,04,20,21:10,177,132,7,605,9,16,5,10,4,6,177,9,20,0.51 
2016,04,20,21:10,132,177,6,605,16,8,8,7,8,1,177,11,15,0.71 
2016,04,18,21:00,177,484,4,605,16,13,10,5,6,8,177,18,19,1.00 
2016,04,18,21:00,484,177,6,605,7,16,5,10,2,6,177,14,13,0.94 
2016,04,14,21:30,152,177,6,605,7,16,3,12,4,4,177,14,13,0.91 
2016,04,14,21:30,152,177,0,605,14,16,11,4,3,12,177,22,23,0.90 
2016,04,14,21:30,177,152,7,605,5,16,4,11,1,5,177,17,16,1.09 
2016,04,13,21:00,177,13,0,579,6,16,3,12,3,4,177,8,20,0.48 
2016,04,13,21:00,13,177,14,579,16,11,10,5,6,6,177,14,20,0.69 
2016,04,04,18:00,59,177,1,536,11,16,5,10,6,6,177,28,13,1.65 
2016,04,04,18:00,177,59,0,536,16,6,12,3,4,3,177,12,13,0.87 
2016,03,30,21:15,132,177,0,605,6,16,3,12,3,4,177,19,14,1.28 
2016,03,30,21:15,132,177,1,605,13,16,6,9,7,7,177,27,15,1.37 
2016,03,25,00:30,537,177,14,579,7,16,3,12,4,4,177,16,14,1.10 
2016,03,25,00:30,177,537,0,579,16,7,10,5,6,2,177,14,13,0.99 
2016,03,24,21:00,439,177,1,579,19,22,9,6,6,9,177,22,28,0.81 
2016,03,24,21:00,439,177,14,579,16,8,10,5,6,3,177,13,20,0.64 
2016,03,24,21:00,177,439,0,579,16,11,12,3,4,8,177,20,18,0.98 
2016,03,24,18:00,177,101,6,605,16,4,12,3,4,1,177,21,8,1.69 
2016,03,23,19:00,584,496,0,579,16,12,11,4,5,8,584,24,17,1.18 
2016,03,22,20:30,509,584,0,536,10,16,6,9,4,7,584,16,21,0.74 
2016,03,22,20:30,584,509,14,536,16,14,11,4,5,10,584,14,20,0.72 
2016,02,21,11:00,674,360,14,648,4,16,1,14,3,2,674,7,16,0.57 
2016,02,21,11:00,360,674,0,648,16,10,12,3,4,7,674,16,19,0.80 
2016,02,21,11:00,360,674,7,648,12,16,9,6,3,10,674,25,16,1.43 
2016,02,20,20:30,674,455,14,648,16,9,10,5,6,4,674,14,22,0.68 
2016,02,20,20:30,674,455,0,648,16,14,6,9,10,5,674,20,19,1.03 
2016,02,20,20:30,674,455,7,648,12,16,7,8,5,8,674,17,20,0.95 
2016,02,20,17:30,513,674,7,648,7,16,2,13,5,3,674,15,12,1.06 
2016,02,20,17:30,513,674,1,648,3,16,3,12,0,4,674,12,9,1.05 
2016,02,20,11:00,674,455,0,648,14,16,7,8,7,8,674,18,21,0.84 
2015,12,20,15:30,725,723,6,686,13,16,9,6,4,10,725,21,20,1.12 
2015,12,20,15:30,723,725,7,686,16,13,8,7,8,6,725,21,24,0.91 
2015,12,20,10:45,725,314,0,686,16,7,12,3,4,4,725,19,13,1.27 
2015,12,20,10:45,314,725,7,686,15,19,8,7,7,8,725,33,22,1.42 
2015,12,19,19:45,320,725,7,686,10,16,5,10,5,6,725,22,18,1.31 
2015,12,19,12:15,725,724,1,686,10,16,4,11,6,5,725,19,21,0.95 
2015,12,10,19:00,472,776,6,710,12,16,11,4,1,12,776,16,16,0.99 
2015,12,10,19:00,776,472,0,710,19,17,5,10,10,5,776,32,26,1.19 
2015,12,09,20:45,776,29,1,709,16,10,9,6,7,4,776,22,18,1.20 
2015,12,09,18:15,776,523,4,709,16,1,14,1,2,0,776,17,8,1.57 
2015,12,08,20:00,776,292,1,654,11,16,3,12,8,4,776,24,20,1.21 
2015,12,08,20:00,776,292,6,654,16,5,13,2,3,3,776,22,11,1.51 
2015,12,07,22:00,792,776,6,654,16,12,10,5,6,7,776,21,19,1.10 
2015,12,07,22:00,776,792,4,654,16,3,13,2,3,1,776,14,8,1.15 
2015,12,03,19:00,776,59,6,720,16,13,10,5,6,8,776,33,20,1.60 
2015,12,03,19:00,59,776,0,720,3,16,3,12,0,4,776,12,15,0.82 
2015,12,03,19:00,59,776,4,720,16,2,13,2,3,0,776,5,17,0.31 
2015,12,02,18:00,776,52,7,720,16,10,9,6,7,4,776,18,18,1.01 
2015,12,02,18:00,52,776,4,720,1,16,1,14,0,2,776,18,10,1.46 
2015,12,01,19:00,776,544,7,720,16,13,8,7,8,6,776,21,18,1.19 
2015,12,01,19:00,776,544,0,720,16,12,10,5,6,7,776,24,18,1.26 
2015,11,30,18:00,723,776,0,720,6,16,5,10,1,6,776,14,16,0.86 
2015,11,30,18:00,776,723,1,720,16,6,12,3,4,3,776,18,11,1.36 
2015,11,25,18:00,53,320,6,657,14,16,6,9,8,7,53,16,22,0.80 
2015,11,25,18:00,320,53,1,657,16,7,10,5,6,2,53,13,17,0.81 
2015,11,24,18:00,53,472,1,657,17,19,6,9,9,6,53,21,28,0.75 
2015,11,24,18:00,53,472,2,657,4,16,4,11,0,5,53,10,16,0.61 
2015,11,23,18:30,53,281,1,657,16,12,5,10,11,2,53,25,17,1.29 
2015,11,23,18:30,281,53,2,657,8,16,7,8,1,8,53,14,11,1.05 
2015,11,18,21:15,196,776,0,654,16,9,12,3,4,6,776,15,21,0.89 
2015,11,18,21:15,776,196,1,654,5,16,5,10,0,6,776,11,19,0.57 
2015,11,18,19:00,472,776,7,654,16,9,9,6,7,3,776,16,20,0.84 
2015,11,18,19:00,776,472,1,654,14,16,8,7,6,9,776,27,20,1.29 
2015,11,17,21:00,776,642,0,654,5,16,5,10,0,6,776,6,16,0.46 
2015,11,17,21:00,642,776,4,654,10,16,9,6,1,10,776,12,14,0.81 
2015,11,16,16:00,52,53,2,746,22,25,6,9,9,6,53,36,35,1.02 
2015,11,12,20:00,776,500,0,654,16,7,10,5,6,2,776,25,13,1.77 
2015,11,12,20:00,776,500,1,654,16,5,12,3,4,2,776,18,11,1.41 
2015,11,11,21:00,647,776,7,755,8,16,7,8,1,8,776,21,15,1.33 
2015,11,11,21:00,647,776,6,755,12,16,11,4,1,12,776,20,18,1.05 
2015,11,11,21:00,647,776,1,755,16,14,10,5,6,9,776,26,20,1.25 
2015,11,10,22:10,776,315,0,755,16,11,8,7,8,4,776,19,16,1.05 
2015,11,10,22:10,315,776,2,755,7,16,2,13,5,3,776,16,14,1.03 
2015,10,20,22:30,723,776,0,779,20,26,13,2,2,13,776,35,34,1.01 
2015,10,20,18:00,776,723,4,779,16,13,6,9,10,4,776,18,19,0.94 
2015,10,20,18:00,723,776,0,779,2,16,2,13,0,3,776,20,12,1.49 
2015,10,20,18:00,776,723,7,779,10,16,5,10,5,6,776,19,17,1.05 
2015,10,19,20:30,776,458,6,779,16,3,12,3,4,0,776,23,9,1.75 
2015,10,19,20:30,776,458,7,779,16,7,9,6,7,1,776,18,12,1.40 
2015,10,06,22:00,584,776,0,790,16,5,11,4,5,1,776,10,19,0.59 
2015,10,06,22:00,584,776,2,790,16,8,11,4,5,4,776,12,18,0.74 
2015,10,06,22:00,584,776,1,790,5,16,4,11,1,5,776,11,12,0.84 
2015,10,04,20:10,890,13,0,741,12,16,9,6,3,10,890,13,23,0.66 
2015,10,04,20:10,890,13,2,741,3,16,3,12,0,4,890,6,18,0.37 
2015,09,30,18:30,776,302,7,790,14,16,9,6,5,10,776,21,20,1.05 
2015,09,30,18:30,302,776,6,790,16,6,9,6,7,0,776,14,18,0.79 
2015,09,17,22:30,74,937,1,799,2,16,2,13,0,3,937,10,9,0.94 
2015,09,17,21:30,937,139,0,799,10,16,6,9,4,7,937,19,19,1.05 
2015,09,16,21:00,210,270,6,749,16,9,10,5,6,4,210,1,1,0.84 
2015,09,14,19:45,776,379,7,815,7,16,6,9,1,7,776,8,16,0.64 
2015,09,13,15:30,776,380,1,766,12,16,6,9,6,7,776,16,23,0.79 
2015,09,13,15:30,380,776,4,766,16,11,9,6,7,5,776,20,21,0.89 
2015,09,13,12:00,776,676,7,766,16,5,11,4,5,1,776,13,11,1.02 
2015,09,13,12:00,776,676,0,766,13,16,10,5,3,11,776,18,20,1.01 
2015,09,13,12:00,676,776,1,766,7,16,5,10,2,6,776,13,16,0.80 
2015,09,06,15:15,776,59,1,766,3,16,2,13,1,3,776,9,16,0.59 
2015,09,06,15:15,776,59,4,766,4,16,3,12,1,4,776,10,18,0.59 
2015,09,06,12:00,776,29,7,766,16,13,9,6,7,7,776,17,19,0.89 
2015,09,06,12:00,29,776,14,766,16,11,9,6,7,5,776,15,19,0.81 
2015,09,06,12:00,29,776,1,766,12,16,9,6,3,10,776,20,16,1.13 
2015,09,05,19:50,944,776,7,766,6,16,5,10,1,6,776,16,11,1.17 
2015,08,18,18:00,776,369,1,815,6,16,3,12,3,4,776,7,19,0.38 
2015,06,13,19:45,1062,250,1,896,5,16,3,12,2,4,1062,9,18,0.59 
2015,06,13,19:45,250,1062,2,896,16,5,12,3,4,2,1062,17,19,0.95 
2015,06,02,21:00,1062,302,2,654,6,16,6,9,0,7,1062,10,19,0.57 
2015,06,02,21:00,1062,302,0,654,10,16,7,8,3,8,1062,18,20,0.87 
2015,06,02,21:00,302,1062,4,654,14,16,10,5,4,11,1062,24,20,1.13 
2015,05,31,16:30,1062,1061,1,896,16,11,6,9,10,2,1062,23,20,1.18 
2015,05,31,12:15,1062,1061,0,896,16,11,6,9,10,2,1062,22,17,1.31 
2015,05,31,12:15,1061,1062,7,896,16,7,9,6,7,1,1062,14,22,0.57 
2015,05,26,21:00,749,1062,7,909,13,16,10,5,3,11,1062,33,17,1.66 
2015,05,26,19:00,1062,647,14,841,12,16,5,10,7,6,1062,21,22,1.05 
2015,05,25,21:30,1062,1054,14,654,16,13,11,4,5,9,1062,12,19,0.65 
2015,05,25,21:30,1054,1062,0,654,12,16,3,12,9,4,1062,18,19,0.94 
2015,05,24,22:00,1062,214,4,654,3,16,3,12,0,4,1062,15,16,1.00 
2015,05,24,22:00,1062,214,0,654,11,16,7,8,4,8,1062,16,22,0.75 
2015,05,24,22:00,1062,214,1,654,16,13,7,8,9,5,1062,23,19,1.14 
2015,05,24,19:00,1062,1045,0,841,16,10,12,3,4,7,1062,29,21,1.58 
2015,05,23,23:55,1062,1070,0,915,13,16,6,9,7,7,1062,19,23,0.78 
2015,05,23,22:30,1062,23,1,915,16,9,10,5,6,4,1062,20,17,1.09 
2015,05,22,21:30,59,1062,2,909,16,13,9,6,7,7,1062,29,24,1.32 
2015,05,22,21:30,59,1062,14,909,16,13,9,6,7,7,1062,22,23,1.04 
2015,05,20,21:00,1062,458,14,909,16,3,12,3,4,0,1062,27,9,1.94 
2015,05,20,21:00,1062,458,4,909,16,14,10,5,6,9,1062,30,19,1.44 
2015,05,20,21:00,1062,458,1,909,11,16,7,8,4,8,1062,17,21,0.88 
2015,05,19,21:00,210,1062,4,909,16,14,11,4,5,10,1062,19,22,0.86 
2015,05,19,21:00,1062,210,14,909,11,16,6,9,5,7,1062,18,23,0.89 
2015,05,19,21:00,1062,210,0,909,16,10,13,2,3,8,1062,29,17,1.62 
2015,05,18,21:30,29,1062,7,841,16,9,9,6,7,3,1062,13,22,0.65 
2015,05,13,21:00,1079,1062,7,909,12,16,7,8,5,8,1062,23,21,1.20 
2015,05,13,21:00,1062,1079,1,909,16,6,10,5,6,1,1062,14,13,0.98 
2015,05,12,21:00,1062,1087,14,925,16,9,8,7,8,2,1062,19,15,1.12 
2015,05,12,21:00,1087,1062,1,925,13,16,7,8,6,8,1062,17,22,0.77 
2015,05,11,21:00,1052,1062,7,654,14,16,10,5,4,11,1062,29,19,1.42 
2015,05,11,21:00,1052,1062,0,654,12,16,9,6,3,10,1062,19,21,1.06 
2015,05,10,22:00,490,1062,0,920,12,16,5,10,7,6,1062,23,21,1.09 
2015,05,10,22:00,1062,490,7,920,16,8,12,3,4,5,1062,22,17,1.29 
2015,05,05,21:00,1062,1044,7,920,16,14,8,7,8,7,1062,26,19,1.26 
2015,05,05,21:00,1044,1062,0,920,5,16,2,13,3,3,1062,17,15,1.10 
2015,04,21,19:15,674,1062,1,936,16,12,12,3,4,9,1062,15,20,0.83 
2015,04,04,10:00,674,1062,0,948,16,4,13,2,3,2,1062,9,18,0.54 
2015,04,03,22:30,1062,749,7,948,14,16,6,9,8,7,1062,29,19,1.42 
2015,04,03,22:30,1062,749,5,948,11,16,6,9,5,7,1062,16,18,0.92 
2015,04,03,19:30,1062,1117,1,948,16,14,4,11,12,3,1062,22,18,1.11 
2015,04,03,19:30,1117,1062,0,948,13,16,11,4,2,12,1062,18,18,0.89 
2015,04,03,15:30,270,1062,14,948,16,5,11,4,5,1,1062,8,18,0.46 
2015,04,03,15:30,270,1062,5,948,16,4,13,2,3,2,1062,14,17,0.85 
2015,04,03,12:00,1062,1117,5,948,16,2,13,2,3,0,1062,31,8,2.41 
2015,04,03,12:00,1117,1062,0,948,10,16,6,9,4,7,1062,16,20,0.75 
2014,10,21,20:20,1170,59,0,1002,6,16,3,12,3,4,1170,15,18,0.86 
2014,10,21,20:20,1170,59,4,1002,13,16,8,7,5,9,1170,17,23,0.78 
2014,10,19,03:20,1170,13,0,1005,6,16,6,9,0,7,1170,10,17,0.59 
2014,10,18,23:20,1170,841,0,1005,16,14,11,4,5,10,1170,15,19,0.81 
2014,09,15,00:10,1209,49,7,1029,7,16,7,8,0,8,1209,11,19,0.59 
2014,08,10,20:40,53,1037,0,1040,13,16,10,5,3,11,53,27,20,1.27 
2014,07,31,23:40,1224,648,7,1047,8,16,6,9,2,7,1224,13,17,0.74 
2014,07,31,22:30,1224,893,7,1047,16,1,14,1,2,0,1224,23,9,2.13 
2014,07,31,21:30,1052,1224,0,1047,16,4,11,4,5,0,1224,10,18,0.56 
