2016,07,29,17:00,216,147,7,498,10,16,3,12,7,4,216,15,20,0.78 
2016,07,29,17:00,147,216,0,498,19,17,10,5,5,10,216,16,28,0.58 
2016,07,20,21:00,260,216,7,498,12,16,7,8,5,8,216,12,17,0.72 
2016,07,20,21:00,216,260,0,498,10,16,10,5,0,11,216,11,18,0.85 
2016,07,20,18:30,216,49,1,498,6,16,6,9,0,7,216,11,18,0.62 
2016,07,20,18:30,49,216,7,498,16,6,10,5,6,1,216,5,19,0.30 
2016,07,04,20:00,216,262,1,498,7,16,4,11,3,5,216,11,19,0.57 
2016,07,04,20:00,262,216,2,498,16,10,10,5,6,5,216,8,20,0.49 
2016,07,03,20:45,177,216,7,498,19,15,7,8,8,7,216,23,26,0.89 
2016,07,03,20:45,216,177,0,498,8,16,5,10,3,6,216,11,17,0.65 
2016,06,26,20:00,245,216,4,541,16,5,13,2,3,3,216,7,17,0.43 
2016,06,26,20:00,245,216,0,541,16,11,10,5,6,6,216,19,21,1.07 
2016,06,26,20:00,245,216,1,541,14,16,13,2,1,14,216,19,19,0.94 
2016,06,25,19:30,216,337,4,541,16,4,11,4,5,0,216,13,10,0.95 
2016,06,25,19:30,216,337,0,541,16,4,11,4,5,0,216,16,12,1.14 
2016,06,19,18:25,216,297,7,498,4,16,3,12,1,4,216,13,17,0.78 
2016,06,19,18:25,216,297,1,498,4,16,4,11,0,5,216,8,18,0.50 
2016,06,14,20:30,301,216,5,498,16,8,10,5,6,3,216,14,21,0.76 
2016,06,14,20:30,301,216,1,498,16,2,13,2,3,0,216,5,18,0.23 
2016,06,14,17:10,216,287,7,499,11,16,10,5,1,11,216,12,19,0.72 
2016,06,14,17:10,216,287,14,499,9,16,4,11,5,5,216,5,19,0.36 
2016,06,14,17:10,287,216,0,499,9,16,7,8,2,8,216,14,14,0.90 
2016,06,06,20:30,196,216,0,498,16,6,11,4,5,2,216,0,9,0.48 
2016,06,06,20:30,216,196,7,498,8,16,7,8,1,8,216,4,19,0.31 
2016,06,01,17:30,301,216,7,499,16,12,10,5,6,7,216,14,20,0.75 
2016,06,01,17:30,301,216,14,499,16,13,12,3,4,10,216,15,21,0.70 
2016,05,26,20:15,216,29,7,498,2,16,2,13,0,3,216,6,17,0.36 
2016,05,26,20:15,216,29,14,498,8,16,5,10,3,6,216,6,22,0.28 
2016,05,23,20:00,216,195,7,498,9,16,6,9,3,7,216,9,18,0.65 
2016,05,23,20:00,216,195,0,498,22,20,7,8,8,7,216,15,15,0.96 
2016,05,21,18:00,216,428,7,568,16,5,11,4,5,1,216,13,11,0.99 
2016,05,21,18:00,216,428,0,568,16,9,13,2,3,7,216,14,18,0.74 
2016,05,21,18:00,428,216,1,568,16,12,9,6,7,6,216,18,20,1.10 
2016,05,21,10:45,245,216,1,568,16,14,9,6,7,8,216,10,23,0.51 
2016,05,21,10:45,245,216,0,568,16,14,5,10,11,4,216,13,24,0.54 
2016,05,04,17:10,216,392,0,499,13,16,7,8,6,8,216,15,19,0.77 
2016,05,04,17:10,392,216,6,499,16,13,10,5,6,8,216,17,21,0.79 
2016,05,02,20:55,30,216,0,499,16,9,10,5,6,4,216,9,19,0.54 
2016,05,02,20:55,216,30,7,499,17,19,4,11,11,4,216,13,28,0.52 
2016,05,01,14:45,216,428,0,591,12,16,9,6,3,10,216,17,19,0.91 
2016,05,01,14:45,428,216,7,591,16,14,5,10,11,4,216,20,16,1.05 
2016,04,28,17:00,196,216,14,499,16,5,13,2,3,3,216,4,17,0.31 
2016,04,28,17:00,216,196,0,499,16,13,9,6,7,7,216,11,15,0.73 
2016,04,28,17:00,216,196,7,499,1,16,1,14,0,2,216,10,16,0.64 
2016,03,13,13:30,216,292,2,625,12,16,6,9,6,7,216,9,21,0.49 
2016,03,13,13:30,292,216,1,625,16,6,11,4,5,2,216,11,16,0.75 
2016,03,13,13:30,216,292,7,625,16,8,10,5,6,3,216,16,13,1.03 
2016,03,12,18:05,216,622,7,625,16,9,10,5,6,4,216,16,14,1.06 
2016,03,11,23:50,216,236,0,498,16,4,13,2,3,2,216,11,5,1.16 
2016,03,11,21:15,216,360,7,498,16,8,7,8,9,0,216,7,17,0.51 
2016,01,28,18:15,216,496,0,656,5,16,4,11,1,5,216,7,18,0.42 
2016,01,26,23:00,398,216,0,666,16,21,7,8,8,7,216,17,23,0.72 
2016,01,26,19:30,377,216,1,666,12,16,6,9,6,7,216,23,17,1.11 
2016,01,26,19:30,377,216,7,666,13,16,7,8,6,8,216,8,19,0.51 
2016,01,25,21:30,398,216,7,666,3,16,3,12,0,4,216,13,7,1.21 
2016,01,25,21:30,216,398,0,666,16,10,12,3,4,7,216,12,17,0.69 
2015,12,20,11:30,428,216,0,687,16,12,6,9,10,3,216,16,19,0.86 
2015,12,20,11:30,216,428,7,687,7,16,3,12,4,4,216,13,20,0.68 
2015,12,20,11:30,428,216,6,687,3,16,3,12,0,4,216,24,9,1.91 
2015,12,19,17:30,426,216,6,687,22,18,6,9,9,6,216,24,26,0.90 
2015,12,19,17:30,216,426,0,687,12,16,10,5,2,11,216,17,21,0.92 
2015,12,19,17:30,216,426,1,687,16,11,8,7,8,4,216,8,20,0.50 
2015,12,15,21:15,216,755,7,701,14,16,7,8,7,8,216,15,19,0.83 
2015,12,15,17:30,639,216,6,701,4,16,4,11,0,5,216,11,12,0.87 
2015,12,14,20:00,755,216,1,701,16,13,7,8,9,5,216,12,18,0.70 
2015,12,14,20:00,216,755,6,701,4,16,4,11,0,5,216,11,14,0.76 
2015,12,10,22:00,216,537,1,709,6,16,1,14,5,2,216,15,19,0.84 
2015,12,10,20:45,216,13,6,709,12,16,8,7,4,9,216,19,17,1.03 
2015,12,10,17:00,537,216,0,709,14,16,9,6,5,10,216,15,22,0.73 
2015,12,04,17:00,29,216,1,719,16,4,12,3,4,1,216,14,17,0.79 
2015,12,04,17:00,29,216,2,719,16,4,14,1,2,3,216,7,18,0.43 
2015,12,04,17:00,216,29,0,719,19,17,7,8,8,7,216,15,26,0.62 
2015,12,02,22:00,248,216,6,719,8,16,4,11,4,5,216,10,16,0.69 
2015,12,02,20:45,216,723,7,719,9,16,4,11,5,5,216,18,17,1.03 
2015,12,02,17:00,248,216,0,719,2,16,2,13,0,3,216,16,6,1.42 
2015,11,20,22:00,218,216,6,738,16,6,11,4,5,2,216,10,17,0.67 
2015,11,20,19:30,216,158,0,738,16,5,13,2,3,3,216,13,13,0.94 
2015,11,20,18:15,218,216,0,738,16,12,9,6,7,6,216,13,20,0.72 
2015,11,10,21:30,259,216,0,756,14,16,8,7,6,9,216,19,19,0.93 
2015,11,10,21:30,259,216,1,756,10,16,3,12,7,4,216,14,19,0.71 
2015,11,10,20:10,216,398,7,756,16,14,7,8,9,6,216,9,21,0.51 
2015,11,09,22:30,458,216,0,756,12,16,9,6,3,10,216,16,19,0.88 
2015,11,09,17:30,398,216,1,756,16,7,9,6,7,1,216,10,20,0.52 
2015,11,09,17:30,216,398,7,756,11,16,5,10,6,6,216,13,22,0.62 
2015,11,09,17:30,398,216,6,756,10,16,7,8,3,8,216,11,16,0.69 
2015,11,07,15:30,654,216,6,762,16,9,8,7,8,2,216,12,20,0.66 
2015,11,07,15:30,216,654,7,762,11,16,10,5,1,11,216,14,18,0.88 
2015,11,07,15:30,216,654,0,762,16,4,11,4,5,0,216,8,11,0.73 
2014,04,18,17:00,1265,841,1,1076,7,16,5,10,2,6,1265,10,18,0.64 
2014,04,18,17:00,1265,841,5,1076,8,16,7,8,1,8,1265,8,19,0.50 
2014,04,18,17:00,841,1265,2,1076,20,22,7,8,8,7,1265,25,29,0.85 
2013,07,14,10:30,428,336,13,1135,14,16,9,6,5,10,428,15,23,0.72 
2013,07,14,10:30,428,336,10,1135,13,16,11,4,2,12,428,17,20,0.82 
2013,07,13,20:45,428,1313,12,1135,16,13,11,4,5,9,428,12,18,0.72 
2013,07,13,19:30,428,840,10,1135,9,16,4,11,5,5,428,13,19,0.70 
2013,07,13,18:30,428,1388,11,1135,16,0,15,0,1,0,428,11,1,1.38 
2013,07,13,17:30,1387,428,9,1135,4,16,1,14,3,2,428,14,12,0.97 
