2015,09,01,21:15,369,842,2,809,16,4,12,3,4,1,842,14,17,0.82 
2015,09,01,21:15,369,842,7,809,16,2,13,2,3,0,842,7,16,0.48 
2014,10,14,18:00,722,1179,1,982,16,12,9,6,7,6,1179,15,23,0.66 
2014,10,14,18:00,1179,722,8,982,9,16,5,10,4,6,1179,11,18,0.64 
2014,08,26,20:00,1160,1179,0,982,16,9,11,4,5,5,1179,7,22,0.33 
2014,08,26,20:00,1179,1160,1,982,10,16,3,12,7,4,1179,14,21,0.76 
2014,08,09,21:00,1179,844,6,982,17,21,8,7,7,8,1179,30,27,1.05 
2014,08,09,21:00,844,1179,5,982,12,16,11,4,1,12,1179,25,18,1.24 
2014,08,09,21:00,1179,844,1,982,4,16,4,11,0,5,1179,13,17,0.81 
2014,07,05,19:00,1179,1180,8,982,7,16,6,9,1,7,1179,16,18,0.83 
2014,07,05,19:00,1180,1179,0,982,16,11,9,6,7,5,1179,18,23,0.76 
2014,06,17,20:00,1069,844,0,982,18,21,4,11,11,4,1069,27,31,1.01 
2014,06,17,20:00,844,1069,1,982,16,7,9,6,7,1,1069,13,19,0.79 
2014,04,15,22:00,1069,287,2,1077,14,16,6,9,8,7,1069,16,23,0.75 
2014,04,14,21:00,301,1069,5,1077,16,1,14,1,2,0,1069,8,17,0.53 
2014,04,14,20:00,1244,1069,5,1077,16,10,9,6,7,4,1069,17,20,0.85 
2014,04,08,22:15,1280,1069,5,1077,12,16,8,7,4,9,1069,20,19,1.05 
2014,04,07,18:00,8,1069,0,1077,16,7,12,3,4,4,1069,16,18,0.91 
2014,04,03,18:00,59,1069,0,1077,16,4,12,3,4,1,1069,9,19,0.47 
2014,03,26,21:00,1273,1069,2,1077,16,6,14,1,2,5,1069,8,18,0.48 
2014,03,24,21:00,210,1069,5,1077,16,6,11,4,5,2,1069,9,21,0.43 
2014,02,06,19:00,487,1160,5,1089,8,16,7,8,1,8,487,16,20,0.79 
2014,02,06,19:00,487,1160,6,1089,7,16,3,12,4,4,487,17,17,1.01 
2014,02,01,20:15,1294,487,1,1089,5,16,3,12,2,4,487,17,12,1.16 
2014,02,01,20:15,1294,487,6,1089,13,16,11,4,2,12,487,15,17,0.99 
