2016,07,15,18:00,102,225,14,503,6,16,4,11,2,5,225,22,8,1.57 
2016,07,15,18:00,102,225,7,503,16,19,7,8,8,7,225,19,22,0.81 
2016,07,14,20:45,225,177,2,503,16,13,9,6,7,7,225,20,16,1.14 
2016,07,06,21:00,225,249,0,487,16,4,11,4,5,0,225,19,8,1.57 
2016,07,06,21:00,249,225,1,487,14,16,7,8,7,8,225,12,20,0.66 
2016,05,07,19:00,454,455,1,586,6,16,6,9,0,7,454,13,17,0.89 
2016,05,07,19:00,455,454,6,586,23,26,6,9,9,6,454,51,23,1.61 
2016,05,07,19:00,454,455,0,586,14,16,6,9,8,7,454,20,20,0.93 
2016,03,10,22:00,584,537,14,605,16,6,10,5,6,1,584,16,15,1.08 
2016,03,10,22:00,537,584,6,605,9,16,7,8,2,8,584,18,14,1.03 
2016,02,28,21:00,507,584,6,640,16,11,6,9,10,2,584,15,20,0.76 
2016,02,28,21:00,507,584,4,640,16,6,12,3,4,3,584,21,17,1.14 
2016,02,28,15:00,584,184,6,640,16,10,14,1,2,9,584,22,19,1.08 
2016,02,28,15:00,584,184,0,640,16,14,5,10,11,4,584,15,20,0.71 
2016,02,27,21:40,53,584,0,640,4,16,4,11,0,5,584,18,11,1.32 
2016,02,27,20:10,49,584,7,640,16,13,9,6,7,7,584,23,19,1.14 
2016,02,27,18:15,584,484,0,640,19,17,5,10,10,5,584,29,26,1.14 
2016,02,25,21:30,484,584,14,638,16,3,13,2,3,1,584,8,15,0.58 
2016,02,25,21:30,584,484,0,638,8,16,5,10,3,6,584,16,19,0.97 
2016,02,23,19:30,49,584,4,638,12,16,12,3,0,13,584,19,17,1.05 
2016,02,23,19:30,584,49,7,638,8,16,3,12,5,4,584,11,19,0.65 
2016,02,22,19:00,472,584,6,605,16,13,4,11,12,2,584,25,17,1.20 
2016,02,22,19:00,584,472,7,605,5,16,5,10,0,6,584,10,18,0.57 
2016,02,19,14:30,13,584,6,652,10,16,9,6,1,10,584,20,17,1.17 
2016,02,19,14:30,13,584,0,652,20,22,5,10,10,5,584,35,31,1.05 
2016,02,19,14:30,584,13,4,652,9,16,8,7,1,9,584,11,18,0.69 
2015,12,20,15:30,725,723,6,686,13,16,9,6,4,10,725,17,18,0.94 
2015,12,20,15:30,723,725,7,686,16,13,8,7,8,6,725,14,19,0.70 
2015,12,20,10:45,725,314,0,686,16,7,12,3,4,4,725,22,12,1.39 
2015,12,20,10:45,314,725,7,686,15,19,8,7,7,8,725,25,18,1.08 
2015,12,19,19:45,320,725,7,686,10,16,5,10,5,6,725,23,14,1.29 
2015,12,19,12:15,725,724,1,686,10,16,4,11,6,5,725,16,19,0.87 
2015,11,22,15:30,743,517,6,736,10,16,8,7,2,9,517,26,15,1.47 
2015,11,22,15:30,743,517,7,736,14,16,5,10,9,6,517,27,18,1.29 
2015,11,22,11:25,517,360,14,736,16,19,6,9,9,6,517,25,23,1.08 
2015,11,22,11:25,517,360,2,736,16,12,6,9,10,3,517,18,17,0.98 
2015,11,22,11:25,360,517,0,736,16,8,11,4,5,4,517,15,20,0.75 
2015,11,21,19:30,300,517,7,736,4,16,4,11,0,5,517,12,10,0.97 
2015,11,21,19:30,517,300,0,736,16,8,12,3,4,5,517,19,10,1.26 
2015,11,20,18:30,517,743,7,736,16,10,13,2,3,8,517,19,14,1.17 
2015,11,20,17:00,517,592,7,736,16,0,15,0,1,0,517,15,4,1.54 
2015,11,20,16:00,517,849,0,736,16,4,11,4,5,0,517,18,9,1.49 
2015,11,16,23:00,856,475,4,733,2,16,2,13,0,3,856,11,16,0.67 
2015,11,16,21:00,472,856,4,733,16,12,8,7,8,5,856,18,18,1.04 
2015,11,16,20:00,856,475,7,733,16,6,9,6,7,0,856,20,13,1.33 
2015,11,11,18:15,59,856,1,696,16,2,14,1,2,1,856,7,16,0.54 
2015,11,11,18:15,856,59,4,696,12,16,6,9,6,7,856,22,22,1.08 
2015,11,05,22:00,743,158,1,763,16,12,6,9,10,3,158,26,20,1.17 
2015,11,03,20:30,856,214,4,570,16,10,11,4,5,6,856,18,15,1.08 
2015,11,03,20:27,856,214,7,570,16,11,6,9,10,2,856,19,15,1.17 
2015,10,25,18:00,856,711,4,696,10,16,7,8,3,8,856,17,18,0.86 
2015,10,25,18:00,711,856,2,696,10,16,7,8,3,8,856,20,18,1.09 
2015,10,25,18:00,711,856,1,696,16,13,7,8,9,5,856,15,24,0.65 
2015,10,22,18:45,270,856,1,696,16,11,6,9,10,2,856,15,19,0.79 
2015,10,22,18:45,856,270,4,696,6,16,6,9,0,7,856,6,17,0.49 
2015,10,13,21:00,856,250,1,721,14,16,9,6,5,10,856,17,21,0.87 
2015,10,13,21:00,856,250,7,721,12,16,8,7,4,9,856,14,21,0.64 
2015,10,06,21:00,856,383,2,791,14,16,9,6,5,10,856,18,23,0.81 
2015,10,06,21:00,383,856,0,791,16,1,14,1,2,0,856,8,15,0.56 
2015,10,06,17:30,331,856,7,791,14,16,8,7,6,9,856,21,19,1.02 
2015,10,06,17:30,856,331,0,791,16,13,6,9,10,4,856,24,19,1.19 
2015,10,05,20:15,856,383,7,791,16,5,12,3,4,2,856,19,11,1.37 
2015,10,05,20:15,856,383,0,791,16,13,6,9,10,4,856,23,20,1.10 
2015,09,08,23:15,993,458,7,826,12,16,9,6,3,10,458,21,14,1.20 
2015,09,08,19:15,458,331,0,826,16,10,11,4,5,6,458,21,17,1.14 
2015,09,08,19:15,331,458,2,826,21,18,8,7,7,8,458,27,26,1.03 
2015,09,08,19:15,458,331,1,826,16,13,8,7,8,6,458,18,17,0.94 
2015,09,07,21:30,458,993,6,826,16,13,9,6,7,7,458,25,17,1.30 
2015,09,07,21:30,993,458,7,826,9,16,9,6,0,10,458,20,16,1.12 
2015,08,25,22:15,1025,458,7,845,7,16,3,12,4,4,1025,13,20,0.60 
2015,08,25,22:15,1025,458,0,845,16,4,11,4,5,0,1025,20,9,1.52 
2015,08,25,20:00,1025,995,0,845,16,14,6,9,10,5,1025,27,19,1.23 
2015,08,25,18:30,458,1025,1,845,16,4,11,4,5,0,1025,14,17,0.94 
2015,08,25,18:30,458,1025,7,845,16,6,11,4,5,2,1025,16,18,1.02 
2015,08,24,20:00,995,1025,0,845,14,16,7,8,7,8,1025,40,19,1.82 
2015,08,24,20:00,995,1025,7,845,9,16,7,8,2,8,1025,17,13,1.19 
2015,08,13,18:00,985,458,2,741,16,13,8,7,8,6,458,19,18,1.02 
2015,08,13,18:00,985,458,1,741,3,16,3,12,0,4,458,13,11,0.98 
2015,06,17,22:35,23,292,4,802,13,16,9,6,4,10,23,24,21,1.10 
2015,06,17,22:35,292,23,0,802,8,16,7,8,1,8,23,21,14,1.29 
2015,06,14,20:15,23,22,0,893,14,16,5,10,9,6,23,16,20,0.79 
2015,06,14,18:30,23,215,0,893,9,16,5,10,4,6,23,18,20,0.83 
2015,06,13,21:30,1060,23,0,895,9,16,5,10,4,6,23,16,13,1.04 
2015,06,13,21:30,1060,23,4,895,5,16,4,11,1,5,23,15,8,1.27 
2015,06,13,19:00,23,1065,2,895,16,10,8,7,8,3,23,19,11,1.19 
2015,06,13,19:00,23,1065,4,895,16,4,12,3,4,1,23,22,7,1.77 
2015,06,02,21:00,23,258,7,894,13,16,4,11,9,5,23,12,18,0.68 
2015,06,02,21:00,258,23,1,894,16,12,7,8,9,4,23,16,17,0.90 
2015,05,26,22:00,292,23,7,894,16,11,12,3,4,8,23,17,22,0.85 
2015,05,26,22:00,23,292,1,894,19,22,7,8,8,7,23,29,30,0.97 
2015,05,24,23:30,1072,23,7,915,16,1,14,1,2,0,23,8,16,0.51 
2015,05,24,22:35,23,1067,7,915,16,10,11,4,5,6,23,16,15,0.99 
2015,05,23,22:30,1062,23,1,915,16,9,10,5,6,4,23,12,21,0.62 
2015,05,19,21:30,302,23,6,894,16,19,13,2,2,13,23,19,23,0.82 
2015,05,19,21:30,23,302,4,894,16,12,9,6,7,6,23,19,18,1.03 
2015,04,21,21:30,856,22,1,936,17,19,9,6,6,9,856,28,28,1.14 
2015,04,15,19:00,749,297,0,936,16,11,9,6,7,5,297,28,18,1.48 
2015,04,15,19:00,749,297,4,936,16,12,9,6,7,6,297,25,18,1.19 
2015,04,04,13:30,384,297,4,948,16,11,12,3,4,8,297,13,18,0.73 
2015,04,04,12:00,297,544,7,948,16,10,9,6,7,4,297,16,16,0.92 
2015,04,04,10:00,552,297,7,948,8,16,8,7,0,9,297,31,15,1.87 
2015,04,03,22:30,297,292,14,948,11,16,11,4,0,12,297,20,19,1.05 
2015,04,03,22:30,292,297,7,948,9,16,4,11,5,5,297,22,16,1.24 
2015,04,03,22:30,297,292,4,948,4,16,3,12,1,4,297,11,18,0.63 
2015,04,03,19:00,297,674,6,948,16,5,12,3,4,2,297,16,12,1.10 
2015,04,03,19:00,674,297,7,948,6,16,3,12,3,4,297,22,12,1.52 
2015,04,03,15:30,297,1106,5,948,9,16,8,7,1,9,297,20,18,1.04 
2015,04,03,15:30,297,1106,7,948,15,19,10,5,5,10,297,23,25,0.92 
2015,04,03,12:00,297,1115,6,948,16,9,12,3,4,6,297,16,15,0.93 
2015,04,03,12:00,1115,297,7,948,6,16,5,10,1,6,297,26,10,1.80 
2015,03,28,12:00,945,297,6,951,13,16,6,9,7,7,297,28,17,1.48 
2015,03,28,12:00,297,945,7,951,16,8,10,5,6,3,297,27,12,1.61 
2015,03,21,20:45,297,257,7,953,5,16,2,13,3,3,297,13,17,0.76 
2015,03,21,20:45,297,257,5,953,10,16,9,6,1,10,297,17,21,0.77 
2015,03,21,16:00,297,315,6,953,16,9,11,4,5,5,297,17,17,0.90 
2015,03,21,16:00,315,297,7,953,7,16,4,11,3,5,297,19,12,1.26 
2015,03,21,11:30,257,297,14,953,16,5,10,5,6,0,297,9,20,0.45 
2015,03,21,11:30,297,257,6,953,9,16,6,9,3,7,297,16,20,0.79 
2015,03,21,11:30,257,297,7,953,17,19,7,8,8,7,297,17,25,0.69 
2015,03,08,22:15,297,292,1,931,16,13,10,5,6,8,297,21,21,1.05 
2015,03,08,22:15,297,292,0,931,7,16,5,10,2,6,297,16,20,0.91 
2015,03,08,22:15,292,297,7,931,12,16,11,4,1,12,297,16,22,0.78 
2015,01,13,20:30,297,196,6,966,13,16,8,7,5,9,297,16,24,0.68 
2015,01,13,20:30,196,297,1,966,16,8,10,5,6,3,297,10,19,0.59 
2014,12,23,21:40,297,214,4,970,16,7,10,5,6,2,297,19,13,1.35 
2014,12,23,21:40,214,297,1,970,20,22,8,7,7,8,297,32,30,1.08 
2014,12,23,18:25,841,297,4,970,14,16,8,7,6,9,297,21,20,0.97 
2014,12,23,18:25,297,841,0,970,12,16,7,8,5,8,297,15,17,0.83 
2014,12,23,17:53,297,841,7,970,16,14,13,2,3,12,297,19,25,0.76 
2014,12,22,21:00,1054,297,0,970,10,16,7,8,3,8,297,18,16,1.07 
2014,12,22,21:00,1054,297,1,970,11,16,9,6,2,10,297,25,13,1.45 
2014,12,18,19:50,711,297,7,965,16,11,7,8,9,3,297,15,20,0.80 
2014,12,18,19:50,297,711,0,965,9,16,7,8,2,8,297,9,21,0.48 
2014,11,24,19:03,297,13,7,985,16,10,8,7,8,3,297,24,13,1.49 
2014,11,24,19:00,297,13,0,985,16,3,12,3,4,0,297,15,9,1.21 
2014,11,24,00:20,297,1161,1,986,16,5,11,4,5,1,297,22,10,1.74 
2014,11,24,00:20,1161,297,6,986,17,19,11,4,4,11,297,25,25,0.99 
2014,11,20,22:30,297,384,6,946,7,16,6,9,1,7,297,12,18,0.64 
2014,11,20,22:30,297,384,1,946,11,16,7,8,4,8,297,22,18,1.10 
2014,11,16,22:40,854,297,6,990,16,12,12,3,4,9,297,16,19,0.84 
2014,11,16,22:40,854,297,14,990,16,3,14,1,2,2,297,15,17,0.96 
2014,11,16,22:40,297,854,0,990,16,9,9,6,7,3,297,14,16,0.90 
2014,10,18,21:15,297,196,7,1005,10,16,5,10,5,6,297,20,22,0.92 
2014,09,28,20:40,500,297,6,1023,16,7,10,5,6,2,297,22,18,1.30 
2014,09,28,20:40,500,297,0,1023,16,7,9,6,7,1,297,16,17,0.84 
2014,09,28,18:00,297,1202,0,1023,16,13,10,5,6,8,297,28,15,1.37 
2014,09,26,16:00,297,59,0,1021,6,16,5,10,1,6,297,9,19,0.53 
2014,09,25,21:34,297,52,6,1021,14,16,10,5,4,11,297,24,18,1.15 
2014,09,23,21:15,301,297,0,1021,16,8,13,2,3,6,297,22,19,1.18 
2014,09,23,19:00,1206,297,1,1023,16,3,14,1,2,2,297,9,17,0.57 
2014,09,21,20:30,1204,297,0,1021,13,16,8,7,5,9,297,19,18,0.98 
2014,09,21,19:25,854,297,8,1021,13,16,9,6,4,10,297,21,18,1.13 
2014,09,19,23:29,297,1199,1,1021,8,16,7,8,1,8,297,27,17,1.61 
2014,09,17,18:00,297,722,0,1026,16,13,7,8,9,5,297,20,17,1.07 
2014,09,15,22:00,297,250,1,1021,10,16,3,12,7,4,297,8,21,0.46 
2014,09,15,21:30,297,854,1,1026,14,16,8,7,6,9,297,26,21,1.22 
2014,09,15,20:15,214,297,1,1026,16,14,9,6,7,8,297,17,21,0.77 
2014,09,15,19:15,8,297,0,1026,10,16,5,10,5,6,297,20,19,1.04 
2014,08,25,22:10,384,297,6,1039,26,21,10,5,5,10,297,28,34,0.81 
2014,08,25,20:10,297,756,6,1039,16,8,12,3,4,5,297,26,13,1.64 
2014,08,10,21:19,1219,944,0,1044,15,15,11,4,4,11,1219,14,24,0.65 
2014,08,10,18:20,1218,1219,1,1044,12,16,9,6,3,10,1219,21,17,1.09 
2014,08,06,20:00,722,1219,0,1044,9,16,7,8,2,8,1219,16,15,0.93 
2014,08,02,23:45,711,1219,0,1046,16,11,9,6,7,5,1219,18,20,0.82 
2014,08,02,21:45,599,1219,6,1046,6,16,6,9,0,7,1219,13,13,1.04 
2014,08,02,18:45,214,1219,0,1046,12,16,3,12,9,4,1219,11,19,0.62 
2014,08,02,17:20,22,1219,1,1046,16,7,12,3,4,4,1219,11,17,0.69 
2014,08,02,14:00,1219,8,7,1046,12,16,8,7,4,9,1219,20,22,1.08 
2014,07,31,20:15,1219,210,7,1048,11,16,8,7,3,9,1219,17,22,0.74 
2014,07,31,19:00,712,1219,1,1048,7,16,4,11,3,5,1219,18,9,1.30 
2014,07,27,19:45,1219,215,1,1050,6,16,5,10,1,6,1219,4,17,0.35 
2014,07,27,19:45,1219,215,6,1050,13,16,4,11,9,5,1219,22,20,1.11 
2014,07,27,19:45,1219,215,2,1050,16,7,8,7,8,0,1219,11,16,0.69 
2014,07,27,13:00,712,1219,0,1050,9,16,5,10,4,6,1219,19,11,1.23 
2014,07,27,13:00,712,1219,6,1050,16,6,12,3,4,3,1219,9,20,0.47 
2014,07,27,13:00,1219,712,1,1050,16,7,9,6,7,1,1219,17,15,1.15 
2014,07,26,21:10,1219,1149,0,1050,5,16,5,10,0,6,1219,10,15,0.66 
2014,07,26,21:10,1149,1219,2,1050,16,21,8,7,7,8,1219,26,19,1.13 
2014,07,26,21:10,1219,1149,5,1050,9,16,8,7,1,9,1219,12,22,0.66 
2014,07,26,13:00,841,1219,1,1050,13,16,7,8,6,8,1219,14,18,0.81 
2014,07,26,13:00,841,1219,0,1050,16,7,9,6,7,1,1219,13,18,0.85 
2014,07,26,13:00,841,1219,2,1050,7,16,7,8,0,8,1219,19,16,1.17 
2014,07,21,22:00,52,1219,0,1044,11,16,8,7,3,9,1219,9,17,0.62 
2014,07,21,21:00,301,1219,1,1044,15,15,4,11,11,4,1219,21,21,0.95 
2014,07,21,21:00,743,1219,0,1044,13,16,6,9,7,7,1219,26,14,1.45 
2014,07,21,19:00,1219,844,1,1044,16,7,9,6,7,1,1219,11,9,0.92 
2014,07,16,20:15,1219,53,1,1054,6,16,3,12,3,4,1219,16,17,0.95 
2014,07,16,20:15,53,1219,6,1054,16,6,10,5,6,1,1219,15,16,1.00 
2014,07,16,20:15,1219,53,0,1054,16,12,6,9,10,3,1219,24,19,1.19 
2014,07,13,20:00,1219,59,0,1044,8,16,7,8,1,8,1219,13,17,0.76 
2014,07,09,22:30,314,1219,2,1044,6,16,6,9,0,7,1219,11,13,0.86 
2014,07,09,21:15,1219,8,2,1044,16,13,7,8,9,5,1219,21,18,1.05 
2014,07,06,22:15,711,1219,0,1044,9,16,7,8,2,8,1219,19,12,1.18 
2014,06,16,12:00,302,59,5,1061,11,16,6,9,5,7,302,13,21,0.67 
2014,06,16,12:00,59,302,6,1061,16,8,14,1,2,7,302,15,17,0.86 
2014,06,15,13:30,250,302,2,1062,16,5,11,4,5,1,302,6,19,0.34 
2014,06,15,13:30,302,250,1,1062,7,16,2,13,5,3,302,8,21,0.40 
2014,06,15,13:30,250,302,6,1062,8,16,5,10,3,6,302,22,15,1.27 
2014,06,15,10:00,1239,302,2,1062,8,16,8,7,0,9,302,20,11,1.26 
2014,06,15,10:00,1239,302,0,1062,12,16,8,7,4,9,302,19,18,1.02 
2014,06,14,22:45,302,210,6,1061,16,10,12,3,4,7,302,19,14,1.14 
2014,06,14,21:35,8,302,2,1061,16,12,13,2,3,10,302,17,22,0.79 
2014,06,14,20:30,210,302,6,1061,9,16,9,6,0,10,302,19,11,1.23 
2014,05,30,21:00,302,314,6,1065,11,16,6,9,5,7,302,11,21,0.61 
2014,05,30,19:00,132,302,1,1065,23,26,8,7,7,8,302,44,37,1.15 
2014,05,20,22:30,1242,1258,2,1063,16,6,13,2,3,4,1258,16,18,0.89 
2014,05,20,22:30,1258,1242,5,1063,12,16,8,7,4,9,1258,14,16,0.83 
2014,05,20,19:00,711,1258,1,1063,16,13,6,9,10,4,1258,17,23,0.92 
2014,05,20,19:00,711,1258,6,1063,12,16,8,7,4,9,1258,18,16,1.01 
2014,05,20,19:00,711,1258,0,1063,16,14,5,10,11,4,1258,24,19,1.12 
2014,04,18,21:00,1045,945,0,1076,22,19,5,10,10,5,945,19,36,0.56 
2014,04,18,21:00,1045,945,1,1076,16,4,11,4,5,0,945,9,18,0.52 
2014,04,18,17:00,945,698,1,1076,16,5,10,5,6,0,945,20,10,1.50 
2014,04,18,17:00,945,698,0,1076,16,5,11,4,5,1,945,17,11,1.26 
2014,03,26,20:00,945,1045,0,1081,24,26,7,8,8,7,945,31,39,0.83 
2014,03,20,18:30,945,215,0,1080,9,16,7,8,2,8,945,16,19,0.83 
2014,03,11,22:00,945,214,2,1080,12,16,10,5,2,11,945,31,18,1.65 
2014,03,11,19:30,711,945,1,1080,16,13,6,9,10,4,945,22,19,1.22 
2014,02,27,23:00,945,214,5,1085,5,16,5,10,0,6,945,14,18,0.87 
2014,02,27,23:00,214,945,2,1085,16,10,8,7,8,3,945,16,14,1.05 
2014,02,27,19:00,945,844,5,1085,16,14,6,9,10,5,945,18,21,0.88 
2014,02,27,19:00,844,945,6,1085,9,16,8,7,1,9,945,13,16,0.82 
2014,02,27,19:00,945,844,1,1085,9,16,8,7,1,9,945,17,18,1.01 
2014,02,26,22:00,945,215,2,1085,23,26,6,9,9,6,945,28,36,0.80 
2014,02,26,22:00,945,215,6,1085,16,5,14,1,2,4,945,16,11,1.19 
2014,02,26,22:00,215,945,1,1085,16,11,7,8,9,3,945,6,20,0.42 
2014,02,25,19:00,1274,945,1,1085,7,16,4,11,3,5,945,17,14,1.09 
2014,02,25,19:00,945,1274,6,1085,16,12,8,7,8,5,945,23,17,1.17 
2013,12,19,21:40,210,1045,7,1097,24,26,4,11,11,4,1045,32,32,1.07 
2013,12,19,21:40,210,1045,6,1097,13,16,9,6,4,10,1045,13,21,0.70 
2013,12,19,21:40,1045,210,0,1097,19,21,9,6,6,9,1045,22,27,0.78 
2013,12,19,19:00,545,1045,6,1097,12,16,4,11,8,5,1045,23,19,1.09 
2013,12,19,18:00,1315,1045,1,1097,4,16,3,12,1,4,1045,17,9,1.36 
2013,12,14,19:30,250,1045,1,1102,16,13,9,6,7,7,1045,15,19,0.85 
2013,12,14,19:30,1045,250,0,1102,17,19,11,4,4,11,1045,21,27,0.82 
2013,12,14,19:30,1045,250,6,1102,16,14,11,4,5,10,1045,28,21,1.28 
2013,12,14,11:30,53,1045,1,1102,5,16,5,10,0,6,1045,13,12,0.92 
2013,12,14,11:30,53,1045,6,1102,3,16,3,12,0,4,1045,16,11,1.32 
2013,12,13,20:50,1045,1244,0,1103,13,16,3,12,10,4,1045,19,20,0.88 
2013,12,13,20:50,1045,1244,6,1103,14,16,8,7,6,9,1045,16,23,0.87 
2013,12,12,18:15,1311,1045,1,1103,8,16,3,12,5,4,1045,14,13,0.93 
2013,12,12,18:15,1311,1045,6,1103,9,16,9,6,0,10,1045,15,15,0.94 
2013,12,12,18:15,1045,1311,0,1103,14,16,11,4,3,12,1045,16,20,0.78 
2013,12,10,21:30,1106,1045,7,1104,16,6,9,6,7,0,1045,9,18,0.52 
2013,12,10,18:00,1305,1045,6,1104,12,16,8,7,4,9,1045,13,17,0.94 
2013,12,09,21:00,1045,49,6,1104,16,4,14,1,2,3,1045,12,13,0.87 
2013,12,09,19:15,1322,1045,2,1104,14,16,8,7,6,9,1045,20,20,0.91 
2013,12,08,18:00,1045,1069,2,1104,16,7,12,3,4,4,1045,21,14,1.28 
2013,12,07,20:00,1045,1323,0,1104,16,5,13,2,3,3,1045,15,8,1.38 
2013,12,03,23:15,1045,1325,0,1103,16,9,8,7,8,2,1045,24,11,1.58 
2013,12,03,20:45,1045,1244,6,1103,13,16,6,9,7,7,1045,19,21,0.84 
2013,12,03,20:15,215,1045,0,1104,15,15,12,3,3,12,1045,25,22,1.03 
2013,12,03,18:45,1045,214,0,1103,16,13,8,7,8,6,1045,20,16,1.16 
2013,11,28,22:45,1045,250,6,1105,7,16,4,11,3,5,1045,11,19,0.59 
2013,11,28,22:45,1045,250,2,1105,9,16,9,6,0,10,1045,13,18,0.76 
2013,11,28,22:45,1045,250,1,1105,16,14,4,11,12,3,1045,17,20,0.92 
2013,11,28,14:20,1045,1244,6,1105,16,2,13,2,3,0,1045,14,8,1.26 
2013,11,28,12:15,1045,215,0,1105,16,13,9,6,7,7,1045,27,16,1.38 
2013,11,28,10:00,1244,1045,1,1105,16,14,8,7,8,7,1045,24,19,1.20 
2013,11,25,20:00,722,1045,1,1104,7,16,6,9,1,7,1045,12,14,0.83 
2013,11,13,21:10,1045,275,6,1104,16,11,10,5,6,6,1045,21,18,1.12 
2013,11,12,23:00,1045,287,1,1104,16,11,6,9,10,2,1045,24,16,1.25 
2013,11,12,22:00,1045,1244,6,1104,12,16,7,8,5,8,1045,10,19,0.56 
2013,11,12,21:00,214,1045,7,1104,16,14,9,6,7,8,1045,20,19,0.94 
2013,11,12,20:00,1311,1045,1,1104,16,4,11,4,5,0,1045,9,17,0.56 
2013,11,12,19:00,844,1045,1,1104,8,16,3,12,5,4,1045,29,10,2.04 
2013,11,01,17:50,1338,1045,6,1110,1,16,1,14,0,2,1045,17,5,1.75 
2013,11,01,16:30,1045,116,6,1110,14,16,8,7,6,9,1045,12,25,0.53 
2013,11,01,14:30,1244,1045,1,1110,16,12,8,7,8,5,1045,21,19,1.05 
2013,10,15,19:49,1045,1344,9,1114,16,0,15,0,1,0,1045,12,2,1.41 
2013,09,20,20:00,1317,1045,11,1117,19,16,6,9,9,6,1045,15,23,0.69 
2013,09,20,20:00,1317,1045,9,1117,10,16,6,9,4,7,1045,21,14,1.25 
2013,09,20,20:00,1045,1317,13,1117,9,16,8,7,1,9,1045,10,19,0.62 
2013,08,30,21:00,1045,1311,11,1117,16,5,12,3,4,2,1045,19,9,1.47 
2013,08,29,23:00,1045,841,10,1117,14,16,4,11,10,5,1045,21,22,0.88 
2013,08,28,22:00,1045,250,9,1117,14,16,8,7,6,9,1045,14,25,0.58 
2013,08,28,21:00,1045,384,11,1117,16,14,10,5,6,9,1045,18,18,0.96 
2013,08,26,20:00,1045,1312,10,1117,11,16,6,9,5,7,1045,23,21,1.34 
2013,08,24,18:30,1045,323,9,1128,16,8,7,8,9,0,1045,22,15,1.34 
2013,08,24,18:30,1045,323,11,1128,16,14,11,4,5,10,1045,24,24,1.02 
2013,08,08,18:40,1312,158,12,1134,16,11,8,7,8,4,158,15,23,0.78 
2013,06,15,22:30,517,158,10,1139,16,8,10,5,6,3,158,14,18,1.01 
2013,06,15,18:00,158,250,13,1139,5,16,5,10,0,6,158,6,20,0.31 
2013,03,23,20:50,1430,275,12,1161,16,5,12,3,4,2,1430,29,10,2.09 
2013,03,23,20:50,1430,275,10,1161,16,11,7,8,9,3,1430,20,19,1.16 
2013,03,17,19:00,1433,1430,11,1163,8,16,7,8,1,8,1430,25,13,1.66 
2013,03,17,19:00,1430,1433,10,1163,25,23,8,7,7,8,1430,34,35,0.92 
2013,03,09,21:45,1440,1430,9,1166,16,3,12,3,4,0,1430,3,19,0.13 
2013,03,09,21:45,1440,1430,13,1166,16,3,12,3,4,0,1430,5,19,0.25 
2013,03,09,19:00,1414,1430,10,1166,14,16,9,6,5,10,1430,25,16,1.29 
2013,03,09,19:00,1430,1414,11,1166,16,5,10,5,6,0,1430,18,11,1.22 
2013,03,09,19:00,1430,1414,9,1166,8,16,6,9,2,7,1430,10,19,0.57 
