2016,07,20,21:00,261,41,14,503,4,16,4,11,0,5,261,16,16,1.15 
2016,07,20,21:00,261,41,1,503,5,16,1,14,4,2,261,11,17,0.76 
2016,07,20,18:10,196,261,0,503,16,1,14,1,2,0,261,13,15,0.94 
2016,07,17,17:45,271,261,1,519,10,16,2,13,8,3,261,28,13,1.71 
2016,07,17,17:45,271,261,14,519,13,16,9,6,4,10,261,21,18,1.15 
2016,07,16,18:45,272,261,0,519,17,19,7,8,8,7,261,36,26,1.40 
2016,07,16,18:45,272,261,2,519,14,16,8,7,6,9,261,23,21,1.04 
2016,07,16,18:45,272,261,7,519,16,11,5,10,11,1,261,16,22,0.78 
2016,07,16,14:45,261,273,2,519,16,9,12,3,4,6,261,31,15,2.01 
2016,07,16,14:45,273,261,14,519,8,16,3,12,5,4,261,20,12,1.37 
2016,07,16,14:45,261,273,0,519,14,16,8,7,6,9,261,35,22,1.64 
2016,07,04,16:00,30,261,14,487,16,5,10,5,6,0,261,10,18,0.57 
2016,07,04,16:00,261,30,0,487,1,16,1,14,0,2,261,3,16,0.20 
2016,06,27,20:15,41,261,6,499,16,4,11,4,5,0,261,8,17,0.49 
2016,06,27,20:15,261,41,2,499,3,16,2,13,1,3,261,8,18,0.49 
2016,06,27,16:15,261,52,0,487,0,16,0,15,0,1,261,8,16,0.49 
2016,06,27,16:15,52,261,1,487,16,12,5,10,11,2,261,21,21,0.95 
2016,06,16,17:20,261,52,1,499,7,16,4,11,3,5,261,20,19,1.20 
2016,06,16,17:20,52,261,0,499,16,3,13,2,3,1,261,12,19,0.62 
2016,06,07,18:00,358,261,0,550,16,7,10,5,6,2,261,15,20,0.95 
2016,06,07,18:00,261,358,7,550,11,16,7,8,4,8,261,20,22,0.88 
2016,06,06,20:00,218,261,0,499,16,14,7,8,9,6,261,23,20,1.11 
2016,06,06,20:00,261,218,1,499,6,16,5,10,1,6,261,14,19,0.70 
2016,05,10,17:10,101,261,14,499,16,8,9,6,7,2,261,20,17,1.13 
2016,05,10,17:10,101,261,2,499,16,5,12,3,4,2,261,7,18,0.48 
2016,05,05,20:00,49,261,14,499,16,6,9,6,7,0,261,19,19,1.18 
2016,05,05,20:00,261,49,7,499,2,16,2,13,0,3,261,7,16,0.48 
2016,03,26,20:30,510,261,14,620,5,16,4,11,1,5,261,20,11,1.35 
2016,03,26,20:30,261,510,0,620,16,1,14,1,2,0,261,18,11,1.65 
2016,03,26,17:15,261,511,6,620,16,9,8,7,8,2,261,22,13,1.47 
2016,03,26,17:15,511,261,2,620,14,16,7,8,7,8,261,22,18,1.06 
2016,03,26,14:15,515,261,7,620,3,16,3,12,0,4,261,19,8,1.46 
2016,03,26,14:15,515,261,6,620,9,16,5,10,4,6,261,28,13,1.72 
2016,03,25,19:45,261,512,1,620,16,8,8,7,8,1,261,35,13,2.10 
2016,03,25,19:45,261,512,7,620,16,5,11,4,5,1,261,18,8,1.41 
2016,03,25,12:00,261,523,0,620,16,6,11,4,5,2,261,28,11,1.97 
2016,03,25,12:00,261,523,14,620,16,9,9,6,7,3,261,14,18,0.79 
2016,03,06,22:30,510,639,7,636,8,16,3,12,5,4,639,24,12,1.51 
2016,03,06,22:30,639,510,0,636,16,10,12,3,4,7,639,25,17,1.38 
2016,03,06,18:15,639,514,2,636,16,6,10,5,6,1,639,12,14,0.94 
2016,03,06,18:15,639,514,14,636,16,3,12,3,4,0,639,24,7,2.06 
2016,03,05,14:20,639,516,2,636,16,6,11,4,5,2,639,20,10,1.44 
2016,03,05,13:20,639,641,0,636,16,1,15,0,1,1,639,20,7,1.77 
2015,12,08,21:00,513,515,7,712,9,16,3,12,6,4,513,28,18,1.44 
2015,12,08,19:00,639,513,1,712,16,14,5,10,11,4,513,18,24,0.76 
2015,12,08,19:00,639,513,7,712,16,10,9,6,7,4,513,28,18,1.62 
2015,12,07,20:00,513,791,14,712,26,21,7,8,8,7,513,36,32,1.07 
2015,12,07,20:00,513,791,0,712,16,4,11,4,5,0,513,20,15,1.21 
2015,12,07,20:00,513,791,7,712,10,16,4,11,6,5,513,25,20,1.30 
2015,04,04,19:15,1107,1108,1,949,16,11,12,3,4,8,1108,22,22,1.00 
2015,04,04,19:15,1108,1107,5,949,6,16,4,11,2,5,1108,16,21,0.70 
2015,04,04,19:15,1108,1107,14,949,16,9,9,6,7,3,1108,23,15,1.30 
2015,04,04,16:00,516,1108,0,949,16,4,13,2,3,2,1108,14,17,0.85 
2015,04,04,16:00,1108,516,1,949,16,11,7,8,9,3,1108,25,18,1.32 
2015,04,04,16:00,516,1108,7,949,16,4,14,1,2,3,1108,11,18,0.69 
2015,04,04,10:00,1108,1110,1,949,16,1,14,1,2,0,1108,29,6,2.67 
2015,04,04,10:00,1110,1108,5,949,16,11,7,8,9,3,1108,15,20,0.70 
2015,04,04,10:00,1108,1110,6,949,16,1,14,1,2,0,1108,17,6,1.60 
2015,04,03,18:30,1108,1032,0,949,19,17,10,5,5,10,1108,29,24,1.09 
2015,04,03,18:30,1032,1108,5,949,4,16,4,11,0,5,1108,18,12,1.43 
2014,10,31,16:30,271,1108,5,999,9,16,6,9,3,7,1108,24,13,1.38 
2014,10,31,12:50,1108,1107,6,999,10,16,8,7,2,9,1108,20,19,1.04 
2014,10,31,12:50,1107,1108,14,999,16,13,12,3,4,10,1108,31,21,1.48 
2014,10,31,12:50,1108,1107,7,999,16,14,11,4,5,10,1108,28,23,1.18 
2014,10,30,13:25,1108,1074,6,999,16,14,12,3,4,11,1108,15,20,0.75 
2014,10,30,12:15,1108,271,0,999,12,16,8,7,4,9,1108,21,21,1.00 
2014,10,30,10:30,1108,1167,6,999,16,7,12,3,4,4,1108,22,11,1.50 
2014,10,23,18:00,214,1108,0,996,16,4,11,4,5,0,1108,10,18,0.64 
2014,10,23,18:00,214,1108,1,996,16,4,11,4,5,0,1108,12,19,0.66 
2014,10,12,20:00,711,1108,0,996,16,8,10,5,6,3,1108,14,20,0.82 
2014,10,12,20:00,1108,711,1,996,2,16,2,13,0,3,1108,7,17,0.37 
2014,10,11,19:15,711,1108,1,996,16,1,15,0,1,1,1108,7,16,0.46 
2014,05,24,18:30,1255,1256,0,1067,16,5,10,5,6,0,1256,14,18,0.92 
2014,05,24,18:30,1256,1255,2,1067,14,16,10,5,4,11,1256,8,22,0.46 
2013,03,30,20:00,1119,512,9,1156,16,8,9,6,7,2,1119,29,13,1.87 
2013,03,30,20:00,512,1119,13,1156,13,16,6,9,7,7,1119,23,20,1.01 
2013,03,30,20:00,1119,512,10,1156,11,16,7,8,4,8,1119,18,22,0.88 
2013,03,30,14:00,1413,1119,9,1156,8,16,2,13,6,3,1119,26,15,1.50 
2013,03,30,14:00,1413,1119,13,1156,4,16,4,11,0,5,1119,15,14,1.02 
2013,03,30,10:00,1417,1119,10,1156,12,16,7,8,5,8,1119,23,18,1.25 
2013,03,30,10:00,1417,1119,13,1156,8,16,4,11,4,5,1119,26,11,1.61 
2013,03,29,22:00,1412,1119,9,1156,15,15,4,11,11,4,1119,32,22,1.48 
2013,03,29,20:30,1119,512,13,1156,14,16,7,8,7,8,1119,25,25,1.18 
2013,03,29,19:00,1422,1119,9,1156,7,16,6,9,1,7,1119,30,11,1.94 
2013,03,29,16:00,1420,1119,10,1156,10,16,6,9,4,7,1119,25,15,1.39 
2013,03,29,10:00,1119,1413,13,1156,9,16,5,10,4,6,1119,12,21,0.58 
