2016,08,15,13:00,34,35,4,473,16,14,10,5,6,9,35,28,24,1.23 
2016,08,15,13:00,34,35,0,473,16,12,11,4,5,8,35,24,20,1.26 
2016,08,14,14:30,35,62,5,478,16,11,8,7,8,4,35,17,20,0.91 
2016,08,14,14:30,62,35,4,478,12,16,6,9,6,7,35,31,18,1.59 
2016,08,13,15:30,35,65,0,482,16,6,11,4,5,2,35,30,16,1.86 
2016,08,13,15:30,65,35,1,482,7,16,4,11,3,5,35,21,12,1.46 
2016,08,11,14:30,35,106,7,478,16,12,11,4,5,8,35,22,17,1.35 
2016,08,11,14:30,35,106,2,478,16,2,13,2,3,0,35,17,9,1.36 
2016,08,08,09:30,35,151,1,478,16,13,5,10,11,3,35,27,20,1.29 
2016,08,08,09:30,35,151,0,478,16,4,11,4,5,0,35,19,7,1.53 
2016,08,06,13:30,35,65,7,491,16,2,13,2,3,0,35,14,4,1.54 
2016,08,06,13:30,35,65,2,491,16,10,7,8,9,2,35,20,20,1.01 
2016,08,06,13:30,65,35,0,491,16,9,7,8,9,1,35,15,18,0.82 
2016,08,05,13:20,35,172,14,491,16,6,13,2,3,4,35,24,15,1.59 
2016,08,05,13:20,35,172,2,491,16,2,14,1,2,1,35,13,9,1.33 
2016,08,02,13:00,35,150,14,482,16,4,13,2,3,2,35,26,4,2.38 
2016,08,02,13:00,35,150,1,482,16,12,5,10,11,2,35,21,18,1.04 
2016,08,02,13:00,35,150,7,482,2,16,2,13,0,3,35,9,16,0.67 
2016,07,31,05:30,35,34,7,473,14,16,11,4,3,12,35,22,26,0.91 
2016,07,31,05:30,34,35,1,473,16,19,8,7,7,8,35,31,24,1.23 
2016,07,26,12:00,35,150,7,504,16,6,12,3,4,3,35,19,14,1.28 
2016,07,26,12:00,35,150,2,504,10,16,9,6,1,10,35,21,21,0.97 
2016,07,26,12:00,35,150,14,504,16,11,6,9,10,2,35,23,16,1.17 
2016,07,24,07:45,34,35,1,512,16,9,8,7,8,2,35,17,22,0.76 
2016,07,24,07:45,34,35,7,512,16,14,7,8,9,6,35,24,24,1.10 
2016,07,22,13:30,52,35,5,512,16,8,13,2,3,6,35,8,20,0.44 
2016,07,22,13:30,35,52,4,512,16,7,11,4,5,3,35,21,16,1.34 
2016,07,22,13:30,35,52,7,512,4,16,4,11,0,5,35,11,18,0.63 
2016,07,22,07:30,46,35,4,512,16,10,8,7,8,3,35,18,24,0.75 
2016,07,22,05:45,185,35,7,512,6,16,5,10,1,6,35,23,14,1.51 
2016,07,22,04:00,35,208,7,512,16,2,13,2,3,0,35,16,4,1.54 
2016,07,09,09:45,35,34,2,525,8,16,6,9,2,7,35,12,22,0.53 
2016,07,09,09:45,35,34,7,525,13,16,6,9,7,7,35,22,21,1.14 
2016,07,09,09:45,35,34,1,525,8,16,6,9,2,7,35,18,19,1.04 
2016,07,08,05:30,34,35,2,526,16,13,10,5,6,8,35,15,25,0.56 
2016,07,08,05:30,34,35,7,526,14,16,11,4,3,12,35,18,17,0.95 
2016,07,08,05:30,34,35,1,526,16,6,12,3,4,3,35,12,20,0.61 
2016,07,08,05:30,34,35,14,526,16,11,7,8,9,3,35,19,20,0.99 
2016,07,07,08:00,35,180,2,527,16,2,13,2,3,0,35,16,7,1.47 
2016,07,07,08:00,35,180,14,527,16,5,10,5,6,0,35,18,12,1.23 
2016,07,01,12:40,35,172,7,531,16,13,11,4,5,9,35,13,19,0.74 
2016,07,01,12:40,35,172,14,531,16,3,14,1,2,2,35,14,10,1.34 
2016,07,01,05:00,35,34,2,531,9,16,8,7,1,9,35,23,18,1.28 
2016,07,01,05:00,34,35,14,531,16,12,8,7,8,5,35,17,19,0.96 
2016,06,25,13:00,34,35,4,538,16,9,11,4,5,5,35,15,22,0.69 
2016,06,25,13:00,34,35,7,538,19,15,7,8,8,7,35,25,22,1.14 
2016,06,23,08:00,35,237,14,538,16,2,13,2,3,0,35,17,6,1.62 
2016,06,23,08:00,35,237,4,538,16,7,9,6,7,1,35,25,13,1.67 
2016,06,23,08:00,237,35,0,538,16,11,11,4,5,7,35,21,23,1.05 
2016,06,17,08:10,191,35,0,527,13,16,12,3,1,13,35,28,22,1.34 
2016,06,17,08:10,191,35,5,527,4,16,4,11,0,5,35,20,10,1.42 
2016,06,14,08:10,35,179,0,527,16,7,13,2,3,5,35,24,17,1.31 
2016,06,14,08:10,35,179,14,527,16,2,14,1,2,1,35,17,9,1.49 
2016,06,08,09:00,35,256,4,504,16,1,14,1,2,0,35,16,10,1.33 
2016,06,08,09:00,256,35,7,504,8,16,3,12,5,4,35,25,12,1.59 
2016,05,28,15:00,34,35,1,562,16,9,7,8,9,1,35,26,22,1.29 
2016,05,28,15:00,35,34,0,562,8,16,8,7,0,9,35,17,19,0.91 
2016,05,28,15:00,34,35,7,562,12,16,7,8,5,8,35,23,21,1.12 
2016,05,27,13:15,185,35,0,562,6,16,4,11,2,5,35,19,18,1.05 
2016,05,27,13:15,35,185,4,562,16,7,13,2,3,5,35,27,15,1.59 
2016,05,18,14:30,34,35,7,572,16,2,13,2,3,0,35,10,17,0.57 
2016,05,18,14:30,35,34,1,572,4,16,3,12,1,4,35,8,19,0.37 
2016,05,18,14:30,34,35,0,572,16,8,10,5,6,3,35,10,24,0.35 
2016,05,07,13:10,34,35,4,584,16,9,10,5,6,4,35,16,22,0.75 
2016,05,07,13:10,34,35,14,584,16,3,13,2,3,1,35,11,17,0.72 
2016,05,07,11:20,35,429,0,584,16,4,12,3,4,1,35,16,13,1.27 
2016,05,07,11:20,429,35,7,584,5,16,2,13,3,3,35,20,10,1.53 
2016,05,06,05:25,35,34,7,584,10,16,5,10,5,6,35,18,20,0.95 
2016,05,06,05:25,35,34,1,584,16,5,10,5,6,0,35,24,10,1.77 
2016,05,06,05:25,34,35,4,584,21,17,9,6,6,9,35,22,29,0.88 
2016,05,05,12:50,150,35,7,584,13,16,5,10,8,6,35,25,24,1.14 
2016,05,05,12:50,150,35,2,584,12,16,8,7,4,9,35,32,18,1.62 
2016,05,05,08:15,164,35,4,584,5,16,4,11,1,5,35,21,14,1.27 
2016,05,05,04:15,429,35,2,584,16,2,13,2,3,0,35,10,18,0.66 
2016,04,27,13:00,34,35,1,597,16,4,12,3,4,1,35,9,20,0.40 
2016,04,27,13:00,34,35,6,597,16,6,14,1,2,5,35,9,20,0.42 
2016,04,27,13:00,34,35,0,597,16,10,8,7,8,3,35,14,21,0.67 
2016,04,27,08:00,191,35,0,595,4,16,3,12,1,4,35,23,13,1.80 
2016,04,27,08:00,191,35,7,595,9,16,3,12,6,4,35,22,15,1.34 
2016,04,25,16:10,179,35,4,597,6,16,3,12,3,4,35,22,14,1.37 
2016,04,25,16:10,179,35,2,597,1,16,1,14,0,2,35,23,8,1.94 
2016,04,25,12:30,34,35,7,597,16,9,8,7,8,2,35,17,22,0.83 
2016,04,25,12:30,35,34,6,597,19,17,10,5,5,10,35,32,24,1.21 
2016,04,25,12:30,34,35,1,597,16,11,12,3,4,8,35,21,18,1.22 
2016,04,21,13:00,35,179,4,597,16,7,11,4,5,3,35,27,15,1.49 
2016,04,21,13:00,35,179,6,597,16,2,14,1,2,1,35,14,8,1.30 
2016,04,15,13:00,172,35,6,597,11,16,9,6,2,10,35,28,14,1.50 
2016,04,15,13:00,35,172,0,597,16,6,12,3,4,3,35,20,14,1.37 
2016,04,09,13:30,35,173,6,597,16,13,12,3,4,10,35,20,20,0.97 
2016,03,30,13:00,65,35,6,597,14,16,9,6,5,10,35,21,16,1.16 
2016,03,30,13:00,65,35,0,597,13,16,6,9,7,7,35,18,20,0.95 
2016,03,22,12:00,35,207,14,595,16,14,8,7,8,7,35,27,20,1.26 
2016,03,22,12:00,35,207,7,595,16,5,11,4,5,1,35,14,9,1.11 
2016,03,15,12:00,501,35,14,595,1,16,1,14,0,2,35,21,7,1.99 
2016,03,15,12:00,501,35,0,595,6,16,3,12,3,4,35,25,12,1.77 
2016,03,13,16:30,35,34,6,633,10,16,2,13,8,3,35,15,18,0.80 
2016,03,13,16:30,34,35,1,633,16,8,10,5,6,3,35,14,22,0.65 
2016,03,13,12:00,61,35,1,633,14,16,9,6,5,10,35,21,24,0.88 
2016,03,13,12:00,35,61,6,633,19,16,7,8,8,7,35,29,24,1.10 
2016,03,13,09:15,35,229,4,633,16,7,9,6,7,1,35,18,14,1.10 
2016,03,13,09:15,229,35,1,633,17,19,5,10,10,5,35,32,26,1.21 
2016,03,13,06:25,35,491,4,633,16,4,12,3,4,1,35,18,11,1.47 
2016,03,13,06:25,491,35,1,633,13,16,7,8,6,8,35,20,18,1.01 
2016,01,31,07:20,286,697,0,663,16,4,13,2,3,2,697,9,17,0.59 
2016,01,31,07:20,697,286,14,663,8,16,6,9,2,7,697,16,19,0.92 
2016,01,29,07:20,3,697,6,663,3,16,3,12,0,4,697,15,11,1.19 
2016,01,29,04:15,193,697,14,663,10,16,3,12,7,4,697,25,21,1.23 
2016,01,13,18:00,697,292,0,671,11,16,5,10,6,6,697,12,23,0.56 
2016,01,13,18:00,292,697,7,671,16,14,8,7,8,7,697,21,20,1.07 
2016,01,13,18:00,292,697,6,671,6,16,5,10,1,6,697,12,15,0.82 
2016,01,13,13:10,215,697,2,671,16,7,10,5,6,2,697,13,16,0.90 
2016,01,13,13:10,697,215,0,671,5,16,4,11,1,5,697,5,19,0.30 
2015,12,20,09:00,697,34,4,688,22,20,11,4,4,11,697,31,31,0.98 
2015,12,20,09:00,34,697,0,688,16,12,8,7,8,5,697,11,24,0.47 
2015,12,20,09:00,697,34,6,688,19,17,10,5,5,10,697,29,27,1.02 
2015,12,20,09:00,34,697,7,688,13,16,5,10,8,6,697,28,22,1.28 
2015,12,20,06:00,697,501,4,688,16,3,12,3,4,0,697,15,15,0.98 
2015,12,20,06:00,501,697,0,688,12,16,6,9,6,7,697,18,19,0.97 
2015,12,19,11:15,697,34,14,688,4,16,3,12,1,4,697,12,19,0.63 
2015,12,19,11:15,34,697,7,688,16,10,7,8,9,2,697,8,24,0.39 
2015,12,18,10:30,173,697,0,688,6,16,6,9,0,7,697,20,14,1.40 
2015,12,18,10:30,697,173,6,688,16,14,9,6,7,8,697,21,23,0.93 
2015,12,17,06:45,697,745,6,688,16,2,13,2,3,0,697,12,9,1.00 
2015,12,17,06:45,697,745,14,688,16,1,14,1,2,0,697,16,6,1.55 
2015,12,15,14:00,751,697,7,702,3,16,3,12,0,4,697,25,12,1.89 
2015,12,15,14:00,697,751,6,702,16,1,14,1,2,0,697,19,11,1.53 
2015,12,15,14:00,697,751,0,702,9,16,8,7,1,9,697,19,18,1.10 
2015,12,15,14:00,697,751,2,702,16,2,14,1,2,1,697,22,11,1.73 
2015,12,14,13:00,762,697,4,702,8,16,8,7,0,9,697,26,13,1.64 
2015,12,14,13:00,762,697,2,702,7,16,3,12,4,4,697,20,18,1.13 
2015,12,13,13:00,256,697,0,702,5,16,5,10,0,6,697,23,11,1.69 
2015,12,13,13:00,697,256,6,702,16,2,13,2,3,0,697,13,8,1.19 
2015,12,10,13:00,697,149,6,711,16,11,8,7,8,4,697,18,19,0.95 
2015,12,10,13:00,697,149,14,711,16,4,12,3,4,1,697,21,10,1.46 
2015,12,07,10:00,697,762,14,711,19,16,6,9,9,6,697,26,26,1.03 
2015,12,07,10:00,762,697,6,711,9,16,3,12,6,4,697,23,16,1.27 
2015,12,07,10:00,762,697,7,711,16,10,6,9,10,1,697,17,21,0.86 
2015,12,03,13:00,697,150,7,711,16,13,9,6,7,7,697,16,23,0.69 
2015,12,03,13:00,697,150,6,711,16,11,9,6,7,5,697,20,20,1.02 
2015,11,30,15:20,823,697,6,696,4,16,4,11,0,5,697,16,12,1.20 
2015,11,30,15:20,697,823,7,696,16,7,9,6,7,1,697,22,14,1.35 
2015,11,28,16:15,824,697,6,696,9,16,6,9,3,7,697,20,16,1.15 
2015,11,28,16:15,697,824,0,696,16,3,12,3,4,0,697,15,9,1.18 
2015,11,28,14:00,697,762,14,707,6,16,5,10,1,6,697,11,20,0.54 
2015,11,28,14:00,762,697,7,707,16,8,9,6,7,2,697,16,20,0.81 
2015,11,28,12:00,697,483,0,707,13,16,9,6,4,10,697,22,20,1.07 
2015,11,28,12:00,483,697,2,707,16,8,11,4,5,4,697,17,17,1.05 
2015,11,27,14:10,795,697,2,707,12,16,10,5,2,11,697,22,22,1.00 
2015,11,27,14:10,795,697,6,707,12,16,4,11,8,5,697,22,23,1.05 
2015,11,26,12:30,697,173,6,696,16,9,8,7,8,2,697,18,17,0.98 
2015,11,26,12:30,173,697,7,696,14,16,6,9,8,7,697,22,20,1.02 
2015,09,11,19:25,994,976,0,642,16,7,10,5,6,2,994,20,14,1.27 
2015,09,11,16:00,164,994,6,642,7,16,7,8,0,8,994,21,17,1.30 
2015,09,06,15:00,751,994,6,766,11,16,8,7,3,9,994,18,20,0.90 
2015,09,06,15:00,994,751,14,766,16,10,9,6,7,4,994,34,16,1.90 
2015,09,06,12:00,994,494,0,766,16,6,12,3,4,3,994,26,8,1.85 
2015,09,06,12:00,994,494,6,766,16,4,11,4,5,0,994,32,9,2.45 
2015,09,06,09:00,1002,994,14,766,13,16,5,10,8,6,994,27,20,1.25 
2015,09,06,09:00,994,1002,7,766,16,5,10,5,6,0,994,17,11,1.12 
2015,09,02,14:30,293,266,6,835,12,16,5,10,7,6,266,22,16,1.21 
2015,09,02,14:30,266,293,7,835,16,4,11,4,5,0,266,13,11,1.06 
2015,08,28,14:00,266,295,0,835,16,9,11,4,5,5,266,12,17,0.71 
2015,08,27,13:00,266,321,1,835,16,14,4,11,12,3,266,15,23,0.76 
2015,08,27,12:00,266,352,7,835,16,1,14,1,2,0,266,20,3,2.37 
2015,07,19,06:45,149,994,4,873,16,5,10,5,6,0,994,14,19,0.97 
2015,07,18,15:30,286,994,7,873,16,8,11,4,5,4,994,15,21,0.74 
2015,07,18,13:30,149,994,6,873,11,16,9,6,2,10,994,25,17,1.33 
2015,07,10,19:00,303,994,4,875,16,6,10,5,6,1,994,13,20,0.75 
2015,07,10,17:30,647,994,6,875,13,16,8,7,5,9,994,24,17,1.27 
2015,07,10,16:00,994,250,0,875,4,16,4,11,0,5,994,15,17,1.10 
2015,04,17,15:45,209,149,7,940,14,16,8,7,6,9,209,13,23,0.63 
2014,10,04,08:15,1196,795,6,1020,13,16,7,8,6,8,1196,12,24,0.57 
2014,10,04,08:15,1196,795,7,1020,11,16,9,6,2,10,1196,15,22,0.77 
2014,10,04,04:00,34,1196,5,1020,12,16,6,9,6,7,1196,21,22,0.95 
2014,10,04,04:00,34,1196,2,1020,8,16,6,9,2,7,1196,28,18,1.54 
2014,10,04,04:00,1196,34,6,1020,9,16,7,8,2,8,1196,17,20,0.92 
2014,10,03,16:00,795,1196,7,1020,16,4,11,4,5,0,1196,10,17,0.66 
2014,10,03,16:00,795,1196,6,1020,16,12,8,7,8,5,1196,18,24,0.94 
2014,10,03,16:00,1196,795,5,1020,16,2,13,2,3,0,1196,18,10,1.39 
2014,10,03,06:10,226,1196,7,1020,3,16,2,13,1,3,1196,28,13,1.99 
2014,10,03,06:10,1196,226,1,1020,16,12,11,4,5,8,1196,14,21,0.77 
