2016,07,10,17:00,302,303,14,523,16,6,10,5,6,1,303,13,18,0.96 
2016,07,10,17:00,303,302,2,523,7,16,7,8,0,8,303,16,17,0.92 
2016,07,09,19:30,303,210,7,523,16,13,11,4,5,9,303,16,18,0.83 
2016,07,09,19:30,210,303,14,523,13,16,5,10,8,6,303,18,18,1.01 
2016,07,08,17:00,215,303,14,523,6,16,2,13,4,3,303,13,11,0.98 
2016,07,08,17:00,215,303,5,523,12,16,8,7,4,9,303,14,21,0.64 
2016,07,08,17:00,303,215,2,523,11,16,10,5,1,11,303,20,16,1.17 
2016,07,07,19:00,303,214,0,523,16,6,11,4,5,2,303,14,12,1.03 
2016,07,07,19:00,303,214,14,523,16,11,9,6,7,5,303,14,14,0.96 
2016,07,06,16:00,8,303,14,523,16,12,6,9,10,3,303,18,19,0.88 
2016,07,05,16:00,258,303,2,523,7,16,6,9,1,7,303,20,12,1.37 
2016,06,25,18:05,292,303,5,540,16,11,11,4,5,7,303,16,19,0.78 
2016,06,25,18:05,303,292,1,540,6,16,5,10,1,6,303,14,18,0.86 
2016,06,25,18:05,303,292,14,540,16,12,6,9,10,3,303,23,19,1.30 
2016,06,24,16:10,303,70,2,540,12,16,5,10,7,6,303,15,21,0.73 
2016,06,24,14:45,292,303,14,540,6,16,6,9,0,7,303,13,11,0.98 
2016,06,11,04:15,253,291,4,502,16,11,7,8,9,3,291,20,19,0.97 
2016,06,11,04:15,253,291,1,502,16,19,9,6,6,9,291,25,27,0.95 
2016,06,11,04:15,253,291,0,502,16,7,11,4,5,3,291,22,18,1.23 
2016,06,09,23:00,291,302,4,502,16,14,12,3,4,11,291,26,21,1.22 
2016,06,09,23:00,291,302,14,502,16,10,7,8,9,2,291,21,16,1.26 
2016,06,09,23:00,302,291,2,502,16,6,12,3,4,3,291,7,17,0.48 
2016,06,08,19:10,291,366,1,502,14,16,6,9,8,7,291,25,18,1.22 
2016,06,08,18:00,291,366,2,502,16,7,10,5,6,2,291,25,14,1.58 
2016,06,07,23:40,291,253,1,502,6,16,6,9,0,7,291,11,18,0.67 
2016,06,07,22:55,291,253,2,502,2,16,2,13,0,3,291,7,18,0.39 
2016,06,07,21:35,291,302,4,502,16,14,12,3,4,11,291,12,19,0.63 
2016,06,07,20:30,291,302,5,502,3,16,3,12,0,4,291,6,16,0.48 
2016,05,27,04:00,270,291,1,563,16,7,10,5,6,2,291,12,20,0.69 
2016,05,27,04:00,270,291,14,563,16,4,11,4,5,0,291,8,17,0.49 
2016,05,26,04:10,291,303,14,563,7,16,2,13,5,3,291,11,17,0.66 
2016,05,26,04:10,291,303,2,563,2,16,2,13,0,3,291,8,17,0.45 
2016,05,25,02:10,270,291,2,563,18,22,9,6,6,9,291,36,30,1.35 
2016,05,25,02:10,270,291,14,563,16,14,8,7,8,7,291,15,24,0.60 
2016,05,25,02:10,291,270,7,563,16,1,14,1,2,0,291,14,10,1.23 
2016,05,24,22:00,312,291,4,563,19,17,9,6,6,9,291,22,27,0.78 
2016,05,24,22:00,312,291,2,563,8,16,7,8,1,8,291,19,13,1.28 
2016,05,24,22:00,291,312,7,563,10,16,6,9,4,7,291,17,21,0.88 
2016,05,24,04:00,257,291,1,563,16,14,8,7,8,7,291,22,18,1.09 
2016,05,24,04:00,257,291,4,563,16,12,10,5,6,7,291,23,21,1.08 
2016,05,24,04:00,291,257,14,563,16,9,13,2,3,7,291,20,17,1.14 
2016,05,18,04:00,291,270,4,563,6,16,5,10,1,6,291,13,18,0.75 
2016,05,18,04:00,291,270,7,563,8,16,5,10,3,6,291,15,17,0.93 
2016,05,12,01:00,366,291,2,563,12,16,9,6,3,10,291,16,15,1.02 
2016,05,12,01:00,366,291,1,563,10,16,2,13,8,3,291,20,16,1.11 
2016,05,08,00:15,291,257,1,582,11,16,10,5,1,11,291,18,18,1.00 
2016,05,08,00:15,257,291,0,582,12,16,12,3,0,13,291,13,22,0.58 
2016,05,08,00:15,291,257,7,582,16,19,10,5,5,10,291,22,23,0.89 
2016,05,07,17:00,291,362,1,582,16,10,11,4,5,6,291,35,13,2.09 
2016,05,07,17:00,291,362,2,582,19,16,4,11,11,4,291,31,23,1.25 
2016,05,07,01:00,257,291,14,582,16,1,14,1,2,0,291,8,16,0.48 
2016,05,04,04:10,70,291,1,563,16,9,6,9,10,0,291,10,19,0.55 
2016,05,04,04:10,70,291,4,563,16,11,11,4,5,7,291,18,20,0.94 
2016,05,02,01:00,291,446,1,563,16,12,8,7,8,5,291,23,15,1.38 
2016,05,02,01:00,291,446,4,563,16,12,11,4,5,8,291,20,17,1.10 
2016,05,01,04:00,303,291,1,563,10,16,3,12,7,4,291,24,9,1.55 
2016,05,01,04:00,303,291,14,563,17,19,9,6,6,9,291,23,25,0.93 
2016,04,28,04:15,291,116,0,563,16,14,10,5,6,9,291,19,18,0.95 
2016,04,28,04:15,116,291,7,563,13,16,5,10,8,6,291,20,19,1.04 
2016,04,27,03:15,279,291,0,598,16,13,9,6,7,7,291,21,20,1.04 
2016,04,27,02:00,291,279,4,598,10,16,4,11,6,5,291,20,23,0.89 
2016,04,25,01:00,291,38,14,563,16,8,8,7,8,1,291,21,14,1.29 
2016,04,25,01:00,291,38,0,563,16,3,12,3,4,0,291,21,10,1.55 
2016,04,25,01:00,291,38,2,563,13,16,8,7,5,9,291,21,21,1.01 
2016,04,24,05:00,291,312,4,598,7,16,5,10,2,6,291,11,18,0.65 
2016,04,24,04:00,312,291,2,598,16,7,13,2,3,5,291,14,17,0.77 
2016,04,22,03:15,291,362,2,598,13,16,5,10,8,6,291,9,20,0.53 
2016,04,22,02:00,291,362,14,598,8,16,3,12,5,4,291,23,19,1.14 
2016,04,21,05:00,291,471,1,598,16,10,8,7,8,3,291,17,16,0.97 
2016,04,21,04:00,471,291,4,598,6,16,4,11,2,5,291,22,9,1.53 
2016,04,14,14:30,9,291,7,608,16,8,8,7,8,1,291,10,19,0.71 
2016,04,14,14:30,291,9,4,608,16,19,12,3,3,12,291,29,30,1.02 
2016,04,13,18:30,215,291,1,608,19,15,7,8,8,7,291,23,23,0.93 
2016,04,12,15:30,292,291,1,608,2,16,2,13,0,3,291,14,9,1.19 
2016,04,01,22:00,303,291,0,615,16,6,9,6,7,0,291,11,18,0.62 
2016,04,01,22:00,303,291,7,615,16,13,3,12,13,1,291,21,18,1.07 
2016,03,31,22:00,152,291,0,615,10,16,6,9,4,7,291,29,16,1.71 
2016,03,31,22:00,291,152,14,615,16,11,11,4,5,7,291,25,17,1.36 
2016,03,31,22:00,291,152,7,615,13,16,5,10,8,6,291,22,19,1.18 
2016,03,31,01:25,291,253,4,615,9,16,8,7,1,9,291,12,17,0.89 
2016,03,29,22:10,291,258,14,615,16,8,7,8,9,0,291,18,13,1.10 
2016,03,23,04:15,424,291,4,590,6,16,5,10,1,6,291,28,8,2.06 
2016,03,23,04:15,291,424,14,590,16,11,9,6,7,5,291,18,15,1.05 
2016,03,21,03:00,303,291,0,598,22,19,8,7,7,8,291,29,28,0.99 
2016,03,21,02:00,291,303,14,598,5,16,5,10,0,6,291,12,18,0.62 
2016,03,20,20:30,303,291,2,624,16,7,9,6,7,1,291,14,17,0.85 
2016,03,20,20:30,303,291,4,624,17,19,7,8,8,7,291,15,28,0.56 
2016,03,20,20:30,303,291,1,624,16,8,9,6,7,2,291,17,19,1.00 
2016,03,20,03:00,70,291,4,598,16,12,12,3,4,9,291,16,20,0.79 
2016,03,20,02:00,291,70,14,598,9,16,6,9,3,7,291,17,20,0.89 
2016,03,19,23:00,424,291,2,624,4,16,3,12,1,4,291,17,7,1.41 
2016,03,19,23:00,291,424,0,624,16,7,11,4,5,3,291,20,13,1.31 
2016,03,19,23:00,291,424,14,624,10,16,7,8,3,8,291,15,18,0.84 
2016,03,18,04:00,471,291,1,590,12,16,6,9,6,7,291,16,23,0.71 
2016,03,18,04:00,291,471,14,590,16,8,12,3,4,5,291,20,13,1.26 
2016,03,17,06:15,291,116,2,598,16,10,9,6,7,4,291,18,14,1.07 
2016,03,17,04:30,116,291,1,598,17,19,10,5,5,10,291,35,20,1.48 
2016,03,16,02:00,291,447,14,590,16,6,10,5,6,1,291,16,11,1.23 
2016,03,16,02:00,447,291,1,590,7,16,5,10,2,6,291,19,12,1.28 
2016,03,03,06:15,291,366,2,590,10,16,9,6,1,10,291,13,23,0.69 
2016,03,03,06:15,366,291,1,590,16,11,8,7,8,4,291,24,17,1.35 
2016,03,03,06:15,366,291,0,590,11,16,9,6,2,10,291,14,21,0.76 
2016,02,28,19:10,642,291,2,639,13,16,7,8,6,8,291,23,17,1.26 
2016,02,28,19:10,291,642,14,639,3,16,3,12,0,4,291,12,14,0.90 
2016,02,28,19:10,642,291,1,639,13,16,9,6,4,10,291,13,15,0.85 
2016,02,27,19:20,291,302,4,639,16,13,12,3,4,10,291,15,19,0.79 
2016,02,27,02:50,291,362,7,639,14,16,9,6,5,10,291,14,19,0.75 
2016,02,25,05:00,291,495,1,590,16,8,9,6,7,2,291,23,14,1.33 
2016,02,25,05:00,495,291,0,590,3,16,3,12,0,4,291,22,7,1.97 
2016,02,25,04:15,291,69,2,598,6,16,3,12,3,4,291,10,16,0.63 
2016,02,25,03:00,69,291,4,598,12,16,7,8,5,8,291,17,19,0.91 
2016,02,22,07:30,291,257,14,647,16,3,12,3,4,0,291,14,8,1.27 
2016,02,22,07:30,257,291,7,647,12,16,9,6,3,10,291,22,15,1.26 
2016,02,22,02:10,291,303,1,647,4,16,4,11,0,5,291,5,19,0.25 
2016,02,22,02:10,303,291,0,647,16,1,14,1,2,0,291,12,15,1.03 
2016,02,21,23:15,291,101,4,647,16,3,12,3,4,0,291,20,7,1.70 
2016,02,21,23:15,291,101,14,647,16,12,6,9,10,3,291,23,16,1.22 
2016,02,21,20:45,291,668,7,647,16,6,11,4,5,2,291,21,12,1.56 
2016,02,21,20:45,291,668,14,647,16,5,11,4,5,1,291,14,10,1.12 
2016,02,18,03:00,291,286,6,598,6,16,5,10,1,6,291,14,18,0.79 
2016,02,18,02:00,286,291,1,598,16,5,10,5,6,0,291,7,17,0.46 
2016,02,15,02:25,424,291,14,653,16,12,9,6,7,6,291,18,23,0.83 
2016,02,15,02:25,424,291,6,653,16,6,13,2,3,4,291,11,17,0.71 
2016,02,14,22:00,291,685,14,653,16,8,14,1,2,7,291,23,14,1.48 
2016,02,14,22:00,291,685,2,653,16,8,12,3,4,5,291,14,18,0.84 
2016,02,14,01:30,291,687,7,653,16,5,11,4,5,1,291,16,8,1.25 
2016,02,12,03:00,291,257,4,598,5,16,4,11,1,5,291,7,16,0.53 
2016,02,12,02:00,291,257,14,598,12,16,9,6,3,10,291,33,16,1.83 
2016,02,07,12:00,253,291,1,657,16,4,11,4,5,0,291,3,18,0.24 
2016,02,07,12:00,291,253,4,657,3,16,3,12,0,4,291,10,16,0.66 
2016,02,06,21:15,22,291,4,657,16,10,9,6,7,4,291,20,21,1.07 
2016,02,06,22:15,22,291,14,657,16,14,8,7,8,7,291,22,22,1.02 
2016,02,06,14:00,292,291,14,657,10,16,4,11,6,5,291,19,16,1.13 
2016,02,06,14:00,291,292,6,657,6,16,5,10,1,6,291,18,18,1.07 
2016,02,06,14:00,292,291,1,657,14,16,7,8,7,8,291,24,19,1.22 
2016,02,04,22:00,291,258,14,657,4,16,4,11,0,5,291,9,20,0.43 
2016,02,04,22:00,291,258,7,657,4,16,4,11,0,5,291,11,19,0.59 
2016,02,04,22:00,291,258,4,657,16,11,9,6,7,5,291,19,15,1.06 
2016,02,04,19:00,291,13,4,657,16,4,12,3,4,1,291,14,15,0.93 
2016,02,04,19:00,13,291,6,657,14,16,8,7,6,9,291,21,21,0.95 
2016,02,04,09:30,291,258,7,657,13,16,9,6,4,10,291,24,18,1.22 
2016,02,04,09:30,291,258,2,657,6,16,5,10,1,6,291,19,16,1.21 
2016,02,04,09:30,291,258,4,657,16,12,8,7,8,5,291,24,17,1.31 
2015,12,17,00:00,747,291,7,657,11,16,7,8,4,8,291,17,16,1.07 
2015,12,17,00:00,291,747,14,657,16,3,12,3,4,0,291,26,11,2.01 
2015,12,17,00:00,291,747,1,657,14,16,4,11,10,5,291,20,23,0.88 
2015,12,16,03:20,291,748,7,657,16,9,10,5,6,4,291,23,9,1.59 
2015,12,16,03:20,291,748,0,657,16,6,14,1,2,5,291,21,10,1.48 
2015,12,16,01:00,291,362,14,692,11,16,9,6,2,10,291,19,21,0.94 
2015,12,16,01:00,362,291,0,692,16,6,10,5,6,1,291,10,19,0.52 
2015,12,12,04:00,70,291,4,705,16,12,8,7,8,5,291,31,19,1.54 
2015,12,12,03:58,291,70,0,705,8,16,7,8,1,8,291,12,17,0.68 
2015,12,11,00:15,291,710,6,705,6,16,5,10,1,6,291,11,18,0.75 
2015,12,11,00:15,291,710,0,705,12,16,10,5,2,11,291,20,21,0.95 
2015,12,06,18:30,291,116,2,715,16,6,12,3,4,3,291,24,10,1.57 
2015,12,06,18:30,291,116,0,715,21,16,8,7,7,8,291,37,24,1.44 
2015,12,06,06:00,291,362,14,715,16,8,11,4,5,4,291,18,13,1.12 
2015,12,06,06:00,291,362,1,715,16,7,11,4,5,3,291,19,15,1.18 
2015,12,06,06:00,291,362,2,715,8,16,7,8,1,8,291,19,17,1.14 
2015,12,06,00:00,796,291,0,715,6,16,4,11,2,5,291,20,12,1.32 
2015,12,05,22:00,291,334,0,715,16,11,9,6,7,5,291,26,19,1.33 
2015,12,05,20:00,291,805,2,715,16,1,14,1,2,0,291,16,9,1.44 
2015,12,02,02:30,291,362,0,696,14,16,8,7,6,9,291,24,17,1.14 
2015,12,02,02:30,291,362,1,696,9,16,4,11,5,5,291,8,19,0.49 
2015,12,01,04:30,291,116,2,725,16,12,7,8,9,4,291,28,18,1.46 
2015,12,01,04:30,291,116,7,725,7,16,3,12,4,4,291,14,18,0.84 
2015,12,01,04:30,116,291,14,725,9,16,3,12,6,4,291,22,14,1.28 
2015,11,21,19:40,292,291,7,734,16,7,10,5,6,2,291,11,21,0.60 
2015,11,21,19:40,292,291,0,734,19,17,8,7,7,8,291,22,25,0.87 
2015,11,20,03:00,291,738,6,740,13,16,5,10,8,6,291,13,18,0.70 
2015,11,20,02:00,291,279,14,740,16,13,7,8,9,5,291,18,21,0.82 
2015,11,17,01:00,291,796,0,744,16,7,8,7,8,0,291,27,10,1.82 
2015,11,16,23:15,291,682,7,744,7,16,6,9,1,7,291,11,18,0.63 
2015,11,16,21:45,291,286,14,744,11,16,3,12,8,4,291,15,17,0.85 
2015,11,15,19:00,291,303,14,748,12,16,6,9,6,7,291,20,22,0.96 
2015,11,15,19:00,291,303,4,748,7,16,3,12,4,4,291,11,18,0.65 
2015,11,14,22:55,291,286,2,748,16,10,9,6,7,4,291,22,18,1.16 
2015,11,14,22:00,291,279,0,748,16,2,14,1,2,1,291,15,8,1.38 
2015,11,14,20:00,291,286,1,748,10,16,7,8,3,8,291,12,18,0.73 
2015,11,13,05:15,702,291,7,725,12,16,6,9,6,7,291,14,16,0.89 
2015,11,13,05:15,291,702,0,725,16,14,5,10,11,4,291,25,17,1.30 
2015,11,13,05:15,702,291,14,725,19,17,5,10,10,5,291,16,25,0.67 
2015,11,12,05:15,291,738,4,696,13,16,10,5,3,11,291,16,19,0.88 
2015,11,12,05:15,738,291,0,696,16,3,12,3,4,0,291,12,17,0.74 
2015,11,12,04:00,738,291,1,740,12,16,9,6,3,10,291,27,17,1.35 
2015,11,11,05:00,291,70,14,740,10,16,7,8,3,8,291,15,19,0.81 
2015,11,11,02:30,291,805,14,740,13,16,10,5,3,11,291,24,20,1.20 
2015,11,10,04:00,291,682,2,725,16,3,13,2,3,1,291,14,9,1.14 
2015,11,10,04:00,682,291,4,725,10,16,7,8,3,8,291,18,16,0.96 
2015,11,06,05:00,116,291,2,740,16,3,14,1,2,2,291,9,18,0.50 
2015,11,06,04:00,291,759,1,740,16,11,8,7,8,4,291,22,15,1.24 
2015,11,06,03:00,291,257,7,740,16,12,9,6,7,6,291,14,21,0.66 
2015,11,05,05:00,70,291,7,740,16,4,12,3,4,1,291,17,16,1.08 
2015,11,05,04:00,291,682,1,740,16,6,10,5,6,1,291,21,10,1.48 
2015,11,04,04:00,291,303,6,740,16,12,7,8,9,4,291,28,16,1.58 
2015,10,30,20:10,215,291,6,766,16,8,13,2,3,6,291,13,17,0.79 
2015,10,30,20:10,291,215,14,766,16,10,7,8,9,2,291,14,16,0.85 
2015,10,30,20:10,215,291,2,766,16,9,9,6,7,3,291,21,17,1.08 
2015,10,29,15:55,22,291,14,766,14,16,6,9,8,7,291,20,18,1.02 
2015,10,28,20:15,215,291,14,766,16,12,11,4,5,8,291,22,15,1.30 
2015,10,25,04:00,291,303,2,740,11,16,8,7,3,9,291,29,20,1.58 
2015,10,25,02:00,257,291,0,740,11,16,9,6,2,10,291,25,14,1.36 
2015,10,23,03:00,291,116,7,725,6,16,3,12,3,4,291,19,18,1.08 
2015,10,23,03:00,291,116,14,725,11,16,9,6,2,10,291,21,21,1.02 
2015,10,23,03:00,116,291,2,725,11,16,6,9,5,7,291,23,12,1.42 
2015,10,20,03:00,291,362,0,740,16,14,14,1,2,13,291,16,24,0.63 
2015,10,16,05:15,303,291,7,783,16,11,12,3,4,8,291,14,21,0.70 
2015,10,16,05:15,291,303,14,783,13,16,5,10,8,6,291,22,16,1.24 
2015,10,16,04:30,279,291,4,740,4,16,4,11,0,5,291,16,6,1.38 
2015,10,16,03:00,805,291,4,740,16,13,6,9,10,4,291,17,22,0.77 
2015,10,15,03:00,362,291,2,783,3,16,3,12,0,4,291,13,11,1.01 
2015,10,15,03:00,291,362,14,783,16,1,14,1,2,0,291,19,8,1.95 
2015,10,14,04:00,291,496,7,740,16,11,6,9,10,2,291,24,20,1.41 
2015,10,09,14:30,224,943,7,786,8,16,6,9,2,7,224,12,18,0.69 
2015,10,09,11:00,935,224,1,786,16,4,12,3,4,1,224,10,16,0.67 
2015,10,06,02:00,279,291,2,783,5,16,4,11,1,5,291,20,12,1.45 
2015,10,06,02:00,291,279,14,783,21,25,5,10,10,5,291,40,31,1.19 
2015,10,01,04:30,291,496,0,783,16,9,9,6,7,3,291,25,17,1.33 
2015,10,01,04:30,496,291,7,783,14,16,9,6,5,10,291,19,19,0.93 
2015,10,01,02:30,291,805,7,783,16,1,14,1,2,0,291,14,6,1.42 
2015,10,01,02:30,805,291,14,783,8,16,3,12,5,4,291,19,10,1.31 
2015,09,30,05:00,291,707,0,725,14,16,8,7,6,9,291,16,21,0.79 
2015,09,30,02:00,291,334,14,725,16,6,12,3,4,3,291,23,10,1.61 
2015,09,29,04:15,291,682,4,783,16,6,12,3,4,3,291,17,13,1.14 
2015,09,29,04:15,682,291,2,783,3,16,3,12,0,4,291,25,7,2.10 
2015,09,23,19:30,13,291,2,766,12,16,8,7,4,9,291,27,14,1.44 
2015,09,23,19:30,13,291,7,766,14,16,5,10,9,6,291,26,17,1.29 
2015,09,23,15:30,439,291,0,766,10,16,8,7,2,9,291,22,11,1.38 
2015,09,23,15:30,439,291,4,766,11,16,6,9,5,7,291,25,18,1.20 
2015,09,23,15:30,291,439,1,766,17,19,4,11,11,4,291,23,23,1.02 
2015,09,20,04:00,910,291,0,810,16,13,8,7,8,6,291,23,17,1.14 
2015,09,20,04:00,910,291,7,810,9,16,5,10,4,6,291,14,13,1.02 
2015,09,20,04:00,910,291,1,810,16,13,11,4,5,9,291,14,20,0.70 
2015,09,20,00:00,291,362,2,810,16,9,13,2,3,7,291,15,16,0.96 
2015,09,20,00:00,291,362,0,810,16,2,13,2,3,0,291,19,8,1.59 
2015,09,18,05:00,291,933,4,740,16,1,14,1,2,0,291,21,7,1.96 
2015,09,18,04:30,291,682,0,740,16,5,13,2,3,3,291,19,10,1.38 
2015,09,17,05:00,291,738,14,725,16,11,7,8,9,3,291,18,15,1.05 
2015,09,17,02:30,70,291,0,783,9,16,8,7,1,9,291,17,13,1.08 
2015,09,17,02:30,291,70,7,783,8,16,8,7,0,9,291,15,18,0.90 
2015,09,16,05:00,291,496,6,740,16,6,11,4,5,2,291,27,10,2.00 
2015,09,16,03:00,116,291,4,740,16,10,8,7,8,3,291,15,15,0.89 
2015,09,14,00:30,738,291,0,819,16,14,11,4,5,10,291,27,20,1.26 
2015,09,14,00:30,291,738,14,819,13,16,3,12,10,4,291,15,16,0.86 
2015,09,14,00:30,738,291,2,819,13,16,5,10,8,6,291,22,19,1.12 
2015,09,13,22:15,291,303,4,819,14,16,4,11,10,5,291,27,16,1.38 
2015,09,13,22:15,303,291,14,819,16,6,13,2,3,4,291,18,19,1.06 
2015,09,13,01:45,291,116,7,819,16,5,10,5,6,0,291,23,12,1.51 
2015,09,13,01:45,291,116,14,819,16,11,6,9,10,2,291,16,19,0.87 
2015,09,11,01:00,291,303,4,823,13,16,7,8,6,8,291,18,18,0.93 
2015,09,11,01:00,303,291,2,823,11,16,10,5,1,11,291,29,16,1.64 
2015,09,11,01:00,291,303,0,823,14,16,9,6,5,10,291,21,20,1.03 
2015,09,11,01:00,291,303,1,823,4,16,4,11,0,5,291,9,17,0.64 
2015,09,11,01:00,291,303,7,823,16,14,9,6,7,8,291,22,18,1.09 
2015,09,10,03:00,70,291,4,823,16,4,11,4,5,0,291,9,18,0.52 
2015,09,10,03:00,70,291,14,823,14,16,9,6,5,10,291,15,17,0.87 
2015,09,10,03:00,291,70,0,823,14,16,9,6,5,10,291,20,20,0.95 
2015,09,09,04:00,291,303,4,823,16,14,13,2,3,12,291,18,16,0.98 
2015,09,09,04:00,303,291,14,823,4,16,4,11,0,5,291,24,7,1.88 
2015,09,09,02:00,291,979,14,783,16,10,9,6,7,4,291,15,14,0.93 
2015,09,09,02:00,291,979,1,783,12,16,11,4,1,12,291,21,16,1.14 
2015,09,07,06:50,291,70,14,827,16,1,14,1,2,0,291,21,9,2.10 
2015,09,07,06:50,70,291,0,827,16,6,12,3,4,3,291,12,19,0.67 
2015,09,07,06:50,291,70,4,827,16,6,10,5,6,1,291,14,9,1.12 
2015,09,06,23:00,291,70,7,827,16,6,10,5,6,1,291,20,8,1.52 
2015,09,06,23:00,70,291,2,827,16,1,14,1,2,0,291,6,17,0.40 
2015,09,06,23:00,291,70,14,827,16,3,12,3,4,0,291,19,10,1.44 
2015,09,06,04:30,702,291,2,827,8,16,4,11,4,5,291,18,13,1.24 
2015,09,06,04:30,291,702,1,827,16,6,12,3,4,3,291,16,13,1.15 
2015,09,05,23:00,682,291,0,827,3,16,3,12,0,4,291,13,9,1.18 
2015,09,05,23:00,291,682,7,827,16,1,14,1,2,0,291,13,8,1.21 
2015,09,05,02:55,291,334,1,827,16,6,10,5,6,1,291,22,12,1.47 
2015,09,05,01:30,291,1012,0,827,16,2,13,2,3,0,291,14,7,1.28 
2015,09,02,02:00,291,933,0,783,16,10,12,3,4,7,291,18,14,1.07 
2015,09,02,02:00,291,933,7,783,14,16,11,4,3,12,291,20,22,0.99 
2015,09,01,17:46,291,738,0,783,16,13,5,10,11,3,291,24,15,1.37 
2015,09,01,04:20,291,116,7,783,9,16,8,7,1,9,291,21,19,1.13 
2015,09,01,04:20,116,291,1,783,7,16,3,12,4,4,291,20,11,1.38 
2015,08,28,04:15,738,291,14,783,16,14,7,8,9,6,291,20,22,0.99 
2015,08,27,03:00,291,303,4,842,16,14,12,3,4,11,291,21,20,1.15 
2015,08,27,03:00,291,303,1,842,16,6,10,5,6,1,291,18,11,1.28 
2015,08,27,03:00,303,291,2,842,16,14,10,5,6,9,291,19,23,0.95 
2015,08,21,16:50,215,291,14,846,16,14,6,9,10,5,291,32,17,1.59 
2015,08,21,16:41,291,985,0,846,16,14,10,5,6,9,291,18,18,0.98 
2015,08,20,14:00,250,291,1,846,16,13,7,8,9,5,291,15,21,0.82 
2015,08,07,10:40,291,270,6,868,7,16,5,10,2,6,291,13,22,0.53 
2015,08,06,13:45,291,258,6,868,13,16,9,6,4,10,291,25,18,1.21 
2015,08,06,10:45,291,270,2,868,12,16,10,5,2,11,291,19,20,0.90 
2015,08,05,14:00,302,291,4,868,16,12,12,3,4,9,291,28,18,1.44 
2015,08,02,21:45,291,303,0,869,16,14,6,9,10,5,291,16,19,0.84 
2015,08,02,21:45,291,303,7,869,16,9,12,3,4,6,291,14,15,1.00 
2015,08,02,01:00,984,291,1,869,14,16,4,11,10,5,291,22,14,1.32 
2015,08,01,23:30,1035,291,4,869,11,16,6,9,5,7,291,20,14,1.21 
2015,07,26,04:20,291,257,7,871,9,16,7,8,2,8,291,11,19,0.61 
2015,07,26,02:00,291,257,1,871,12,16,2,13,10,3,291,18,18,0.93 
2015,07,25,19:30,291,303,1,871,16,12,8,7,8,5,291,24,16,1.38 
2015,07,25,19:30,303,291,0,871,16,3,12,3,4,0,291,12,16,0.81 
2015,07,25,19:30,291,303,2,871,16,5,10,5,6,0,291,20,6,1.77 
2015,07,25,02:00,291,257,7,871,17,19,2,13,13,2,291,18,22,0.78 
2015,07,25,02:00,291,257,14,871,10,16,9,6,1,10,291,16,19,0.81 
2015,07,11,02:00,258,291,7,875,16,10,11,4,5,6,291,18,19,0.91 
2015,07,11,01:00,18,291,1,875,7,16,3,12,4,4,291,21,9,1.50 
2015,07,10,21:45,286,291,7,875,16,13,5,10,11,3,291,22,20,1.15 
2015,07,04,17:50,257,291,1,877,16,8,9,6,7,2,291,15,18,0.82 
2015,07,04,16:00,291,257,7,877,5,16,4,11,1,5,291,5,18,0.34 
2015,07,02,21:38,404,291,7,877,9,16,8,7,1,9,291,13,15,0.88 
2015,07,02,15:25,210,291,0,877,12,16,9,6,3,10,291,22,16,1.13 
2015,06,30,04:00,291,303,0,878,16,10,8,7,8,3,291,25,12,1.67 
2015,06,30,03:00,303,291,7,878,16,11,7,8,9,3,291,13,20,0.68 
2015,06,25,02:00,291,1023,0,842,16,2,13,2,3,0,291,15,7,1.26 
2015,06,24,05:00,70,291,0,878,16,10,11,4,5,6,291,17,19,0.90 
2015,06,23,03:30,291,1056,0,888,16,11,12,3,4,8,291,13,15,0.79 
2015,06,22,04:00,291,404,14,888,12,16,9,6,3,10,291,18,20,0.89 
2015,06,20,02:00,291,257,6,878,9,16,5,10,4,6,291,14,22,0.64 
2015,06,19,05:00,291,496,4,888,19,15,8,7,7,8,291,20,16,1.13 
2015,06,19,04:00,1057,291,2,888,10,16,8,7,2,9,291,25,15,1.46 
2015,06,18,03:30,291,1057,6,878,11,16,6,9,5,7,291,21,17,1.07 
2015,06,18,02:00,424,291,14,888,16,11,8,7,8,4,291,15,21,0.77 
2015,06,17,03:15,291,70,0,878,16,11,10,5,6,6,291,24,15,1.41 
2015,06,12,03:00,291,334,0,888,16,2,13,2,3,0,291,15,6,1.40 
2015,06,12,02:00,70,291,6,888,16,13,12,3,4,10,291,13,18,0.72 
2015,06,11,05:15,291,1023,7,888,16,4,12,3,4,1,291,24,9,1.86 
2015,06,10,03:05,291,424,6,883,14,16,12,3,2,13,291,25,17,1.34 
2015,06,09,03:00,291,1035,1,888,25,21,4,11,11,4,291,29,27,0.99 
2015,06,08,04:15,424,291,7,883,16,7,13,2,3,5,291,4,18,0.32 
2015,06,04,05:00,291,424,4,888,16,13,9,6,7,7,291,24,16,1.32 
2015,06,04,04:00,291,1035,2,878,16,14,10,5,6,9,291,33,17,1.70 
2015,06,04,01:25,291,496,4,883,15,19,10,5,5,10,291,29,26,1.14 
2015,06,04,01:25,496,291,2,883,6,16,5,10,1,6,291,25,11,1.69 
2015,06,03,05:30,291,257,2,878,12,16,4,11,8,5,291,27,18,1.34 
2015,06,03,02:00,291,257,1,888,10,16,4,11,6,5,291,16,19,0.78 
2015,06,01,02:00,291,257,7,888,13,16,3,12,10,4,291,12,19,0.71 
2015,05,31,05:00,303,291,2,888,16,12,9,6,7,6,291,20,18,1.05 
2015,05,31,04:00,303,291,6,888,10,16,6,9,4,7,291,23,13,1.37 
2015,05,22,05:00,291,404,14,888,12,16,6,9,6,7,291,24,17,1.31 
2015,05,20,04:00,496,291,6,888,8,16,7,8,1,8,291,18,14,1.16 
2015,05,19,05:00,291,1035,0,888,16,5,13,2,3,3,291,17,12,1.22 
2015,05,18,02:00,291,1056,7,883,14,16,7,8,7,8,291,20,22,0.93 
2015,05,18,02:00,291,1056,1,883,14,16,2,13,12,3,291,24,19,1.16 
2015,05,07,05:00,291,70,1,888,16,7,11,4,5,3,291,15,11,1.12 
2015,05,06,04:00,291,1088,6,888,16,9,11,4,5,5,291,12,15,0.80 
2015,05,05,03:00,291,334,4,888,16,1,14,1,2,0,291,18,6,1.86 
2015,05,05,01:00,334,291,6,883,10,16,8,7,2,9,291,9,19,0.60 
2015,05,05,01:00,291,334,1,883,16,10,12,3,4,7,291,18,16,0.98 
2015,03,25,04:15,759,257,1,935,5,16,2,13,3,3,759,17,16,1.09 
2015,03,20,02:00,1035,759,5,935,16,13,11,4,5,9,759,28,20,1.40 
2015,02,27,05:04,303,759,0,935,16,4,13,2,3,2,759,16,17,1.02 
2015,02,25,05:20,257,759,1,935,16,2,13,2,3,0,759,11,17,0.68 
2015,02,20,05:35,984,759,4,935,13,16,5,10,8,6,759,16,19,0.82 
2015,02,19,05:40,291,759,1,935,14,16,2,13,12,3,759,23,19,1.11 
2014,10,21,04:00,789,1171,5,1003,10,16,5,10,5,6,1171,14,15,0.88 
2014,10,02,04:00,1171,1027,5,1012,16,10,10,5,6,5,1171,15,14,0.93 
2014,09,25,03:00,1152,1171,5,1012,16,14,11,4,5,10,1171,22,22,1.08 
2014,09,11,05:20,257,1171,1,1012,16,6,10,5,6,1,1171,11,17,0.71 
2014,09,04,03:00,1198,1171,7,1012,10,16,6,9,4,7,1171,17,14,1.09 
2014,06,29,05:00,1171,215,1,1056,12,16,2,13,10,3,1171,29,18,1.59 
2014,06,29,05:00,215,1171,8,1056,16,7,10,5,6,2,1171,8,19,0.46 
2014,06,29,03:00,1171,944,7,1056,16,8,13,2,3,6,1171,25,12,1.71 
2014,06,29,03:00,944,1171,6,1056,9,16,7,8,2,8,1171,21,15,1.23 
2014,06,29,01:30,8,1171,7,1056,16,3,12,3,4,0,1171,9,17,0.50 
2014,06,29,01:30,8,1171,0,1056,16,0,15,0,1,0,1171,5,16,0.26 
2014,06,27,23:30,1105,1104,1,1058,16,12,9,6,7,6,1105,21,17,1.05 
