2016,08,14,21:30,43,44,1,476,19,17,8,7,7,8,43,17,28,0.64 
2016,08,14,21:30,44,43,7,476,13,16,6,9,7,7,43,20,20,1.09 
2016,08,12,03:40,43,92,4,476,19,16,5,10,10,5,43,29,24,1.13 
2016,08,12,03:40,92,43,0,476,8,16,7,8,1,8,43,21,14,1.26 
2016,08,12,01:40,43,6,7,465,8,16,7,8,1,8,43,4,21,0.27 
2016,08,12,01:40,43,6,2,465,7,16,6,9,1,7,43,13,19,0.69 
2016,08,09,03:30,141,43,4,465,2,16,1,14,1,2,43,16,6,1.54 
2016,08,09,03:30,141,43,1,465,10,16,4,11,6,5,43,19,14,1.21 
2016,08,09,03:30,43,141,0,465,9,16,4,11,5,5,43,15,22,0.74 
2016,07,24,23:30,243,244,14,510,16,7,11,4,5,3,243,13,10,1.06 
2016,07,24,23:30,244,243,7,510,8,16,3,12,5,4,243,33,12,2.04 
2016,07,24,23:30,244,243,1,510,19,16,5,10,10,5,243,21,27,0.82 
2016,07,24,23:30,244,243,5,510,14,16,9,6,5,10,243,24,21,1.20 
2016,07,23,02:15,243,251,7,510,16,7,13,2,3,5,243,16,12,1.07 
2016,07,23,02:15,243,251,0,510,9,16,3,12,6,4,243,10,18,0.61 
2016,07,23,02:15,243,251,5,510,16,10,10,5,6,5,243,22,17,1.23 
2016,07,13,04:10,43,7,2,522,11,16,8,7,3,9,43,19,21,0.98 
2016,07,13,04:10,7,43,14,522,16,12,10,5,6,7,43,18,19,1.03 
2016,06,09,03:00,95,43,14,548,16,13,5,10,11,3,43,26,20,1.26 
2016,06,09,03:00,95,43,1,548,8,16,6,9,2,7,43,21,16,1.20 
2016,06,08,23:00,142,43,1,548,3,16,3,12,0,4,43,24,10,1.90 
2016,06,08,23:00,43,142,14,548,16,9,9,6,7,3,43,24,10,1.52 
2016,06,04,19:00,94,43,0,554,16,10,8,7,8,3,43,13,21,0.62 
2016,06,04,19:00,94,43,14,554,16,7,9,6,7,1,43,9,20,0.46 
2016,06,04,19:00,43,94,2,554,16,13,10,5,6,8,43,22,20,1.07 
2016,06,02,02:00,78,43,14,548,8,16,6,9,2,7,43,21,19,1.17 
2016,06,02,02:00,43,78,1,548,14,16,5,10,9,6,43,15,23,0.67 
2016,05,27,02:00,194,43,0,548,16,7,12,3,4,4,43,14,19,0.70 
2016,05,27,02:00,43,194,4,548,9,16,6,9,3,7,43,16,20,0.81 
2016,05,26,01:00,113,43,2,548,16,14,9,6,7,8,43,25,22,1.18 
2016,05,26,01:00,43,113,0,548,14,16,8,7,6,9,43,16,24,0.69 
2016,05,24,00:30,6,43,7,548,16,9,10,5,6,4,43,11,19,0.66 
2016,05,24,00:30,43,6,2,548,3,16,2,13,1,3,43,13,16,0.82 
2016,05,20,00:15,43,94,7,548,7,16,3,12,4,4,43,14,21,0.68 
2016,05,20,00:15,43,94,0,548,12,16,5,10,7,6,43,13,24,0.55 
2016,05,10,04:10,386,43,2,580,7,16,4,11,3,5,43,23,14,1.43 
2016,05,10,04:10,386,43,7,580,12,16,4,11,8,5,43,24,20,1.20 
2016,05,08,04:40,113,43,7,580,16,9,8,7,8,2,43,6,22,0.32 
2016,05,08,04:40,43,113,0,580,9,16,4,11,5,5,43,10,23,0.45 
2016,05,06,04:15,43,142,2,580,16,7,11,4,5,3,43,24,12,1.56 
2016,05,06,04:15,43,142,7,580,16,6,10,5,6,1,43,23,13,1.42 
2016,04,26,02:00,404,43,2,600,16,6,13,2,3,4,43,13,18,0.80 
2016,04,26,02:00,404,43,0,600,16,8,11,4,5,4,43,22,19,1.25 
2016,04,25,01:00,43,113,7,600,16,14,9,6,7,8,43,22,20,1.12 
2016,04,25,01:00,43,113,0,600,16,13,8,7,8,6,43,21,16,1.15 
2016,04,25,01:00,43,113,14,600,6,16,4,11,2,5,43,12,19,0.70 
2016,04,24,00:15,43,194,7,600,16,12,12,3,4,9,43,17,18,0.88 
2016,04,23,22:00,404,43,0,600,16,6,10,5,6,1,43,10,20,0.53 
2015,12,13,19:45,764,716,1,704,7,16,3,12,4,4,764,20,20,1.14 
2015,12,13,19:45,716,764,0,704,22,19,12,3,3,12,764,39,30,1.34 
2015,12,13,19:45,764,716,7,704,16,12,8,7,8,5,764,11,20,0.62 
2015,12,13,17:30,766,764,4,704,9,16,9,6,0,10,764,18,13,1.09 
2015,12,13,17:30,764,766,7,704,16,3,12,3,4,0,764,19,6,1.61 
