2015,09,03,22:00,458,29,6,834,16,7,11,4,5,3,458,18,9,1.40 
2015,09,03,22:00,29,458,4,834,8,16,4,11,4,5,458,17,12,1.14 
2015,09,03,22:00,458,29,1,834,17,19,5,10,10,5,458,35,21,1.47 
2015,09,03,18:00,860,458,7,834,12,16,5,10,7,6,458,24,20,1.20 
2015,09,03,18:00,458,860,0,834,16,6,10,5,6,1,458,14,10,1.21 
2015,09,02,18:00,29,458,0,834,9,16,4,11,5,5,458,20,14,1.12 
2015,09,02,18:00,29,458,6,834,14,16,10,5,4,11,458,21,18,1.01 
2015,09,01,23:45,380,458,7,836,9,16,6,9,3,7,458,21,13,1.44 
2015,09,01,23:45,380,458,0,836,16,2,13,2,3,0,458,9,17,0.56 
2015,09,01,19:00,380,458,2,836,13,16,11,4,2,12,458,31,17,1.55 
2015,09,01,19:00,380,458,0,836,16,14,9,6,7,8,458,19,23,0.87 
2015,09,01,19:00,458,380,7,836,16,11,13,2,3,9,458,21,16,1.28 
2015,08,31,17:30,841,458,7,836,8,16,4,11,4,5,458,22,15,1.39 
2015,08,31,17:30,841,458,0,836,13,16,6,9,7,7,458,28,15,1.44 
2015,08,31,17:30,458,841,6,836,18,21,9,6,6,9,458,38,25,1.45 
2015,08,27,20:00,472,458,6,741,16,10,12,3,4,7,458,22,16,1.27 
2015,08,27,20:00,472,458,4,741,16,8,9,6,7,2,458,16,21,0.80 
2015,08,25,22:15,1025,458,7,845,7,16,3,12,4,4,458,17,16,0.99 
2015,08,25,22:15,1025,458,0,845,16,4,11,4,5,0,458,12,17,0.68 
2015,08,25,18:30,458,1025,1,845,16,4,11,4,5,0,458,18,10,1.42 
2015,08,25,18:30,458,1025,7,845,16,6,11,4,5,2,458,18,15,1.15 
2015,06,04,18:00,52,458,6,902,11,16,8,7,3,9,458,17,13,1.10 
2015,05,28,20:30,383,458,1,913,15,21,11,4,4,11,458,34,24,1.33 
2015,05,28,20:30,458,383,7,913,21,17,12,3,3,12,458,29,22,1.19 
2015,05,26,20:45,840,647,2,907,16,9,14,1,2,8,840,14,16,0.92 
2015,05,26,20:45,647,840,6,907,10,16,6,9,4,7,840,15,21,0.75 
2015,05,26,20:45,840,647,1,907,5,16,5,10,0,6,840,13,16,0.77 
2015,05,26,18:00,544,840,0,907,8,16,8,7,0,9,840,8,4,1.22 
2015,05,24,21:00,458,258,6,909,13,16,7,8,6,8,458,23,23,1.25 
2015,05,20,21:00,1062,458,14,909,16,3,12,3,4,0,458,17,18,1.00 
2015,05,20,21:00,1062,458,4,909,16,14,10,5,6,9,458,27,21,1.31 
2015,05,20,21:00,1062,458,1,909,11,16,7,8,4,8,458,22,18,1.19 
2015,05,14,18:00,1079,458,7,909,7,16,6,9,1,7,458,24,15,1.51 
2015,05,14,18:00,458,1079,1,909,16,9,10,5,6,4,458,21,13,1.37 
2015,05,13,18:00,210,458,0,909,16,5,11,4,5,1,458,4,18,0.36 
2015,05,13,18:00,210,458,1,909,16,10,11,4,5,6,458,26,19,1.52 
2015,04,22,19:00,743,458,0,936,5,16,5,10,0,6,458,21,9,1.50 
2015,04,22,19:00,743,458,1,936,16,1,14,1,2,0,458,12,16,0.81 
2015,04,22,19:00,458,743,7,936,16,6,11,4,5,2,458,17,13,1.30 
