2016,07,16,17:20,280,281,7,521,14,16,8,7,6,9,281,21,19,1.10 
2016,07,16,17:20,280,281,14,521,16,7,11,4,5,3,281,12,21,0.58 
2016,07,16,17:20,281,280,0,521,16,13,13,2,3,11,281,23,18,1.11 
2016,07,16,14:45,278,281,1,521,16,6,11,4,5,2,281,12,17,0.75 
2016,07,16,14:45,278,281,7,521,16,6,13,2,3,4,281,13,19,0.79 
2016,07,15,17:55,281,288,14,521,16,11,7,8,9,3,281,16,20,0.81 
2016,07,15,17:55,281,288,7,521,16,8,8,7,8,1,281,29,12,1.88 
2016,04,10,17:30,287,281,6,612,16,10,11,4,5,6,281,12,19,0.76 
2016,04,10,17:30,287,281,0,612,16,14,5,10,11,4,281,22,18,1.04 
2016,04,10,17:30,287,281,7,612,8,16,2,13,6,3,281,13,12,0.91 
2016,04,10,12:00,281,278,6,612,16,9,9,6,7,3,281,20,16,1.15 
2016,04,10,12:00,281,278,7,612,16,10,7,8,9,2,281,23,15,1.37 
2016,04,09,18:00,287,281,14,612,16,11,7,8,9,3,281,22,18,1.21 
2016,04,09,18:00,287,281,7,612,16,8,9,6,7,2,281,8,17,0.61 
2016,04,09,18:00,281,287,0,612,16,4,12,3,4,1,281,14,7,1.32 
2016,04,08,21:30,281,278,6,612,16,5,12,3,4,2,281,11,10,0.89 
2016,04,08,21:30,281,278,7,612,16,12,10,5,6,7,281,20,22,0.98 
2016,04,08,21:30,281,278,14,612,15,19,11,4,4,11,281,32,20,1.43 
2016,03,02,21:00,278,287,2,630,4,16,4,11,0,5,287,15,8,1.23 
2016,03,02,21:00,287,278,6,630,16,14,8,7,8,7,287,19,20,0.90 
2016,02,28,19:15,517,287,1,630,8,16,5,10,3,6,287,27,17,1.61 
2016,02,28,19:15,287,517,7,630,7,16,4,11,3,5,287,15,19,0.86 
2016,02,25,21:00,287,458,6,630,16,7,14,1,2,6,287,8,16,0.64 
2016,02,25,21:00,458,287,14,630,12,16,5,10,7,6,287,26,18,1.32 
2016,02,16,19:00,683,281,2,630,8,16,7,8,1,8,683,10,20,0.53 
2016,02,16,19:00,683,281,6,630,16,7,8,7,8,0,683,26,10,1.83 
2016,01,29,22:00,683,496,14,656,6,16,1,14,5,2,683,12,18,0.79 
2016,01,29,22:00,683,496,7,656,9,16,7,8,2,8,683,5,20,0.35 
2016,01,28,17:00,683,137,7,656,16,10,10,5,6,5,683,28,16,1.53 
2015,12,02,18:00,776,52,7,720,16,10,9,6,7,4,52,16,22,0.75 
2015,12,02,18:00,52,776,4,720,1,16,1,14,0,2,52,9,17,0.51 
2015,11,29,19:00,52,439,7,652,19,17,10,5,5,10,52,20,23,0.94 
2015,11,29,19:00,52,439,2,652,16,8,11,4,5,4,52,8,18,0.53 
2015,11,29,16:00,52,825,4,652,16,7,11,4,5,3,52,17,16,0.99 
2015,11,29,16:00,52,825,6,652,16,14,5,10,11,4,52,28,18,1.43 
2015,11,29,16:00,825,52,7,652,16,8,12,3,4,5,52,14,19,0.80 
2015,11,21,15:55,287,52,1,736,16,10,7,8,9,2,52,10,22,0.49 
2015,11,21,15:55,287,52,4,736,16,3,12,3,4,0,52,7,18,0.38 
2015,11,20,14:10,52,404,2,736,12,16,4,11,8,5,52,25,21,1.07 
2015,11,20,12:40,52,850,7,736,16,3,12,3,4,0,52,22,8,1.81 
2015,11,20,11:25,52,851,7,736,16,3,13,2,3,1,52,25,9,2.02 
2015,11,17,19:01,841,52,7,746,16,10,10,5,6,5,52,17,21,0.93 
2015,11,17,19:01,841,52,4,746,19,16,9,6,6,9,52,25,26,0.99 
2015,11,16,21:30,52,458,7,746,16,6,10,5,6,1,52,20,13,1.36 
2015,11,16,18:45,52,841,7,746,16,12,6,9,10,3,52,23,21,1.01 
2015,11,16,16:00,52,53,2,746,22,25,6,9,9,6,52,31,33,0.92 
2015,11,09,21:15,52,584,2,755,19,17,4,11,11,4,52,24,30,0.82 
2015,11,09,20:59,584,52,4,755,16,12,11,4,5,8,52,14,20,0.71 
2015,11,09,20:59,584,52,6,755,16,3,13,2,3,1,52,12,16,0.93 
2015,11,05,22:10,517,52,0,764,8,16,6,9,2,7,52,22,16,1.33 
2015,11,05,22:10,517,52,2,764,10,16,9,6,1,10,52,18,19,1.00 
2015,11,05,19:30,400,52,7,764,8,16,8,7,0,9,52,22,15,1.34 
2015,11,05,17:30,52,517,7,764,5,16,4,11,1,5,52,10,19,0.53 
2015,11,05,17:30,52,517,0,764,8,16,3,12,5,4,52,13,22,0.67 
2015,11,04,20:00,400,52,4,764,7,16,3,12,4,4,52,23,12,1.53 
2015,11,04,20:00,400,52,2,764,12,16,7,8,5,8,52,21,21,1.00 
2015,10,27,23:15,52,825,7,769,16,13,4,11,12,2,52,19,18,0.96 
2015,10,27,18:45,897,52,2,769,7,16,6,9,1,7,52,22,13,1.43 
2015,10,27,18:45,52,897,7,769,16,11,6,9,10,2,52,23,18,1.13 
2015,10,27,18:45,52,897,0,769,13,16,8,7,5,9,52,15,21,0.76 
2015,10,26,18:00,52,490,4,769,16,14,6,9,10,5,52,19,17,1.04 
2015,10,26,18:00,490,52,7,769,9,16,5,10,4,6,52,24,14,1.49 
2015,10,26,18:00,490,52,0,769,16,11,9,6,7,5,52,17,19,0.90 
2015,10,04,14:45,944,52,2,794,5,16,4,11,1,5,52,17,13,1.18 
2015,10,04,14:45,52,944,0,794,16,2,14,1,2,1,52,17,8,1.40 
2015,10,04,10:30,676,52,7,794,10,16,5,10,5,6,52,22,14,1.31 
2015,10,04,10:30,52,676,0,794,11,16,10,5,1,11,52,27,19,1.46 
2015,10,04,10:30,676,52,4,794,15,21,3,12,12,3,52,29,21,1.32 
2015,09,13,18:00,841,52,7,818,16,13,11,4,5,9,52,16,26,0.71 
2015,09,13,18:00,52,841,0,818,13,16,8,7,5,9,52,22,21,1.08 
2015,09,12,19:55,52,987,0,766,7,16,5,) (,:,),52,6,20,0.32 
2015,09,05,19:15,52,264,7,766,13,16,10,5,3,11,52,18,22,0.80 
2015,09,01,22:00,52,380,7,836,24,26,4,11,11,4,52,42,39,1.10 
2015,09,01,18:00,52,841,6,836,16,5,11,4,5,1,52,32,12,2.29 
2015,08,31,20:45,52,380,0,836,7,16,6,9,1,7,52,13,21,0.62 
2015,08,31,20:45,380,52,7,836,16,4,11,4,5,0,52,9,17,0.53 
2015,08,11,20:00,52,472,7,841,14,16,6,9,8,7,52,29,23,1.29 
2015,08,11,20:00,472,52,0,841,13,16,4,11,9,5,52,27,17,1.36 
2015,08,11,20:00,52,472,4,841,11,16,5,10,6,6,52,21,21,1.02 
2015,06,04,18:00,52,458,6,902,11,16,8,7,3,9,52,14,22,0.61 
2015,06,03,21:00,52,22,0,841,13,16,8,7,5,9,52,18,19,0.90 
2015,05,26,21:30,52,1052,0,841,16,12,10,5,6,7,52,24,18,1.15 
2015,05,23,19:00,841,52,0,916,7,16,5,10,2,6,52,16,16,0.96 
2015,05,23,19:00,841,52,6,916,7,16,6,9,1,7,52,19,13,1.15 
2015,05,23,19:00,52,841,14,916,16,10,11,4,5,6,52,17,17,1.01 
2015,05,23,18:00,52,508,2,916,16,4,12,3,4,1,52,17,14,1.13 
2015,05,23,15:00,52,383,0,916,16,11,11,4,5,7,52,21,15,1.18 
2015,05,22,18:00,841,52,7,916,16,13,4,11,12,2,52,12,22,0.56 
2015,05,22,18:00,52,841,2,916,16,11,10,5,6,6,52,20,18,1.02 
2015,05,22,18:00,841,52,0,916,16,7,9,6,7,1,52,9,17,0.58 
2015,05,21,22:00,52,508,1,841,13,16,10,5,3,11,52,19,20,0.96 
2015,05,21,21:00,22,52,6,841,14,16,10,5,4,11,52,23,20,1.11 
2015,05,19,21:00,287,52,14,901,16,7,11,4,5,3,52,6,17,0.46 
2015,04,25,18:15,287,800,7,654,16,10,7,8,9,2,800,14,19,0.85 
2015,04,04,10:00,800,314,7,948,14,16,10,5,4,11,800,15,24,0.68 
2015,04,03,22:30,8,800,6,948,16,4,12,3,4,1,800,15,18,0.82 
2015,04,03,22:30,8,800,0,948,16,8,13,2,3,6,800,11,21,0.56 
2015,04,03,19:00,1112,800,6,948,1,16,1,14,0,2,800,19,7,1.72 
2015,04,03,19:00,800,1112,0,948,16,5,13,2,3,3,800,13,8,1.11 
2015,04,03,15:30,800,552,1,948,16,11,7,8,9,3,800,23,13,1.33 
2015,04,03,15:30,552,800,7,948,7,16,6,9,1,7,800,13,15,0.81 
2015,04,03,12:00,800,1112,5,948,13,16,9,6,4,10,800,17,20,0.82 
2015,04,03,12:00,1112,800,0,948,22,20,4,11,11,4,800,21,31,0.75 
2015,04,03,12:00,1112,800,7,948,6,16,5,10,1,6,800,13,15,0.83 
2014,07,18,22:30,281,509,1,1052,6,16,4,11,2,5,281,9,18,0.70 
2014,07,18,20:25,281,300,6,1052,19,16,12,3,3,12,281,21,24,0.91 
2014,07,18,18:30,509,281,6,1052,16,13,8,7,8,6,281,18,20,0.91 
2013,10,24,20:00,74,959,11,1098,16,3,13,2,3,1,959,5,17,0.31 
2013,10,17,21:30,940,959,10,1098,16,3,12,3,4,0,959,9,17,0.60 
2013,10,17,20:00,959,71,11,1098,16,14,11,4,5,10,959,16,20,0.83 
2013,10,05,18:00,959,936,13,1098,7,16,6,9,1,7,959,7,22,0.31 
2013,09,23,22:00,0,959,9,1124,3,16,3,12,0,4,959,10,11,0.84 
2013,09,23,22:00,959,0,11,1124,16,11,10,5,6,6,959,13,21,0.78 
