2016,08,09,19:15,132,133,14,490,16,8,10,5,6,3,132,21,13,1.30 
2016,08,09,19:15,132,133,2,490,19,16,8,7,7,8,132,22,17,0.99 
2016,08,06,14:15,132,52,14,492,12,16,9,6,3,10,132,13,20,0.70 
2016,08,06,14:15,132,52,1,492,22,20,9,6,6,9,132,15,30,0.59 
2016,08,06,14:15,52,132,5,492,16,14,3,12,13,2,132,13,22,0.60 
2016,08,05,20:30,132,29,0,492,22,19,5,10,10,5,132,24,27,0.85 
2016,08,05,19:00,31,132,0,492,10,16,8,7,2,9,132,17,16,0.97 
2016,08,04,21:00,132,41,2,494,25,23,9,6,6,9,132,24,34,0.73 
2016,08,04,21:00,41,132,7,494,9,16,6,9,3,7,132,23,15,1.28 
2016,08,04,21:00,41,132,1,494,16,11,5,10,11,1,132,20,19,1.01 
2016,07,31,21:00,100,132,7,471,16,14,4,11,12,3,132,17,25,0.82 
2016,07,31,21:00,100,132,0,471,16,7,9,6,7,1,132,7,20,0.46 
2016,07,31,21:00,100,132,1,471,13,16,12,3,1,13,132,19,20,0.92 
2016,07,30,20:00,49,132,14,471,16,5,10,5,6,0,132,9,19,0.46 
2016,07,30,20:00,132,49,1,471,13,16,8,7,5,9,132,15,17,0.89 
2016,07,28,22:00,132,52,7,471,16,12,7,8,9,4,132,11,20,0.58 
2016,07,28,22:00,52,132,0,471,16,14,6,9,10,5,132,9,22,0.49 
2016,07,28,22:00,132,52,1,471,16,14,9,6,7,8,132,14,20,0.68 
2016,07,28,17:10,132,42,14,499,11,16,3,12,8,4,132,11,19,0.67 
2016,07,28,17:10,42,132,0,499,16,14,8,7,8,7,132,19,19,0.94 
2016,07,19,22:25,29,132,1,499,7,16,5,10,2,6,132,16,17,0.89 
2016,07,19,22:25,132,29,2,499,16,7,11,4,5,3,132,14,12,1.00 
2016,07,19,22:25,132,29,14,499,14,16,11,4,3,12,132,22,21,1.03 
2016,07,17,14:00,132,52,2,503,16,10,8,7,8,3,132,15,16,0.86 
2016,07,17,14:00,132,52,1,503,19,16,6,9,9,6,132,13,24,0.65 
2016,07,17,14:00,52,132,0,503,16,6,11,4,5,2,132,12,18,0.66 
2016,07,16,15:30,132,184,1,503,16,5,10,5,6,0,132,17,11,1.26 
2016,06,29,21:30,46,132,0,536,16,10,12,3,4,7,132,9,18,0.58 
2016,06,29,18:00,177,132,7,536,16,14,3,12,13,2,132,13,20,0.71 
2016,06,29,18:00,177,132,0,536,16,10,9,6,7,4,132,10,20,0.53 
2016,06,28,14:30,23,132,14,536,6,16,5,10,1,6,132,14,12,1.06 
2016,06,28,14:30,23,132,0,536,16,12,9,6,7,6,132,18,21,0.80 
2016,06,28,14:30,132,23,7,536,16,11,6,9,10,2,132,15,17,0.87 
2016,06,19,12:00,132,354,14,546,7,16,5,10,2,6,132,17,20,0.98 
2016,06,19,12:00,132,354,0,546,14,16,6,9,8,7,132,20,23,0.90 
2016,06,18,15:00,132,253,0,546,6,16,6,9,0,7,132,9,18,0.57 
2016,06,05,22:15,132,30,1,546,16,6,9,6,7,0,132,12,11,0.92 
2016,06,05,22:15,132,30,0,546,16,5,12,3,4,2,132,13,8,1.11 
2016,06,05,22:15,30,132,2,546,16,10,9,6,7,4,132,19,21,0.99 
2016,06,05,18:15,132,29,1,546,16,9,10,5,6,4,132,12,14,0.90 
2016,06,05,18:15,29,132,0,546,19,17,8,7,7,8,132,21,25,0.83 
2016,06,05,18:15,132,29,14,546,16,13,10,5,6,8,132,15,19,0.77 
2016,06,05,15:30,196,132,0,546,15,19,6,9,9,6,132,29,20,1.37 
2016,06,05,15:30,132,196,7,546,16,6,12,3,4,3,132,11,15,0.73 
2016,06,05,12:00,132,384,1,546,16,14,6,9,10,5,132,24,16,1.24 
2016,06,05,12:00,384,132,2,546,14,16,8,7,6,9,132,13,20,0.69 
2016,06,02,17:10,380,132,2,536,7,16,7,8,0,8,132,13,12,0.96 
2016,06,02,17:10,380,132,0,536,12,16,8,7,4,9,132,3,16,0.44 
2016,06,02,17:10,380,132,7,536,16,5,11,4,5,1,132,13,17,0.81 
2016,05,30,18:00,302,132,14,536,12,16,7,8,5,8,132,17,17,1.01 
2016,05,30,18:00,132,302,0,536,16,4,11,4,5,0,132,8,9,0.81 
2016,05,30,18:00,132,302,2,536,13,16,10,5,3,11,132,15,22,0.65 
2016,05,29,16:15,132,101,0,546,12,16,6,9,6,7,132,16,20,0.79 
2016,05,29,16:15,101,132,5,546,16,9,12,3,4,6,132,12,19,0.67 
2016,05,29,12:15,397,132,7,546,14,16,9,6,5,10,132,15,20,0.73 
2016,05,29,12:15,132,397,0,546,16,6,11,4,5,2,132,12,10,0.98 
2016,05,15,18:00,59,132,1,573,16,11,10,5,6,6,132,13,20,0.72 
2016,05,15,18:00,59,132,0,573,16,3,13,2,3,1,132,10,17,0.56 
2016,05,15,15:00,22,132,14,573,16,8,8,7,8,1,132,10,20,0.51 
2016,05,15,15:00,132,22,2,573,11,16,9,6,2,10,132,10,20,0.54 
2016,05,14,19:45,132,9,0,573,16,13,11,4,5,9,132,12,22,0.56 
2016,05,14,19:45,9,132,7,573,16,6,10,5,6,1,132,10,18,0.58 
2016,05,14,19:45,132,9,2,573,16,6,10,5,6,1,132,12,11,0.94 
2016,05,14,18:30,132,59,1,573,9,16,3,12,6,4,132,11,15,0.76 
2016,05,14,16:00,132,9,0,573,19,17,8,7,7,8,132,20,23,0.90 
2016,05,07,15:00,196,132,14,587,16,13,4,11,12,2,132,18,19,0.94 
2016,05,07,15:00,196,132,7,587,16,6,10,5,6,1,132,15,19,0.81 
2016,05,03,20:30,49,132,1,536,11,16,8,7,3,9,132,11,16,0.69 
2016,05,03,20:30,49,132,7,536,16,9,7,8,9,1,132,9,20,0.53 
2016,05,03,20:30,49,132,14,536,11,16,7,8,4,8,132,22,20,1.17 
2016,05,01,17:45,132,101,2,573,16,13,7,8,9,5,132,14,18,0.83 
2016,05,01,17:45,132,101,6,573,9,16,6,9,3,7,132,13,20,0.74 
2016,05,01,17:45,132,101,1,573,16,13,8,7,8,6,132,19,20,0.94 
2016,05,01,15:00,132,118,1,573,16,3,13,2,3,1,132,15,6,1.37 
2016,05,01,15:00,132,118,7,573,16,4,11,4,5,0,132,10,10,0.88 
2016,04,27,17:00,132,101,14,536,13,16,4,11,9,5,132,12,22,0.56 
2016,04,27,17:00,101,132,0,536,20,22,10,5,5,10,132,19,32,0.66 
2016,04,27,17:00,101,132,1,536,10,16,6,9,4,7,132,17,16,0.97 
2016,04,24,17:50,22,132,7,573,16,9,8,7,8,2,132,18,19,0.94 
2016,04,24,17:50,132,22,0,573,11,16,10,5,1,11,132,12,19,0.76 
2016,04,24,15:00,132,184,14,573,16,7,11,4,5,3,132,14,11,1.09 
2016,04,24,15:00,132,184,4,573,6,16,5,10,1,6,132,11,19,0.58 
2016,04,24,15:00,184,132,7,573,9,16,8,7,1,9,132,11,17,0.72 
2016,04,23,22:00,132,384,1,573,21,18,6,9,9,6,132,23,25,0.95 
2016,04,23,20:20,476,132,7,573,19,21,10,5,5,10,132,31,30,1.07 
2016,04,23,18:50,382,132,1,573,8,16,4,11,4,5,132,16,16,0.97 
2016,04,23,17:40,132,49,7,573,16,9,10,5,6,4,132,24,17,1.41 
2016,04,20,21:10,177,132,7,605,9,16,5,10,4,6,132,19,11,1.23 
2016,04,20,21:10,132,177,6,605,16,8,8,7,8,1,132,13,17,0.84 
2016,04,19,21:00,132,302,14,605,16,10,9,6,7,4,132,12,15,0.80 
2016,04,19,21:00,132,302,2,605,4,16,4,11,0,5,132,7,18,0.37 
2016,04,19,21:00,302,132,7,605,14,16,12,3,2,13,132,14,25,0.58 
2016,04,19,17:30,472,132,1,590,16,13,7,8,9,5,132,16,21,0.79 
2016,04,19,17:30,132,472,6,590,16,12,7,8,9,4,132,17,17,0.99 
2016,04,19,17:30,472,132,0,590,16,14,7,8,9,6,132,12,25,0.51 
2016,04,13,22:00,472,132,2,605,16,19,12,3,3,12,132,21,23,1.01 
2016,04,13,22:00,472,132,7,605,12,16,10,5,2,11,132,24,19,1.14 
2016,04,13,22:00,472,132,6,605,16,2,13,2,3,0,132,5,18,0.23 
2016,04,08,19:00,445,132,14,536,6,16,2,13,4,3,132,14,10,1.08 
2016,04,08,19:00,445,132,7,536,2,16,2,13,0,3,132,18,4,1.79 
2016,03,31,21:30,101,132,1,605,7,16,6,9,1,7,132,11,16,0.72 
2016,03,31,21:30,132,101,2,605,16,3,12,3,4,0,132,12,8,1.12 
2016,03,30,21:15,132,177,0,605,6,16,3,12,3,4,132,9,19,0.45 
2016,03,30,21:15,132,177,1,605,13,16,6,9,7,7,132,19,20,0.96 
2016,03,25,13:30,528,132,1,619,16,7,11,4,5,3,132,11,19,0.64 
2016,03,25,11:55,132,517,0,619,13,16,5,10,8,6,132,19,22,0.90 
2016,03,22,18:00,101,132,1,610,19,17,11,4,4,11,132,24,27,0.92 
2016,03,22,18:00,132,101,4,610,7,16,7,8,0,8,132,9,20,0.61 
2016,03,21,17:30,101,132,4,536,16,6,9,6,7,0,132,11,19,0.56 
2016,03,21,17:30,132,101,1,536,10,16,5,10,5,6,132,18,18,0.92 
2016,03,20,13:00,507,132,0,625,16,10,9,6,7,4,132,16,24,0.64 
2016,03,20,13:00,132,507,14,625,11,16,6,9,5,7,132,17,23,0.75 
2016,03,19,18:55,132,392,7,625,16,8,12,3,4,5,132,18,16,1.04 
2016,03,14,22:15,496,132,1,605,2,16,2,13,0,3,132,13,9,1.17 
2016,03,14,22:15,132,496,0,605,16,13,12,3,4,10,132,21,19,0.97 
2016,03,14,19:15,132,13,14,590,11,16,7,8,4,8,132,16,19,0.89 
2016,03,14,19:15,13,132,0,590,16,10,13,2,3,8,132,11,22,0.55 
2016,03,12,19:00,132,604,1,625,10,16,2,13,8,3,132,16,18,0.92 
2016,03,08,19:15,132,196,6,590,16,12,10,5,6,7,132,21,18,1.25 
2016,03,08,19:15,196,132,4,590,14,16,7,8,7,8,132,21,22,0.94 
2016,02,27,15:50,132,507,2,640,14,16,11,4,3,12,132,16,22,0.78 
2016,02,27,14:15,132,184,0,640,17,19,9,6,6,9,132,12,27,0.51 
2016,02,27,13:00,132,644,1,640,16,2,13,2,3,0,132,20,5,1.94 
2016,02,25,22:15,132,384,6,605,16,12,7,8,9,4,132,17,19,0.85 
2016,02,25,22:15,384,132,1,605,10,16,9,6,1,10,132,18,14,1.33 
2016,02,24,19:00,132,49,2,638,19,17,5,10,10,5,132,24,29,0.86 
2016,02,24,19:00,132,49,1,638,16,14,9,6,7,8,132,20,16,1.11 
2016,02,23,17:00,642,132,0,638,14,16,8,7,6,9,132,18,20,0.95 
2016,02,23,17:00,642,132,6,638,18,22,8,7,7,8,132,25,27,0.87 
2016,02,14,20:00,132,686,2,590,14,16,9,6,5,10,132,18,23,0.85 
2016,02,14,20:00,686,132,1,590,16,14,8,7,8,7,132,18,20,0.91 
2016,02,14,20:00,132,686,7,590,16,8,10,5,6,3,132,14,9,1.05 
2016,02,06,21:30,647,132,7,659,16,7,11,4,5,3,132,9,19,0.57 
2016,02,06,21:30,647,132,1,659,16,10,7,8,9,2,132,14,19,0.80 
2016,02,06,16:30,384,132,14,659,4,16,2,13,2,3,132,8,10,0.86 
2016,02,06,16:30,384,132,1,659,7,16,3,12,4,4,132,16,10,1.12 
2016,02,05,19:30,302,132,0,662,16,6,13,2,3,4,132,9,18,0.54 
2016,02,05,19:30,132,302,2,662,2,16,2,13,0,3,132,6,17,0.32 
2016,02,05,17:00,132,647,14,659,16,14,6,9,10,5,132,14,23,0.64 
2016,02,05,15:30,118,132,1,659,12,16,2,13,10,3,132,31,16,1.67 
2016,01,10,15:00,132,13,6,679,8,16,4,11,4,5,132,11,18,0.64 
2016,01,10,15:00,13,132,0,679,16,14,7,8,9,6,132,21,19,1.02 
2016,01,10,15:00,13,132,2,679,11,16,11,4,0,12,132,16,17,0.86 
2016,01,10,12:00,132,158,1,679,16,8,9,6,7,2,132,12,15,0.82 
2016,01,10,12:00,158,132,0,679,14,16,11,4,3,12,132,22,19,1.03 
2016,01,03,21:00,287,719,14,683,13,16,2,13,11,3,719,17,18,0.88 
2016,01,03,21:00,287,719,0,683,12,16,5,10,7,6,719,18,17,1.06 
2015,12,20,18:00,724,484,7,686,9,16,6,9,3,7,724,13,18,0.73 
2015,12,20,18:00,484,724,0,686,16,14,3,12,13,2,724,14,19,0.79 
2015,12,19,17:10,314,724,0,686,9,16,5,10,4,6,724,12,16,0.76 
2015,12,19,12:15,725,724,1,686,10,16,4,11,6,5,724,20,15,1.19 
2015,12,16,21:00,287,719,1,683,6,16,4,11,2,5,719,18,10,1.26 
2015,12,15,20:00,719,743,7,683,22,20,8,7,7,8,719,32,30,1.04 
2015,11,01,11:00,517,719,6,767,6,16,4,11,2,5,719,19,11,1.42 
2015,11,01,11:00,719,517,14,767,11,16,8,7,3,9,719,15,19,0.83 
2015,11,01,11:00,517,719,0,767,13,16,8,7,5,9,719,21,19,1.03 
2015,11,01,11:00,517,719,7,767,8,16,6,9,2,7,719,16,12,1.18 
2015,10,31,14:00,719,484,0,767,16,11,8,7,8,4,719,7,19,0.48 
2015,10,31,14:00,484,719,7,767,10,16,6,9,4,7,719,21,15,1.24 
2015,10,31,09:00,320,719,0,767,8,16,2,13,6,3,719,15,17,0.81 
2015,10,31,09:00,320,719,1,767,3,16,2,13,1,3,719,13,10,1.14 
2015,10,01,23:00,942,940,6,799,16,14,10,5,6,9,940,23,25,0.91 
2015,10,01,23:00,942,940,1,799,2,16,1,14,1,2,940,16,10,1.30 
2015,10,01,23:00,940,942,14,799,13,16,10,5,3,11,940,13,22,0.65 
2015,09,29,20:10,33,940,7,799,13,16,10,5,3,11,940,19,19,1.05 
2015,09,29,18:00,938,940,1,799,10,16,6,9,4,7,940,15,17,0.83 
2015,09,28,18:00,940,954,0,799,6,16,6,9,0,7,940,20,18,1.28 
2015,09,28,17:00,145,940,0,799,3,16,3,12,0,4,940,9,9,0.86 
2015,09,22,21:30,724,429,1,766,14,16,10,5,4,11,724,15,22,0.83 
2015,09,22,20:30,429,724,0,766,16,8,9,6,7,2,724,12,17,0.68 
2015,09,22,12:30,257,724,7,766,16,8,7,8,9,0,724,12,15,0.82 
2015,09,22,12:30,724,257,1,766,14,16,9,6,5,10,724,22,17,1.12 
2015,09,17,21:00,940,936,0,799,13,16,7,8,6,8,940,14,20,0.72 
2015,09,13,20:00,719,314,6,766,16,3,12,3,4,0,719,15,9,1.30 
2015,09,13,20:00,314,719,14,766,16,13,8,7,8,6,719,16,19,0.82 
2015,09,13,20:00,314,719,1,766,1,16,1,14,0,2,719,15,7,1.39 
2015,09,13,18:00,380,719,1,766,16,12,8,7,8,5,719,13,24,0.55 
2015,09,13,18:00,380,719,7,766,16,5,13,2,3,3,719,14,17,0.85 
2015,09,13,15:00,719,302,14,766,16,14,10,5,6,9,719,12,24,0.54 
2015,09,13,15:00,719,302,1,766,16,14,12,3,4,11,719,11,20,0.60 
2015,09,13,12:00,484,719,6,766,12,16,9,6,3,10,719,19,17,1.01 
2015,09,13,12:00,719,484,0,766,14,16,5,10,9,6,719,10,22,0.53 
2015,09,13,12:00,484,719,7,766,14,16,12,3,2,13,719,16,18,0.91 
2015,09,12,19:10,888,719,0,766,11,16,8,7,3,9,719,23,17,1.16 
2015,09,06,16:30,22,719,0,766,16,12,8,7,8,5,719,14,21,0.68 
2015,09,06,15:00,719,264,7,766,16,4,11,4,5,0,719,16,6,1.38 
2015,09,06,12:00,380,719,0,766,16,11,9,6,7,5,719,15,21,0.71 
2015,09,06,12:00,380,719,1,766,14,16,7,8,7,8,719,19,23,0.82 
2015,09,06,12:00,380,719,7,766,16,9,12,3,4,6,719,12,20,0.68 
2015,09,05,19:15,719,1006,1,766,16,4,11,4,5,0,719,15,11,1.17 
2015,08,14,19:15,937,940,7,830,16,8,11,4,5,4,940,11,20,0.59 
2015,08,12,17:30,724,722,0,820,11,16,8,7,3,9,724,19,20,1.04 
2015,08,12,17:30,722,724,6,820,16,13,10,5,6,8,724,21,20,1.06 
2015,08,12,17:30,724,722,1,820,16,4,12,3,4,1,724,14,8,1.25 
2015,08,11,22:15,490,724,0,861,16,13,7,8,9,5,724,23,23,0.95 
2015,08,10,22:00,724,369,7,861,18,21,8,7,7,8,724,18,28,0.68 
2015,08,10,22:00,369,724,1,861,16,14,11,4,5,10,724,17,20,0.84 
2015,08,10,20:00,724,370,1,861,16,6,10,5,6,1,724,14,11,1.05 
2015,08,10,20:00,370,724,7,861,11,16,4,11,7,5,724,16,14,0.95 
2015,08,07,17:00,490,724,0,820,16,5,11,4,5,1,724,7,19,0.38 
2015,08,07,17:00,724,490,7,820,16,19,9,6,6,9,724,19,23,0.83 
2015,08,01,20:15,724,985,0,870,12,16,9,6,3,10,724,8,18,0.59 
2015,08,01,20:15,985,724,1,870,7,16,7,8,0,8,724,21,13,1.37 
2015,08,01,20:15,724,985,14,870,18,22,10,5,5,10,724,36,27,1.35 
2015,08,01,13:00,1043,724,6,870,13,16,7,8,6,8,724,20,22,1.01 
2015,08,01,13:00,724,1043,1,870,16,4,11,4,5,0,724,13,6,1.23 
2015,07,30,20:00,726,724,7,870,8,16,5,10,3,6,724,23,14,1.41 
2015,07,30,18:00,724,985,1,870,13,16,4,11,9,5,724,14,22,0.68 
2015,07,30,16:00,724,992,0,870,16,4,14,1,2,3,724,12,13,0.84 
2015,07,26,16:35,724,292,7,872,5,16,2,13,3,3,724,10,16,0.70 
2015,07,26,14:15,724,287,14,872,9,16,3,12,6,4,724,6,20,0.43 
2015,06,28,15:30,1052,1053,6,881,16,4,11,4,5,0,1052,16,14,1.03 
2015,06,28,15:30,1052,1053,7,881,16,11,9,6,7,5,1052,23,16,1.17 
2015,06,02,18:30,1052,59,7,654,13,16,10,5,3,11,1052,16,17,0.98 
2015,06,02,18:30,59,1052,2,654,16,1,14,1,2,0,1052,5,16,0.33 
2015,05,27,21:45,1045,1052,6,654,16,9,8,7,8,2,1052,16,19,0.94 
2015,05,27,21:45,1052,1045,1,654,9,16,7,8,2,8,1052,19,17,1.15 
2015,05,27,21:45,1052,1045,7,654,16,8,10,5,6,3,1052,23,12,1.57 
2015,05,27,20:00,1052,508,1,841,11,16,5,10,6,6,1052,19,22,0.91 
2015,05,26,21:30,52,1052,0,841,16,12,10,5,6,7,1052,17,21,0.84 
2015,05,26,20:00,22,1052,7,841,16,7,10,5,6,2,1052,14,19,0.73 
2015,05,18,20:15,302,1052,1,654,16,4,11,4,5,0,1052,15,18,0.94 
2015,05,18,20:15,302,1052,6,654,16,9,12,3,4,6,1052,17,21,0.93 
2015,05,18,20:15,1052,302,14,654,16,6,10,5,6,1,1052,12,9,1.07 
2015,05,13,19:00,292,1052,0,918,16,7,9,6,7,1,1052,16,19,0.80 
2015,05,13,19:00,292,1052,1,918,7,16,2,13,5,3,1052,18,11,1.26 
2015,05,13,19:00,1052,292,7,918,7,16,4,11,3,5,1052,8,17,0.54 
2015,05,11,21:00,1052,1062,7,654,14,16,10,5,4,11,1052,15,22,0.71 
2015,05,11,21:00,1052,1062,0,654,12,16,9,6,3,10,1052,16,21,0.78 
2015,05,11,18:00,1052,270,0,654,5,16,3,12,2,4,1052,10,18,0.57 
2015,05,11,18:00,270,1052,7,654,16,2,13,2,3,0,1052,7,17,0.47 
2015,05,07,22:15,1052,676,0,918,22,18,10,5,5,10,1052,23,23,0.93 
2015,05,07,22:15,676,1052,6,918,11,16,8,7,3,9,1052,18,19,0.97 
2015,04,23,20:00,13,1052,5,860,14,16,10,5,4,11,1052,13,23,0.65 
2015,04,23,20:00,1052,13,0,860,10,16,7,8,3,8,1052,12,20,0.66 
2015,04,23,20:00,13,1052,6,860,8,16,4,11,4,5,1052,14,13,0.98 
2015,04,11,18:10,1106,711,14,946,6,16,1,14,5,2,1106,5,17,0.38 
2015,04,11,18:10,711,1106,1,946,10,16,3,12,7,4,1106,13,19,0.70 
2015,04,11,18:10,1106,711,6,946,14,16,9,6,5,10,1106,18,23,0.83 
2015,04,11,13:40,1106,384,5,946,16,14,7,8,9,6,1106,23,22,1.12 
2015,04,11,13:40,384,1106,14,946,7,16,7,8,0,8,1106,25,13,1.62 
2015,04,10,15:35,711,1106,5,946,16,8,13,2,3,6,1106,8,19,0.55 
2015,04,10,15:35,1106,711,6,946,17,19,9,6,6,9,1106,20,28,0.71 
2015,04,04,15:15,13,1106,7,948,19,17,11,4,4,11,1106,19,26,0.78 
2015,04,04,13:30,945,1106,1,948,5,16,2,13,3,3,1106,22,14,1.34 
2015,04,04,12:00,1051,1106,5,948,12,16,11,4,1,12,1106,21,18,1.29 
2015,04,04,10:00,1106,698,7,948,16,6,11,4,5,2,1106,21,12,1.67 
2015,04,03,22:30,384,1106,0,948,16,8,12,3,4,5,1106,13,20,0.71 
2015,04,03,22:30,384,1106,4,948,16,1,14,1,2,0,1106,6,16,0.34 
2015,04,03,22:30,384,1106,5,948,8,16,8,7,0,9,1106,12,16,0.70 
2015,04,03,15:30,297,1106,5,948,9,16,8,7,1,9,1106,23,17,1.33 
2015,04,03,15:30,297,1106,7,948,15,19,10,5,5,10,1106,29,23,1.20 
2015,04,03,12:00,674,1106,6,948,13,16,10,5,3,11,1106,21,18,1.03 
2015,04,03,12:00,1106,674,1,948,16,8,10,5,6,3,1106,18,15,1.51 
2015,03,12,21:00,270,1106,5,954,16,10,11,4,5,6,1106,11,19,0.66 
2015,03,12,19:35,8,1106,4,954,16,5,12,3,4,2,1106,16,20,0.87 
2015,02,15,20:25,1106,214,7,959,16,8,9,6,7,2,1106,32,9,2.23 
2015,02,15,17:50,1106,841,0,959,16,8,9,6,7,2,1106,17,13,1.11 
2015,02,15,15:00,787,1106,0,959,16,11,10,5,6,6,1106,14,20,0.73 
2014,12,11,18:00,301,1106,4,967,16,11,12,3,4,8,1106,14,21,0.81 
2014,12,11,18:00,301,1106,1,967,16,9,10,5,6,4,1106,15,20,0.80 
2014,12,10,20:45,1106,854,14,965,1,16,1,14,0,2,1106,13,14,0.92 
2014,12,10,20:45,854,1106,4,965,16,8,10,5,6,3,1106,20,19,1.16 
2014,12,08,18:00,1159,1106,1,979,16,14,9,6,7,8,1106,26,19,1.29 
2014,12,08,18:00,1106,1159,0,979,6,16,6,9,0,7,1106,10,18,0.55 
2014,12,08,18:00,1159,1106,4,979,13,16,9,6,4,10,1106,28,22,1.30 
2014,11,22,13:00,1106,384,1,988,14,16,9,6,5,10,1106,24,22,1.06 
2014,11,22,13:00,1106,384,5,988,12,16,6,9,6,7,1106,10,17,0.66 
2014,11,22,13:00,1106,384,0,988,16,7,12,3,4,4,1106,18,11,1.36 
2014,10,31,17:30,1106,1054,0,998,13,16,9,6,4,10,1106,22,19,1.24 
2014,10,31,15:30,1106,1152,5,998,11,16,10,5,1,11,1106,12,20,0.58 
2014,10,31,12:40,214,1106,1,998,16,9,11,4,5,5,1106,15,19,0.84 
2014,10,31,11:30,1106,1165,7,998,16,2,13,2,3,0,1106,19,5,1.73 
2014,10,31,09:45,22,1106,1,998,16,2,13,2,3,0,1106,3,18,0.17 
2014,10,21,18:00,13,1106,7,1002,21,18,7,8,8,7,1106,30,24,1.11 
2014,10,21,18:00,1106,13,4,1002,16,4,14,1,2,3,1106,17,10,1.26 
2014,10,21,18:00,13,1106,0,1002,16,8,11,4,5,4,1106,11,20,0.66 
2014,10,10,19:00,940,958,1,993,16,12,5,10,11,2,940,16,15,0.92 
2014,10,05,21:00,1106,1054,5,1014,19,16,12,3,3,12,1106,20,23,0.89 
2014,10,05,21:00,1054,1106,7,1014,4,16,4,11,0,5,1106,16,6,1.33 
2014,10,05,12:40,214,1106,1,1014,4,16,4,11,0,5,1106,15,11,1.20 
2014,10,05,12:40,1106,214,5,1014,16,14,10,5,6,9,1106,18,22,0.87 
2014,10,05,12:40,214,1106,0,1014,16,7,13,2,3,5,1106,16,17,0.97 
2014,10,04,18:00,544,1106,1,1014,10,16,7,8,3,8,1106,19,17,1.05 
2014,10,04,18:00,1106,544,0,1014,16,9,9,6,7,3,1106,19,11,1.32 
2014,09,28,21:15,124,940,0,993,16,12,11,4,5,8,940,16,18,0.83 
2014,09,28,17:00,937,940,0,993,13,16,7,8,6,8,940,11,21,0.60 
2014,09,26,13:45,301,1106,1,1024,16,12,9,6,7,6,1106,15,20,0.78 
2014,09,26,13:45,1106,301,7,1024,8,16,7,8,1,8,1106,13,18,0.80 
2014,09,25,22:55,22,1106,1,1024,17,19,4,11,11,4,1106,25,23,1.05 
2014,09,25,21:55,384,1106,7,1024,13,16,6,9,7,7,1106,15,17,0.83 
2014,09,25,19:00,210,1106,7,1024,16,4,11,4,5,0,1106,9,17,0.56 
2014,09,23,23:20,1106,215,1,1026,11,16,6,9,5,7,1106,20,19,0.97 
2014,09,17,21:20,1106,500,5,1026,16,14,8,7,8,7,1106,25,17,1.24 
2014,09,17,19:00,1106,1149,5,1026,16,5,11,4,5,1,1106,20,10,1.55 
2014,09,16,18:00,1106,59,5,1026,10,16,7,8,3,8,1106,10,23,0.48 
2014,09,08,20:00,938,940,0,993,10,16,8,7,2,9,940,27,17,1.57 
2014,08,27,19:00,940,24,6,1035,16,8,11,4,5,4,940,23,14,1.48 
2014,08,27,19:00,24,940,0,1035,13,16,7,8,6,8,940,24,15,1.25 
2014,08,25,21:20,59,925,5,1039,16,10,9,6,7,4,925,15,20,0.67 
2014,08,25,20:00,1037,925,0,1039,11,16,6,9,5,7,925,15,19,0.86 
2014,08,24,22:30,1213,925,1,1040,13,16,4,11,9,5,925,24,18,1.17 
2014,08,21,18:00,250,1052,1,1042,19,17,2,13,13,2,1052,25,27,0.88 
2014,08,21,18:00,250,1052,5,1042,16,3,14,1,2,2,1052,9,17,0.60 
2014,08,02,21:15,1052,648,6,1047,8,16,5,10,3,6,1052,14,18,0.76 
2014,08,02,21:15,648,1052,1,1047,4,16,4,11,0,5,1052,12,8,1.02 
2014,08,02,21:15,648,1052,0,1047,16,5,10,5,6,0,1052,5,17,0.35 
2014,08,02,18:00,722,1052,1,1047,17,19,6,9,9,6,1052,30,22,1.17 
2014,08,02,18:00,722,1052,6,1047,16,2,13,2,3,0,1052,10,16,0.65 
2014,08,02,18:00,1052,722,5,1047,16,10,11,4,5,6,1052,16,17,0.89 
2014,08,02,09:40,793,1052,6,1047,10,16,7,8,3,8,1052,29,12,1.58 
2014,08,02,09:40,1052,793,5,1047,16,9,11,4,5,5,1052,18,13,1.13 
2014,07,31,22:30,1052,648,0,1047,16,2,13,2,3,0,1052,14,7,1.34 
2014,07,31,21:30,1052,1224,0,1047,16,4,11,4,5,0,1052,15,10,1.18 
2014,07,27,22:30,1052,384,5,1050,5,16,4,11,1,5,1052,12,17,0.80 
2014,07,27,22:30,384,1052,6,1050,16,9,8,7,8,2,1052,11,17,0.65 
2014,07,27,15:30,1052,287,6,1050,16,9,12,3,4,6,1052,16,14,1.03 
2014,07,27,15:30,1052,287,1,1050,16,12,10,5,6,7,1052,22,17,1.20 
2014,07,27,13:00,711,1052,0,1050,16,3,12,3,4,0,1052,4,19,0.18 
2014,07,27,13:00,1052,711,6,1050,7,16,3,12,4,4,1052,11,19,0.58 
2014,07,26,15:45,500,1052,6,1050,13,16,8,7,5,9,1052,24,17,1.23 
2014,07,26,15:45,1052,500,5,1050,16,11,10,5,6,6,1052,14,16,0.79 
2014,06,22,13:00,158,22,5,1059,4,16,4,11,0,5,158,16,18,1.01 
2014,06,22,13:00,22,158,0,1059,16,9,12,3,4,6,158,9,20,0.51 
2014,02,01,18:00,1296,1264,0,1092,8,16,7,8,1,8,1296,14,17,0.80 
2014,02,01,18:00,1264,1296,6,1092,16,5,12,3,4,2,1296,11,18,0.69 
2014,02,01,18:00,1264,1296,1,1092,12,16,5,10,7,6,1296,19,19,1.01 
2014,02,01,13:00,1296,1126,6,1092,16,7,12,3,4,4,1296,16,11,1.16 
2014,02,01,13:00,1126,1296,1,1092,2,16,2,13,0,3,1296,18,7,1.62 
2014,01,31,20:30,1264,1296,2,1092,10,16,9,6,1,10,1296,14,15,0.84 
2014,01,31,19:15,1215,1296,1,1092,17,19,5,10,10,5,1296,26,21,1.15 
2014,01,26,21:00,1300,1296,1,1094,13,16,4,11,9,5,1296,17,16,0.98 
2014,01,26,21:00,1300,1296,6,1094,8,16,4,11,4,5,1296,22,11,1.41 
2013,12,05,21:30,937,940,1,1098,21,19,10,5,5,10,940,32,27,1.13 
2013,12,05,21:30,940,937,2,1098,5,16,3,12,2,4,940,9,18,0.49 
2013,11,20,23:45,74,940,10,1098,16,9,9,6,7,3,940,12,19,0.81 
2013,10,02,20:15,940,71,10,1098,16,13,6,9,10,4,940,20,19,0.92 
2013,10,01,22:20,841,132,12,1116,16,7,12,3,4,4,132,11,19,0.72 
2013,10,01,21:00,1320,132,11,1116,8,16,4,11,4,5,132,16,18,0.95 
2013,10,01,19:00,841,132,10,1116,16,10,8,7,8,3,132,16,22,0.73 
2013,09,24,21:00,215,132,11,1125,16,9,7,8,9,1,132,9,16,0.64 
2013,09,24,20:00,132,1348,12,1125,16,7,11,4,5,3,132,30,8,2.08 
2013,09,18,21:50,1311,132,11,1125,16,11,10,5,6,6,132,14,19,0.70 
2013,09,18,21:50,132,1311,10,1125,11,16,5,10,6,6,132,15,21,0.67 
2013,09,18,21:50,132,158,12,1125,16,3,12,3,4,0,132,17,10,1.41 
2013,09,17,21:00,132,250,11,1125,21,19,8,7,7,8,132,25,28,0.87 
2013,09,17,20:00,132,1273,10,1125,16,4,11,4,5,0,132,18,9,1.40 
2013,09,10,20:00,1364,1317,13,1125,5,16,4,11,1,5,1364,11,15,0.70 
2013,09,10,19:00,1154,1364,10,1125,11,16,6,9,5,7,1364,13,16,0.86 
2013,09,03,20:00,1364,1312,10,1125,12,16,4,11,8,5,1364,18,21,1.03 
2013,09,03,19:00,1364,158,10,1125,16,8,7,8,9,0,1364,23,17,1.30 
2013,08,08,18:35,1370,1381,9,1134,16,14,2,13,14,1,1381,13,18,0.76 
2013,06,11,21:00,1317,506,11,1141,16,2,13,2,3,0,506,6,17,0.39 
2013,06,11,21:00,506,1312,10,1141,12,16,8,7,4,9,506,15,22,0.71 
2013,06,11,19:00,8,506,10,1141,16,4,12,3,4,1,506,8,18,0.44 
2013,05,21,21:00,1399,841,12,1143,11,16,8,7,3,9,1399,11,18,0.70 
2013,05,21,20:00,49,1399,10,1143,18,21,6,9,9,6,1399,23,27,0.85 
2013,05,21,19:00,1399,52,10,1143,16,14,11,4,5,10,1399,19,24,0.81 
2013,05,14,19:00,1399,841,10,1143,11,16,7,8,4,8,1399,14,20,0.73 
