2016,08,13,16:00,73,74,0,463,1,16,1,14,0,2,74,19,7,1.79 
2016,08,13,16:00,73,74,14,463,1,16,1,14,0,2,74,27,5,2.48 
2016,07,16,09:35,284,277,7,520,11,16,6,9,5,7,284,20,20,0.89 
2016,07,16,09:35,284,277,0,520,16,1,14,1,2,0,284,17,7,1.59 
2016,07,16,09:35,284,277,1,520,5,16,4,11,1,5,284,8,16,0.51 
2016,04,26,21:00,358,275,0,556,16,3,13,2,3,1,275,12,18,0.66 
2016,04,22,21:00,275,262,7,556,13,16,7,8,6,8,275,16,20,0.87 
2016,03,31,20:15,444,275,0,556,16,11,9,6,7,5,275,16,19,0.84 
2016,03,27,19:00,157,275,7,556,16,7,11,4,5,3,275,7,20,0.41 
2016,03,22,21:15,275,457,0,556,16,7,13,2,3,5,275,10,13,0.72 
2015,11,10,19:15,647,873,1,755,16,7,13,2,3,5,873,18,18,1.03 
2015,11,10,19:15,647,873,6,755,16,3,12,3,4,0,873,5,16,0.38 
2015,09,29,21:15,873,961,1,801,2,16,2,13,0,3,873,8,17,0.48 
2015,09,29,20:30,956,74,1,799,16,4,14,1,2,3,74,11,18,0.60 
2015,09,29,19:20,74,939,7,799,16,12,8,7,8,5,74,19,21,0.90 
2015,09,28,23:15,287,873,1,801,9,16,5,10,4,6,873,24,15,1.36 
2015,09,28,20:45,961,873,7,801,16,5,11,4,5,1,873,14,18,0.73 
2015,09,28,20:45,961,873,1,801,16,8,9,6,7,2,873,18,21,0.85 
2015,09,28,19:35,74,942,14,799,6,16,3,12,3,4,74,13,19,0.74 
2015,09,28,18:30,74,139,7,799,15,15,8,7,7,8,74,20,21,0.86 
2015,09,17,22:30,74,937,1,799,2,16,2,13,0,3,74,10,16,0.68 
2015,08,17,17:30,1026,284,1,849,16,14,7,8,9,6,284,23,19,1.23 
2015,08,17,17:30,1026,284,0,849,16,7,13,2,3,5,284,17,20,1.08 
2015,08,17,17:30,1026,284,7,849,9,16,3,12,6,4,284,25,14,1.50 
2015,06,03,21:00,1067,1068,0,887,16,7,11,4,5,3,1068,18,21,0.93 
2015,06,03,21:00,1068,1067,7,887,6,16,3,12,3,4,1068,13,20,0.70 
2015,05,19,18:00,1068,996,1,887,16,14,5,10,11,4,1068,21,21,0.91 
2015,05,19,18:00,996,1068,7,887,16,8,11,4,5,4,1068,18,17,1.08 
2015,05,19,18:00,996,1068,6,887,11,16,7,8,4,8,1068,23,17,1.19 
2015,05,17,19:00,1067,1068,0,887,16,12,9,6,7,6,1068,20,20,0.97 
2015,05,17,19:00,1068,1067,6,887,6,16,6,9,0,7,1068,11,22,0.47 
