2016,08,03,22:00,147,42,0,487,5,16,3,12,2,4,147,11,17,0.70 
2016,08,03,22:00,42,147,7,487,16,6,10,5,6,1,147,9,18,0.57 
2016,07,29,17:00,216,147,7,498,10,16,3,12,7,4,147,11,16,0.69 
2016,07,29,17:00,147,216,0,498,19,17,10,5,5,10,147,17,24,0.70 
2016,07,26,20:00,225,147,7,487,14,16,5,10,9,6,147,13,22,0.68 
2016,07,26,20:00,225,147,0,487,5,16,4,11,1,5,147,14,13,0.98 
2016,07,22,17:35,29,147,5,487,14,16,11,4,3,12,147,23,20,1.11 
2016,07,22,17:35,147,29,7,487,16,8,9,6,7,2,147,16,15,1.01 
2016,07,22,17:35,147,29,0,487,7,16,6,9,1,7,147,14,17,0.92 
2016,07,21,16:00,100,260,2,498,16,12,7,8,9,4,260,13,19,0.69 
2016,07,21,16:00,100,260,4,498,14,16,5,10,9,6,260,26,19,1.20 
2016,07,05,17:25,147,42,0,499,6,16,5,10,1,6,147,21,18,1.26 
2016,07,05,17:25,42,147,1,499,16,5,10,5,6,0,147,16,17,0.93 
2016,07,04,21:15,147,136,1,487,16,4,14,1,2,3,147,8,11,0.76 
2016,07,04,21:15,147,136,0,487,16,7,13,2,3,5,147,21,12,1.38 
2016,07,04,21:15,136,147,2,487,16,7,12,3,4,4,147,9,21,0.45 
2016,06,29,22:15,42,147,14,488,29,31,5,10,10,5,147,32,40,0.82 
2016,06,28,21:45,147,29,14,487,3,16,3,12,0,4,147,10,17,0.65 
2016,06,28,21:45,147,29,4,487,15,19,10,5,5,10,147,26,20,1.23 
2016,06,28,21:45,29,147,0,487,9,16,4,11,5,5,147,19,15,1.15 
2016,05,28,18:00,389,49,7,546,7,16,6,9,1,7,389,14,19,0.80 
2016,05,23,21:15,419,420,6,551,14,16,11,4,3,12,419,24,24,1.08 
2016,05,23,21:15,419,420,1,551,3,16,1,14,2,2,419,12,18,0.72 
2016,05,23,21:15,420,419,0,551,10,16,5,10,5,6,419,20,18,1.09 
2016,04,30,17:20,389,459,7,573,14,16,8,7,6,9,389,23,22,1.21 
2016,02,12,22:30,83,82,1,603,16,14,8,7,8,7,82,21,21,0.98 
2016,02,05,22:30,82,83,0,603,16,14,9,6,7,8,82,28,23,1.14 
2016,01,15,22:30,83,82,1,673,10,16,6,9,4,7,82,26,14,1.57 
2016,01,15,21:30,82,80,0,673,16,14,12,3,4,11,82,22,18,1.11 
2015,10,16,20:30,82,81,7,673,14,16,7,8,7,8,82,23,22,1.15 
