2016,03,26,17:00,510,512,6,620,16,10,10,5,6,5,512,7,24,0.29 
2016,03,26,17:00,510,512,0,620,16,8,11,4,5,4,512,10,22,0.51 
2016,03,26,17:00,510,512,4,620,13,16,9,6,4,10,512,11,19,0.64 
2016,03,26,14:00,512,516,1,620,16,8,7,8,9,0,512,23,12,1.52 
2016,03,26,14:00,516,512,0,620,7,16,3,12,4,4,512,17,14,1.04 
2016,03,26,01:00,512,520,7,620,16,11,10,5,6,6,512,18,20,0.90 
2016,03,26,01:00,512,520,6,620,16,1,14,1,2,0,512,9,8,0.91 
2016,03,25,19:45,261,512,1,620,16,8,8,7,8,1,512,16,21,0.80 
2016,03,25,19:45,261,512,7,620,16,5,11,4,5,1,512,8,18,0.49 
2016,03,25,16:30,520,512,7,620,17,19,13,2,2,13,512,13,28,0.55 
2016,03,25,16:30,520,512,4,620,7,16,7,8,0,8,512,18,8,1.34 
2016,03,05,17:00,516,512,2,636,16,14,8,7,8,7,512,13,24,0.62 
2016,03,05,15:35,641,512,4,636,12,16,10,5,2,11,512,15,18,0.78 
2016,03,05,13:20,512,516,7,636,0,16,0,15,0,1,512,2,15,0.16 
2015,08,09,21:15,1039,1032,6,853,13,16,8,7,5,9,1039,17,21,0.91 
2015,08,09,21:15,1032,1039,0,853,16,8,11,4,5,4,1039,11,20,0.54 
2015,08,09,18:00,1026,1039,1,853,16,9,10,5,6,4,1039,8,20,0.45 
2015,08,09,18:00,1026,1039,0,853,16,9,11,4,5,5,1039,10,22,0.48 
2015,08,09,18:00,1026,1039,7,853,12,16,8,7,4,9,1039,9,18,0.58 
2015,08,09,15:30,1039,675,7,853,16,14,7,8,9,6,1039,14,18,0.76 
2015,08,09,15:30,675,1039,0,853,7,16,7,8,0,8,1039,12,10,1.02 
2015,07,11,19:00,1048,1039,6,876,16,12,12,3,4,9,1039,15,23,0.72 
2015,07,11,19:00,1048,1039,6,876,16,12,12,3,4,9,1039,15,23,0.72 
2015,07,11,17:30,1039,516,1,876,13,16,5,10,8,6,1039,16,20,0.79 
2015,07,11,16:00,1026,1039,0,876,9,16,5,10,4,6,1039,16,15,0.98 
2015,04,03,22:30,1039,1109,1,949,11,16,9,6,2,10,1039,14,21,0.70 
2015,04,03,22:30,1039,1109,6,949,7,16,7,8,0,8,1039,10,16,0.64 
2015,04,03,18:30,1107,1039,6,949,16,13,11,4,5,9,1039,18,18,1.09 
2015,04,03,18:30,1039,1107,1,949,5,16,5,10,0,6,1039,11,19,0.65 
2015,04,03,12:00,675,1039,0,949,10,16,7,8,3,8,1039,14,17,0.82 
2015,04,03,12:00,1039,675,1,949,16,6,9,6,7,0,1039,16,13,1.21 
2013,03,30,20:00,1119,512,9,1156,16,8,9,6,7,2,512,13,18,0.72 
2013,03,30,20:00,512,1119,13,1156,13,16,6,9,7,7,512,17,23,0.84 
2013,03,30,20:00,1119,512,10,1156,11,16,7,8,4,8,512,12,19,0.70 
2013,03,30,14:00,1412,512,9,1156,11,16,4,11,7,5,512,15,18,0.87 
2013,03,30,14:00,512,1412,11,1156,13,16,9,6,4,10,512,9,23,0.51 
2013,03,30,14:00,512,1412,13,1156,16,8,11,4,5,4,512,15,15,0.95 
2013,03,30,10:00,512,1415,9,1156,16,2,13,2,3,0,512,12,8,1.17 
2013,03,30,10:00,512,1415,11,1156,16,5,10,5,6,0,512,17,10,1.21 
2013,03,29,22:00,1420,512,10,1156,6,16,3,12,3,4,512,16,10,1.24 
2013,03,29,20:30,1119,512,13,1156,14,16,7,8,7,8,512,21,20,0.97 
2013,03,29,17:30,1413,512,9,1156,15,15,4,11,11,4,512,21,21,0.98 
2013,03,29,13:00,512,1412,10,1156,16,12,8,7,8,5,512,17,20,0.89 
2013,03,29,11:30,1421,512,10,1156,4,16,2,13,2,3,512,16,11,1.30 
2013,03,29,10:00,512,1422,13,1156,16,8,12,3,4,5,512,12,13,0.94 
