2016,07,03,17:15,317,278,1,529,19,17,12,3,3,12,317,21,23,0.96 
2016,07,03,17:15,317,278,7,529,16,13,7,8,9,5,317,25,22,1.36 
2016,07,03,17:15,317,278,5,529,14,16,6,9,8,7,317,21,19,0.98 
2016,07,03,17:15,278,317,0,529,1,16,1,14,0,2,317,19,5,2.06 
2016,07,03,13:00,317,318,5,529,16,2,14,1,2,1,317,23,5,1.88 
2016,07,03,13:00,317,318,7,529,6,16,5,10,1,6,317,8,19,0.47 
2016,07,03,13:00,318,317,1,529,10,16,6,9,4,7,317,19,15,1.22 
2016,07,02,20:45,317,278,0,529,14,16,11,4,3,12,317,18,22,0.82 
2016,07,02,20:45,278,317,7,529,16,11,10,5,6,6,317,19,22,1.00 
2016,07,02,11:25,319,317,14,529,3,16,3,12,0,4,317,15,11,1.16 
2016,07,02,11:25,317,319,1,529,16,5,11,4,5,1,317,18,8,1.61 
2016,03,18,23:45,595,278,6,626,8,16,6,9,2,7,595,14,19,0.80 
2016,03,18,21:35,434,595,0,626,16,19,14,1,1,14,595,34,23,1.34 
2016,03,18,19:50,595,300,0,626,11,16,4,11,7,5,595,33,20,1.62 
2016,01,03,21:00,287,719,14,683,13,16,2,13,11,3,287,21,24,0.93 
2016,01,03,21:00,287,719,0,683,12,16,5,10,7,6,287,21,20,1.07 
2015,12,16,21:00,287,719,1,683,6,16,4,11,2,5,287,13,18,0.80 
2015,12,14,21:00,287,517,14,683,16,14,6,9,10,5,287,24,23,1.05 
2015,11,22,19:00,287,360,14,736,13,16,6,9,7,7,287,20,21,0.98 
2015,11,22,19:00,360,287,1,736,16,14,4,11,12,3,287,19,22,0.96 
2015,11,22,11:30,743,287,6,736,13,16,9,6,4,10,287,17,20,0.82 
2015,11,22,11:30,287,743,1,736,16,7,12,3,4,4,287,24,10,1.59 
2015,11,21,15:55,287,52,1,736,16,10,7,8,9,2,287,12,18,0.70 
2015,11,21,15:55,287,52,4,736,16,3,12,3,4,0,287,14,6,1.36 
2015,11,20,23:00,287,360,0,736,16,9,8,7,8,2,287,11,15,0.74 
2015,11,20,22:10,287,848,7,736,16,7,9,6,7,1,287,17,12,1.29 
2015,11,20,20:25,287,847,1,736,16,8,12,3,4,5,287,17,11,1.18 
2015,10,24,18:30,901,287,6,772,16,11,8,7,8,4,287,15,18,0.87 
2015,10,24,11:30,404,287,0,772,16,5,12,3,4,2,287,11,19,0.65 
2015,10,24,11:30,287,404,14,772,7,16,3,12,4,4,287,11,19,0.62 
2015,10,19,23:00,287,901,6,778,16,12,6,9,10,3,287,28,18,1.38 
2015,10,13,23:00,287,928,6,778,16,5,13,2,3,3,287,19,11,1.42 
2015,06,04,22:30,287,995,1,901,16,19,10,5,5,10,287,25,23,1.04 
2015,06,03,23:00,287,234,4,901,13,16,7,8,6,8,287,23,23,1.11 
2015,06,03,21:00,287,839,4,901,8,16,8,7,0,9,287,19,19,1.10 
2015,05,27,21:15,911,287,0,901,19,15,9,6,6,9,287,22,27,0.93 
2015,05,19,21:00,287,52,14,901,16,7,11,4,5,3,287,27,13,1.76 
2015,05,14,23:00,749,287,2,901,16,14,8,7,8,7,287,25,21,1.19 
2015,05,12,21:00,1062,1087,14,925,16,9,8,7,8,2,1087,15,21,0.82 
2015,05,12,21:00,1087,1062,1,925,13,16,7,8,6,8,1087,16,24,0.72 
2015,04,22,21:15,1087,22,6,936,4,16,2,13,2,3,1087,16,16,1.12 
2015,04,22,21:15,22,1087,14,936,16,13,8,7,8,6,1087,25,23,1.15 
2015,04,21,20:45,1087,517,7,936,16,4,12,3,4,1,1087,26,8,2.16 
