2016,07,16,13:00,283,275,7,520,11,16,6,9,5,7,283,22,17,1.33 
2016,07,16,13:00,275,283,1,520,16,4,12,3,4,1,283,6,18,0.42 
2016,05,18,19:00,379,433,7,556,16,12,5,10,11,2,433,16,20,0.77 
2016,04,27,19:00,433,444,1,556,19,16,7,8,8,7,433,21,21,0.94 
2016,04,25,22:00,433,157,0,556,3,16,3,12,0,4,433,10,18,0.60 
2016,04,20,20:00,433,457,0,556,19,16,7,8,8,7,433,22,26,0.80 
2016,04,16,19:00,398,433,7,556,7,16,2,13,5,3,433,15,16,0.92 
2016,04,05,20:00,433,358,7,556,8,16,6,9,2,7,433,6,20,0.37 
2016,03,22,22:00,433,406,1,556,9,16,8,7,1,9,433,10,22,0.46 
2015,05,24,22:20,749,433,6,915,16,9,10,5,6,4,433,9,18,0.58 
2015,05,22,18:00,283,1081,7,887,16,8,13,2,3,6,283,23,9,1.53 
2015,05,22,18:00,1081,283,6,887,7,16,6,9,1,7,283,11,12,0.92 
2015,05,08,21:15,656,433,1,903,15,15,6,9,9,6,433,25,15,1.34 
2015,05,08,20:15,1067,433,0,903,11,16,10,5,1,11,433,15,15,0.91 
2015,04,27,21:00,1055,433,7,903,16,3,12,3,4,0,433,7,19,0.31 
2015,04,27,20:00,1054,433,2,903,16,6,12,3,4,3,433,9,20,0.44 
2015,04,23,18:00,29,433,1,560,16,8,10,5,6,3,433,8,18,0.51 
2015,04,23,18:00,29,433,0,560,16,5,11,4,5,1,433,11,17,0.70 
2015,04,21,21:30,1094,433,4,560,16,13,12,3,4,10,433,25,23,1.09 
2015,04,21,21:30,1094,433,1,560,9,16,6,9,3,7,433,20,13,1.20 
2015,04,21,21:30,1094,433,7,560,16,10,9,6,7,4,433,6,21,0.37 
2015,04,16,19:00,398,433,7,903,15,15,13,2,2,13,433,26,19,1.26 
2014,05,25,15:00,159,1249,0,1066,16,13,8,7,8,6,1249,20,21,0.92 
2014,05,25,15:00,159,1249,6,1066,10,16,7,8,3,8,1249,14,18,0.72 
2014,05,25,15:00,1249,159,5,1066,5,16,4,11,1,5,1249,8,18,0.43 
2014,05,25,11:00,275,1249,0,1066,16,12,12,3,4,9,1249,16,20,0.83 
2014,05,25,09:00,1249,1253,5,1066,16,2,13,2,3,0,1249,19,8,1.51 
