2016,06,13,17:00,360,361,7,496,16,2,14,1,2,1,361,7,16,0.48 
2016,06,13,17:00,361,360,14,496,8,16,4,11,4,5,361,16,20,1.01 
2016,05,25,21:15,405,406,7,496,7,16,7,8,0,8,405,13,19,0.77 
2016,05,25,21:15,406,405,14,496,16,11,7,8,9,3,405,18,22,0.88 
2016,05,17,22:15,360,236,6,496,8,16,4,11,4,5,236,16,11,1.14 
2016,05,17,22:15,360,236,1,496,16,13,7,8,9,5,236,19,21,0.87 
2016,05,17,22:15,236,360,7,496,16,4,11,4,5,0,236,16,10,1.25 
2016,05,07,23:00,49,236,2,585,12,16,8,7,4,9,236,23,22,1.07 
2016,05,07,23:00,49,236,1,585,11,16,7,8,4,8,236,22,16,1.23 
2016,05,07,23:00,49,236,7,585,16,6,12,3,4,3,236,12,18,0.79 
2016,05,07,17:35,236,425,2,585,16,7,11,4,5,3,236,18,17,0.99 
2016,05,07,17:35,236,425,14,585,8,16,4,11,4,5,236,14,18,0.79 
2016,05,07,17:35,236,425,7,585,16,12,8,7,8,5,236,17,20,0.89 
2016,03,11,23:50,216,236,0,498,16,4,13,2,3,2,236,8,17,0.51 
2016,03,11,20:00,236,365,1,498,16,14,5,10,11,4,236,31,17,1.72 
2015,10,22,21:45,839,826,1,776,16,9,9,6,7,3,826,16,18,0.93 
2015,10,22,21:45,826,839,7,776,8,16,5,10,3,6,826,15,17,0.95 
2015,09,29,20:00,826,500,7,776,16,10,7,8,9,2,826,22,17,1.26 
2015,09,29,20:00,500,826,14,776,6,16,4,11,2,5,826,20,11,1.43 
2015,09,22,19:00,826,690,6,776,16,13,9,6,7,7,826,21,23,1.01 
2015,09,22,19:00,826,690,1,776,17,19,5,10,10,5,826,21,23,0.89 
2015,09,15,21:00,839,826,2,776,16,7,11,4,5,3,826,18,21,0.93 
2015,09,15,21:00,839,826,7,776,16,6,12,3,4,3,826,12,19,0.62 
2015,09,09,21:15,383,826,1,776,16,2,13,2,3,0,826,8,16,0.46 
2015,09,09,21:15,826,383,7,776,7,16,4,11,3,5,826,11,20,0.58 
2015,09,02,21:15,826,196,6,776,17,19,7,8,8,7,826,29,31,1.01 
2015,09,02,21:15,826,196,7,776,16,11,9,6,7,5,826,25,16,1.39 
2015,08,25,21:45,826,544,6,776,14,16,10,5,4,11,826,27,17,1.45 
2015,08,25,21:45,544,826,1,776,9,16,6,9,3,7,826,18,17,1.03 
2013,10,28,19:00,1328,1151,1,978,16,1,14,1,2,0,1151,7,16,0.39 
