2015,10,15,22:00,930,931,7,773,8,16,6,9,2,7,930,16,18,0.88 
2015,10,15,22:00,931,930,0,773,21,16,9,6,6,9,930,25,35,0.72 
2015,10,13,22:00,930,929,0,773,16,7,9,6,7,1,930,26,11,1.80 
2015,10,13,22:00,930,929,4,773,16,8,8,7,8,1,930,19,14,1.24 
2015,10,08,22:00,930,438,0,773,14,16,3,12,11,4,930,20,22,0.85 
2015,10,08,22:00,930,438,7,773,21,18,7,8,8,7,930,21,30,0.70 
2015,10,07,21:00,596,930,7,773,16,9,8,7,8,2,930,20,18,1.06 
2015,10,07,21:00,596,930,14,773,16,1,14,1,2,0,930,8,16,0.44 
2015,10,06,22:00,930,437,0,773,14,16,4,11,10,5,930,25,22,1.11 
2015,10,06,22:00,437,930,7,773,13,16,7,8,6,8,930,22,19,1.12 
2013,09,27,19:00,749,1317,13,1120,8,16,4,11,4,5,749,7,20,0.43 
2013,09,26,22:30,749,1311,9,1120,11,16,8,7,3,9,749,14,20,0.69 
2013,09,26,22:30,250,749,12,1120,16,10,9,6,7,4,749,8,22,0.40 
2013,09,25,21:00,749,215,11,1120,7,16,3,12,4,4,749,9,18,0.50 
2013,09,24,23:30,749,841,12,1120,13,16,6,9,7,7,749,17,24,0.69 
2013,09,24,22:00,49,749,9,1120,16,12,10,5,6,7,749,18,20,0.96 
2013,09,24,20:00,749,1323,13,1120,16,9,12,3,4,6,749,22,15,1.27 
2013,09,23,20:15,749,210,12,1120,10,16,5,10,5,6,749,13,20,0.65 
2013,09,20,22:00,844,749,9,1120,16,4,11,4,5,0,749,7,17,0.53 
2013,09,19,22:00,749,1312,9,1120,10,16,5,10,5,6,749,11,22,0.59 
2013,09,16,20:00,287,749,9,1120,16,13,8,7,8,6,749,15,18,0.82 
2013,09,16,19:00,1106,749,9,1120,16,12,5,10,11,2,749,14,20,0.75 
2013,09,11,20:00,749,1360,9,1120,16,13,7,8,9,5,749,13,20,0.73 
2013,08,26,22:18,698,749,12,1120,14,16,9,6,5,10,749,14,22,0.68 
2013,08,26,21:00,1280,749,9,1120,15,15,9,6,6,9,749,17,19,0.93 
2013,06,24,22:00,250,749,9,1138,16,4,11,4,5,0,749,11,15,0.72 
2013,06,24,18:00,749,210,13,1138,4,16,1,14,3,2,749,13,17,0.81 
2013,06,20,22:00,749,1093,9,1138,16,12,5,10,11,2,749,20,15,1.05 
2013,06,20,20:00,705,749,12,1138,15,15,8,7,7,8,749,16,24,0.67 
2013,06,12,21:00,749,215,12,1138,4,16,2,13,2,3,749,9,17,0.53 
2013,06,11,21:00,287,749,9,1138,16,14,7,8,9,6,749,17,21,0.80 
2013,06,10,20:00,749,1312,9,1138,10,16,6,9,4,7,749,13,18,0.76 
2013,06,06,21:00,749,49,9,1138,7,16,4,11,3,5,749,11,17,0.81 
2013,06,05,21:00,749,1391,9,1138,15,15,7,8,8,7,749,15,21,0.72 
2013,05,30,22:00,841,749,9,1138,16,7,9,6,7,1,749,10,22,0.47 
2013,05,30,20:00,1323,749,13,1138,15,15,8,7,7,8,749,25,18,1.26 
2013,05,20,21:00,749,1397,9,1138,16,5,10,5,6,0,749,22,8,1.68 
2013,05,14,22:00,8,749,13,1138,16,4,11,4,5,0,749,7,19,0.39 
