2016,06,12,13:00,34,362,0,552,16,14,12,3,4,11,362,28,22,1.25 
2016,06,11,19:20,258,362,14,552,16,4,12,3,4,1,362,9,18,0.54 
2016,06,10,14:20,362,286,14,552,16,14,10,5,6,9,362,20,19,1.05 
2016,06,09,14:20,59,362,14,552,16,9,9,6,7,3,362,18,20,0.95 
2016,04,29,11:00,312,362,14,590,16,8,9,6,7,2,362,11,21,0.56 
2016,04,29,11:00,312,362,2,590,12,16,4,11,8,5,362,24,20,1.07 
2016,04,29,11:00,312,362,0,590,16,3,12,3,4,0,362,9,19,0.43 
2016,04,28,13:45,8,362,4,590,16,11,11,4,5,7,362,10,23,0.45 
2016,04,28,13:45,8,362,14,590,11,16,5,10,6,6,362,18,20,0.90 
2016,04,28,13:45,8,362,0,590,16,14,10,5,6,9,362,24,22,1.12 
2016,04,27,03:30,362,303,14,598,4,16,1,14,3,2,362,9,16,0.60 
2016,04,27,02:00,303,362,0,598,14,16,5,10,9,6,362,24,18,1.32 
2016,04,25,01:15,257,362,4,598,16,5,14,1,2,4,362,11,18,0.66 
2016,04,25,00:00,257,362,14,598,16,7,10,5,6,2,362,15,19,0.81 
2016,04,22,03:15,291,362,2,598,13,16,5,10,8,6,362,20,21,0.96 
2016,04,22,02:00,291,362,14,598,8,16,3,12,5,4,362,23,19,1.19 
2016,04,21,03:00,362,366,2,598,10,16,7,8,3,8,362,17,19,0.90 
2016,04,21,02:00,366,362,4,598,11,16,4,11,7,5,362,19,17,1.04 
2016,04,13,04:30,362,447,14,590,16,6,9,6,7,0,362,26,14,1.49 
2016,04,13,04:30,447,362,2,590,13,16,6,9,7,7,362,13,22,0.61 
2016,04,09,01:00,362,38,1,614,11,16,8,7,3,9,362,17,18,0.91 
2016,04,09,01:00,38,362,14,614,10,16,5,10,5,6,362,13,16,0.93 
2016,04,09,01:00,362,38,6,614,12,16,4,11,8,5,362,20,20,1.02 
2016,04,09,01:00,38,362,7,614,16,11,8,7,8,4,362,7,25,0.30 
2016,04,09,01:00,38,362,2,614,10,16,7,8,3,8,362,12,17,0.74 
2016,03,30,19:00,362,285,6,615,3,16,3,12,0,4,362,5,17,0.31 
2016,03,29,21:00,362,210,2,615,5,16,2,13,3,3,362,8,19,0.42 
2016,03,23,05:00,286,362,6,598,16,6,11,4,5,2,362,13,21,0.66 
2016,03,23,04:00,362,286,2,598,4,16,3,12,1,4,362,20,17,1.28 
2016,03,21,05:30,362,70,6,598,8,16,6,9,2,7,362,20,21,0.92 
2016,03,21,04:45,362,70,2,598,11,16,8,7,3,9,362,23,22,1.06 
2016,03,20,05:30,69,362,7,598,16,11,8,7,8,4,362,19,21,1.03 
2016,03,20,04:45,69,362,6,598,16,5,13,2,3,3,362,14,18,0.78 
2016,03,16,05:00,362,116,2,598,14,16,7,8,7,8,362,26,27,1.02 
2016,03,16,04:00,116,362,4,598,7,16,5,10,2,6,362,17,14,1.11 
2016,03,11,05:00,101,362,6,590,16,1,14,1,2,0,362,5,16,0.33 
2016,03,11,05:00,101,362,4,590,16,7,12,3,4,4,362,10,19,0.63 
2016,03,09,06:00,101,362,6,598,6,16,5,10,1,6,362,18,15,1.23 
2016,03,09,05:00,101,362,1,598,12,16,7,8,5,8,362,16,18,0.85 
2016,02,27,20:40,362,642,0,639,16,7,11,4,5,3,362,13,18,0.73 
2016,02,27,02:50,291,362,7,639,14,16,9,6,5,10,362,20,23,0.88 
2016,02,24,04:00,279,362,0,598,16,3,12,3,4,0,362,12,17,0.86 
2016,02,24,03:00,279,362,7,598,2,16,2,13,0,3,362,16,5,1.43 
2016,02,21,20:00,366,362,6,647,16,5,10,5,6,0,362,12,17,0.69 
2016,02,21,20:00,366,362,0,647,16,13,10,5,6,8,362,16,22,0.74 
2016,02,19,05:00,101,362,6,590,16,12,6,9,10,3,362,26,19,1.33 
2016,02,19,05:00,101,362,4,590,16,10,6,9,10,1,362,17,21,0.77 
2016,02,17,05:00,312,362,14,598,16,6,12,3,4,3,362,11,18,0.62 
2016,02,17,04:00,362,312,7,598,4,16,4,11,0,5,362,13,19,0.76 
2016,01,24,19:00,702,362,1,662,16,9,10,5,6,4,362,9,21,0.48 
2016,01,24,19:00,702,362,7,662,16,12,10,5,6,7,362,20,22,0.88 
2016,01,17,21:00,362,682,6,670,9,16,7,8,2,8,362,21,19,1.22 
2016,01,17,21:00,682,362,7,670,16,7,10,5,6,2,362,11,21,0.60 
2016,01,17,18:00,312,362,0,670,8,16,6,9,2,7,362,22,18,1.19 
2016,01,17,18:00,362,312,7,670,5,16,2,13,3,3,362,18,18,1.14 
2016,01,17,18:00,362,312,14,670,19,17,9,6,6,9,362,29,27,1.30 
2016,01,16,21:00,707,362,7,670,2,16,2,13,0,3,362,21,10,1.72 
2016,01,16,21:00,707,362,1,670,12,16,7,8,5,8,362,26,21,1.33 
2016,01,16,01:30,709,362,7,670,14,16,4,11,10,5,362,18,24,0.72 
2016,01,16,00:00,707,362,1,670,16,14,7,8,9,6,362,17,21,0.80 
2015,12,18,04:00,746,738,6,692,7,16,6,9,1,7,746,16,19,0.82 
2015,12,18,04:00,738,746,7,692,16,13,6,9,10,4,746,18,24,0.74 
2015,12,17,01:00,303,746,7,692,5,16,4,11,1,5,746,19,15,1.38 
2015,12,17,01:00,303,746,1,692,8,16,7,8,1,8,746,24,13,1.55 
2015,12,06,00:00,805,334,14,715,8,16,5,10,3,6,805,16,20,0.86 
2015,12,05,22:00,805,796,1,715,14,16,4,11,10,5,805,14,20,0.78 
2015,12,05,20:00,291,805,2,715,16,1,14,1,2,0,805,6,16,0.48 
2015,11,20,04:15,70,805,2,696,16,13,8,7,8,6,805,27,21,1.20 
2015,11,20,04:15,70,805,14,696,16,3,12,3,4,0,805,10,16,0.60 
2015,11,20,03:00,279,805,1,740,7,16,6,9,1,7,805,16,14,1.10 
2015,11,20,02:00,805,738,0,740,11,16,4,11,7,5,805,12,19,0.63 
2015,11,12,05:10,682,805,7,740,22,18,7,8,8,7,805,26,29,0.88 
2015,11,12,02:00,334,805,14,696,16,8,11,4,5,4,805,13,22,0.64 
2015,11,12,02:00,805,334,2,696,5,16,1,14,4,2,805,8,21,0.35 
2015,11,12,02:00,334,805,1,696,7,16,5,10,2,6,805,27,12,1.75 
2015,11,11,04:30,805,496,6,696,12,16,10,5,2,11,805,18,23,0.89 
2015,11,11,04:30,496,805,7,696,19,17,5,10,10,5,805,17,27,0.65 
2015,11,11,03:15,303,805,14,740,16,14,5,10,11,4,805,13,28,0.47 
2015,11,11,02:30,291,805,14,740,13,16,10,5,3,11,805,33,20,1.68 
2015,11,05,04:15,70,805,6,740,16,4,12,3,4,1,805,15,19,0.75 
2015,11,04,03:00,805,257,2,740,16,12,8,7,8,5,805,22,21,1.05 
2015,10,22,04:00,257,805,14,740,16,6,11,4,5,2,805,18,16,1.06 
2015,10,22,03:00,279,805,0,740,19,16,6,9,9,6,805,23,28,0.89 
2015,10,19,05:00,805,496,0,740,16,13,4,11,12,2,805,24,21,1.16 
2015,10,19,02:15,805,362,1,740,1,16,0,15,1,1,805,11,15,0.70 
2015,10,18,03:00,805,362,2,740,16,10,7,8,9,2,805,22,18,1.20 
2015,10,18,00:00,496,805,2,740,16,1,14,1,2,0,805,7,16,0.46 
2015,10,16,03:00,805,291,4,740,16,13,6,9,10,4,805,21,21,1.03 
2015,10,15,05:00,805,738,1,740,16,10,6,9,10,1,805,19,14,1.08 
2015,10,15,04:00,805,303,7,740,14,16,6,9,8,7,805,14,22,0.72 
2015,10,07,02:30,805,362,14,783,16,8,8,7,8,1,805,26,15,1.48 
2015,10,07,02:30,362,805,2,783,19,15,8,7,7,8,805,28,25,1.06 
2015,10,01,05:00,805,682,4,740,16,7,10,5,6,2,805,23,16,1.51 
2015,10,01,02:30,291,805,7,783,16,1,14,1,2,0,805,3,16,0.20 
2015,10,01,02:30,805,291,14,783,8,16,3,12,5,4,805,13,17,0.76 
2015,09,30,04:15,805,496,0,783,6,16,4,11,2,5,805,24,22,1.25 
2015,09,30,04:15,496,805,2,783,16,12,10,5,6,7,805,16,23,0.77 
2015,09,30,03:00,805,116,0,740,17,19,5,10,10,5,805,24,25,0.90 
2015,09,25,04:15,70,805,6,725,16,4,12,3,4,1,805,11,19,0.59 
2015,09,24,04:00,910,805,1,725,16,5,10,5,6,0,805,6,20,0.31 
2015,09,23,05:00,933,805,6,740,16,11,11,4,5,7,805,28,18,1.48 
2015,09,23,04:00,805,70,7,740,6,16,3,12,3,4,805,4,21,0.19 
2015,09,18,04:00,805,303,14,783,13,16,7,8,6,8,805,15,23,0.70 
2015,09,18,04:00,303,805,2,783,22,18,5,10,10,5,805,23,32,0.69 
2015,09,18,03:00,805,116,6,740,16,7,11,4,5,3,805,30,15,1.90 
2015,09,17,05:00,805,436,14,725,8,16,5,10,3,6,805,16,17,0.96 
2015,09,13,04:00,303,805,2,819,16,14,8,7,8,7,805,21,22,1.02 
2015,09,13,04:00,805,303,7,819,6,16,3,12,3,4,805,13,17,0.76 
2015,09,12,02:00,116,805,1,766,16,8,8,7,8,1,805,13,21,0.63 
2015,09,12,02:00,116,805,2,766,16,13,10,5,6,8,805,16,18,0.99 
2015,09,10,02:30,984,805,1,783,16,7,9,6,7,1,805,13,20,0.70 
2015,09,10,02:30,805,984,0,783,22,18,4,11,11,4,805,36,29,1.32 
2015,09,07,03:00,805,70,6,827,7,16,4,11,3,5,805,14,18,0.74 
2015,09,07,03:00,805,70,4,827,6,16,3,12,3,4,805,11,19,0.58 
2015,09,07,03:00,70,805,2,827,10,16,4,11,6,5,805,23,19,1.14 
2015,09,07,00:10,702,805,1,827,3,16,2,13,1,3,805,23,8,1.85 
2015,09,07,00:10,702,805,2,827,5,16,5,10,0,6,805,12,12,0.88 
2015,09,07,00:10,805,702,6,827,14,16,8,7,6,9,805,17,25,0.78 
2015,09,06,19:15,496,805,1,827,7,16,4,11,3,5,805,25,13,1.62 
2015,09,06,19:15,805,496,2,827,16,12,13,2,3,10,805,20,19,1.15 
2015,09,06,04:30,805,70,14,827,13,16,12,3,1,13,805,15,24,0.59 
2015,09,06,04:30,70,805,7,827,16,11,12,3,4,8,805,16,21,0.78 
2015,09,06,01:30,334,805,1,827,11,16,10,5,1,11,805,18,18,1.02 
2015,09,06,01:30,805,334,14,827,19,15,10,5,5,10,805,34,24,1.37 
2015,09,05,06:00,682,805,1,827,7,16,6,9,1,7,805,20,12,1.52 
2015,09,05,05:30,510,805,1,827,9,16,9,6,0,10,805,13,13,0.92 
2015,09,01,02:30,805,70,0,783,10,16,9,6,1,10,805,15,20,0.83 
2015,09,01,02:30,70,805,14,783,16,8,10,5,6,3,805,16,20,0.84 
2015,08,27,04:15,979,805,0,783,12,16,6,9,6,7,805,27,20,1.23 
2015,08,27,04:15,979,805,1,783,20,22,5,10,10,5,805,31,25,1.10 
2015,08,26,04:15,738,805,7,783,16,11,5,10,11,1,805,18,21,0.89 
2015,08,26,04:15,805,738,0,783,16,10,10,5,6,5,805,13,22,0.59 
2015,08,20,10:42,805,1028,7,783,16,11,8,7,8,4,805,13,17,0.79 
2015,08,20,04:15,1028,805,1,783,10,16,9,6,1,10,805,18,13,1.10 
2015,08,19,02:00,682,805,6,783,16,10,9,6,7,4,805,13,19,0.70 
2015,08,19,02:00,682,805,1,783,14,16,8,7,6,9,805,21,20,1.09 
2015,08,17,04:15,805,1027,7,783,4,16,4,11,0,5,805,11,17,0.73 
2015,08,17,04:15,1027,805,4,783,16,5,13,2,3,3,805,11,17,0.68 
2015,08,09,01:00,805,496,6,865,6,16,4,11,2,5,805,7,18,0.41 
2015,08,09,01:00,805,496,2,865,14,16,12,3,2,13,805,24,20,1.15 
2015,08,09,01:00,496,805,14,865,10,16,10,5,0,11,805,20,14,1.24 
2015,06,25,02:00,1056,1035,14,883,16,14,8,7,8,7,1056,22,23,0.96 
2015,06,25,02:00,1056,1035,1,883,16,10,7,8,9,2,1056,21,17,1.15 
2015,06,23,03:30,291,1056,0,888,16,11,12,3,4,8,1056,15,20,0.98 
2015,06,22,03:15,1057,1056,1,888,16,12,6,9,10,3,1056,23,20,1.21 
2015,06,22,02:15,303,1056,4,888,16,11,9,6,7,5,1056,17,21,0.84 
2015,06,18,03:00,257,1056,2,888,16,8,9,6,7,2,1056,12,20,0.60 
2015,06,17,02:00,1056,496,6,888,16,14,7,8,9,6,1056,18,22,0.78 
2015,06,10,05:00,404,1056,1,888,16,12,11,4,5,8,1056,18,25,0.69 
2015,06,09,03:00,334,1056,7,888,2,16,2,13,0,3,1056,17,10,1.51 
2015,06,04,02:00,70,1056,1,888,16,5,11,4,5,1,1056,10,18,0.54 
2015,06,02,04:15,404,1056,1,905,16,13,6,9,10,4,1056,24,24,1.15 
2015,06,02,04:15,404,1056,7,905,16,6,10,5,6,1,1056,12,18,0.79 
2015,06,02,02:00,70,1056,1,883,16,6,13,2,3,4,1056,11,19,0.63 
2015,06,02,02:00,70,1056,0,883,16,5,11,4,5,1,1056,11,18,0.72 
2015,06,01,05:00,1056,1035,6,888,16,10,13,2,3,8,1056,21,18,1.17 
2015,05,29,05:00,1056,496,7,888,16,12,10,5,6,7,1056,24,17,1.33 
2015,05,28,04:15,1056,1027,0,883,21,25,9,6,6,9,1056,44,33,1.33 
2015,05,28,04:15,1027,1056,1,883,10,16,2,13,8,3,1056,23,18,1.26 
2015,05,28,02:00,257,1056,4,888,16,9,11,4,5,5,1056,20,19,1.12 
2015,05,27,05:00,1056,1035,2,888,17,19,11,4,4,11,1056,27,26,0.95 
2015,05,26,05:00,747,1056,1,905,14,16,8,7,6,9,1056,23,17,1.20 
2015,05,26,05:00,747,1056,7,905,11,16,7,8,4,8,1056,12,15,0.76 
2015,05,24,04:00,1023,1056,0,888,6,16,3,12,3,4,1056,25,15,1.58 
2015,05,24,03:00,1056,1023,14,888,16,0,15,0,1,0,1056,16,8,1.50 
2015,05,21,05:00,303,1056,6,888,13,16,11,4,2,12,1056,25,21,1.17 
2015,05,21,04:00,1056,424,0,888,16,9,9,6,7,3,1056,26,14,1.47 
2015,05,20,04:15,1056,1057,14,883,16,10,8,7,8,3,1056,24,15,1.36 
2015,05,20,04:15,1057,1056,7,883,12,16,10,5,2,11,1056,15,16,0.88 
2015,05,19,04:15,1056,334,14,888,10,16,8,7,2,9,1056,15,21,0.82 
2015,05,18,02:00,291,1056,7,883,14,16,7,8,7,8,1056,11,18,0.69 
2015,05,18,02:00,291,1056,1,883,14,16,2,13,12,3,1056,17,20,0.88 
2015,05,15,04:15,334,1056,7,883,17,19,9,6,6,9,1056,25,28,0.92 
2015,05,15,04:15,334,1056,1,883,6,16,2,13,4,3,1056,28,12,1.88 
2015,05,14,05:00,404,1056,7,888,16,8,10,5,6,3,1056,16,18,0.95 
2015,05,08,04:00,1088,70,4,888,9,16,5,10,4,6,1088,10,20,0.59 
2015,05,06,04:00,291,1088,6,888,16,9,11,4,5,5,1088,14,19,0.73 
2015,05,05,04:15,760,1056,0,883,16,10,7,8,9,2,1056,20,21,0.96 
2015,05,05,04:15,1056,760,7,883,16,6,10,5,6,1,1056,12,15,0.72 
2015,05,01,02:00,257,70,6,883,3,16,3,12,0,4,70,22,10,1.81 
2015,05,01,02:00,70,257,7,883,12,16,8,7,4,9,70,25,21,1.24 
2015,03,20,03:15,291,984,0,935,16,13,8,7,8,6,984,22,24,0.91 
2015,02,20,05:35,984,759,4,935,13,16,5,10,8,6,984,15,22,0.73 
2014,08,26,03:00,1212,1197,7,1038,3,16,3,12,0,4,1212,10,19,0.53 
