2016,08,08,13:00,150,105,1,478,9,16,8,7,1,9,150,15,22,0.65 
2016,08,08,13:00,150,105,0,478,7,16,4,11,3,5,150,9,17,0.59 
2016,08,02,13:00,35,150,14,482,16,4,13,2,3,2,150,10,17,0.60 
2016,08,02,13:00,35,150,1,482,16,12,5,10,11,2,150,21,20,1.11 
2016,08,02,13:00,35,150,7,482,2,16,2,13,0,3,150,17,7,1.61 
2016,07,28,15:00,62,150,7,504,7,16,5,10,2,6,150,30,13,1.92 
2016,07,28,15:00,62,150,14,504,9,16,5,10,4,6,150,18,13,1.13 
2016,07,28,15:00,150,62,0,504,14,16,6,9,8,7,150,25,23,1.08 
2016,07,26,12:00,35,150,7,504,16,6,12,3,4,3,150,12,20,0.64 
2016,07,26,12:00,35,150,2,504,10,16,9,6,1,10,150,26,18,1.33 
2016,07,26,12:00,35,150,14,504,16,11,6,9,10,2,150,24,22,1.19 
2016,07,24,12:00,150,164,14,504,19,17,6,9,9,6,150,24,24,0.99 
2016,07,24,12:00,150,164,1,504,13,16,8,7,5,9,150,20,20,1.01 
2016,07,24,12:00,150,164,0,504,16,7,9,6,7,1,150,24,14,1.57 
2016,07,14,11:00,266,294,7,517,16,9,10,5,6,4,294,20,21,1.08 
2016,07,14,11:00,266,294,1,517,2,16,1,14,1,2,294,16,10,1.23 
2016,07,14,11:00,266,294,14,517,16,10,9,6,7,4,294,10,22,0.54 
2016,07,13,14:30,295,294,7,517,15,19,5,10,10,5,294,31,27,1.24 
2016,07,13,14:30,295,294,1,517,9,16,4,11,5,5,294,25,21,1.27 
2016,07,13,14:30,294,295,0,517,8,16,5,10,3,6,294,23,20,1.25 
2016,07,13,12:15,293,294,14,517,16,10,11,4,5,6,294,19,21,1.10 
2016,07,13,11:00,295,294,1,517,12,16,6,9,6,7,294,25,20,1.23 
2016,05,20,12:30,61,150,1,571,12,16,5,10,7,6,150,23,22,1.19 
2016,05,20,12:30,61,150,0,571,7,16,4,11,3,5,150,19,15,1.25 
2016,05,18,07:35,150,429,4,571,10,16,9,6,1,10,150,15,20,0.76 
2016,05,18,07:35,429,150,7,571,16,11,6,9,10,2,150,25,20,1.33 
2016,05,05,12:50,150,35,7,584,13,16,5,10,8,6,150,31,23,1.46 
2016,05,05,12:50,150,35,2,584,12,16,8,7,4,9,150,22,18,1.13 
2016,05,05,06:15,429,150,4,584,21,16,8,7,7,8,150,19,31,0.62 
2016,05,05,06:15,429,150,7,584,21,18,7,8,8,7,150,39,26,1.39 
2016,05,05,06:15,429,150,1,584,7,16,5,10,2,6,150,27,17,1.67 
2016,05,05,03:30,164,150,7,584,5,16,2,13,3,3,150,19,15,1.40 
2016,04,23,13:00,256,150,7,602,6,16,3,12,3,4,150,29,13,1.83 
2016,04,23,13:00,256,150,1,602,10,16,2,13,8,3,150,25,17,1.44 
2016,04,22,14:15,150,61,0,602,16,11,6,9,10,2,150,26,19,1.39 
2016,04,22,14:15,61,150,7,602,10,16,7,8,3,8,150,30,16,1.68 
2016,04,20,14:30,483,150,7,602,10,16,8,7,2,9,150,25,16,1.34 
2016,04,20,13:10,191,150,1,602,14,16,8,7,6,9,150,30,23,1.37 
2016,04,17,16:10,62,150,6,607,3,16,3,12,0,4,150,14,12,1.01 
2016,04,17,16:10,62,150,7,607,5,16,5,10,0,6,150,27,12,1.95 
2016,03,13,09:00,61,150,1,633,16,12,9,6,7,6,150,27,19,1.40 
2016,03,13,09:00,61,150,14,633,5,16,4,11,1,5,150,22,11,1.60 
2016,03,13,09:00,61,150,0,633,16,8,8,7,8,1,150,19,22,0.97 
2016,03,13,06:40,615,150,1,633,3,16,0,15,3,1,150,16,14,1.10 
2016,03,13,06:40,615,150,0,633,5,16,4,11,1,5,150,18,12,1.20 
2016,03,02,21:20,215,150,14,637,16,6,9,6,7,0,150,12,20,0.58 
2016,03,02,20:30,210,150,7,637,16,4,13,2,3,2,150,8,18,0.50 
2016,03,02,18:40,70,150,6,637,16,6,12,3,4,3,150,10,19,0.57 
2016,03,02,17:00,150,250,0,637,5,16,2,13,3,3,150,18,19,1.04 
2016,03,02,14:40,214,150,1,637,16,7,10,5,6,2,150,10,22,0.45 
2016,02,01,06:30,150,286,6,663,16,2,13,2,3,0,150,24,10,1.90 
2016,02,01,06:30,150,286,14,663,16,9,8,7,8,2,150,13,15,0.88 
2016,01,31,04:00,150,3,14,663,16,9,9,6,7,3,150,27,11,1.82 
2016,01,31,04:00,3,150,1,663,10,16,7,8,3,8,150,26,17,1.43 
2016,01,31,04:00,3,150,6,663,16,13,12,3,4,10,150,17,22,0.91 
2016,01,30,05:10,286,150,7,663,13,16,4,11,9,5,150,30,19,1.51 
2016,01,09,11:00,150,501,6,680,4,16,4,11,0,5,150,11,18,0.60 
2016,01,09,11:00,501,150,7,680,16,14,4,11,12,3,150,30,25,1.22 
2016,01,09,06:00,150,34,14,680,14,16,5,10,9,6,150,33,23,1.59 
2016,01,09,06:00,150,34,0,680,4,16,4,11,0,5,150,12,18,0.76 
2016,01,09,06:00,150,34,1,680,16,11,5,10,11,1,150,20,16,1.04 
2015,12,18,13:00,65,150,6,691,15,19,7,8,8,7,150,24,20,1.10 
2015,12,18,13:00,150,65,14,691,16,8,10,5,6,3,150,17,12,1.10 
2015,12,13,12:00,150,767,6,707,16,1,14,1,2,0,150,16,9,1.38 
2015,12,13,12:00,150,767,1,707,16,1,15,0,1,1,150,15,9,1.46 
2015,12,12,13:40,173,150,0,707,14,16,9,6,5,10,150,25,22,1.13 
2015,12,12,13:40,150,173,6,707,13,16,3,12,10,4,150,23,20,1.12 
2015,12,11,12:00,778,150,1,707,2,16,2,13,0,3,150,24,11,2.01 
2015,12,11,12:00,150,778,6,707,16,3,12,3,4,0,150,21,9,1.66 
2015,12,10,14:05,762,150,1,707,9,16,8,7,1,9,150,16,16,0.99 
2015,12,10,14:05,762,150,0,707,9,16,7,8,2,8,150,28,16,1.69 
2015,12,09,16:00,150,643,0,691,16,8,10,5,6,3,150,29,12,1.78 
2015,12,09,13:00,483,150,1,691,16,14,7,8,9,6,150,19,24,0.83 
2015,12,07,13:00,643,150,6,691,3,16,3,12,0,4,150,25,11,1.81 
2015,12,04,12:00,34,150,2,707,16,3,12,3,4,0,150,11,17,0.69 
2015,12,04,12:00,150,34,6,707,6,16,2,13,4,3,150,27,17,1.95 
2015,12,03,13:00,697,150,7,711,16,13,9,6,7,7,150,23,19,1.22 
2015,12,03,13:00,697,150,6,711,16,11,9,6,7,5,150,13,17,0.77 
2015,11,28,12:00,150,179,0,707,16,12,7,8,9,4,150,32,15,1.79 
2015,11,28,12:00,150,179,6,707,16,8,11,4,5,4,150,36,14,2.39 
2015,11,27,12:00,483,150,1,707,16,9,11,4,5,5,150,15,22,0.78 
2015,11,27,12:00,483,150,7,707,16,5,13,2,3,3,150,15,17,0.95 
2015,11,21,11:00,150,34,6,691,8,16,5,10,3,6,150,17,21,0.84 
2015,11,21,11:00,34,150,7,691,16,5,13,2,3,3,150,15,19,0.87 
2015,11,14,11:00,150,164,0,691,16,10,9,6,7,4,150,23,15,1.26 
2015,11,14,11:00,150,164,7,691,19,16,7,8,8,7,150,24,27,0.91 
2015,11,08,12:00,150,256,1,691,16,3,12,3,4,0,150,26,8,2.13 
2015,11,08,11:00,150,752,7,691,16,2,13,2,3,0,150,27,8,2.29 
2015,11,07,12:00,150,256,0,691,8,16,2,13,6,3,150,13,17,0.71 
2015,10,16,17:20,150,889,7,642,16,4,11,4,5,0,150,30,10,2.33 
2015,10,16,14:45,150,164,6,642,16,3,13,2,3,1,150,25,9,1.93 
2015,10,05,14:30,256,150,2,642,16,9,8,7,8,2,150,18,21,0.96 
2015,10,05,14:30,150,256,0,642,6,16,5,10,1,6,150,15,19,0.89 
2015,10,05,14:30,256,150,1,642,16,8,7,8,9,0,150,22,19,1.25 
2015,10,05,14:30,150,256,7,642,16,6,11,4,5,2,150,20,17,1.23 
2015,10,05,14:30,256,150,6,642,23,25,9,6,6,9,150,42,32,1.16 
2015,10,04,13:30,34,150,6,642,11,16,6,9,5,7,150,27,16,1.49 
2015,10,04,13:30,150,34,7,642,22,20,9,6,6,9,150,26,31,0.94 
2015,10,02,15:30,150,752,14,642,16,3,12,3,4,0,150,21,12,1.56 
2015,10,02,15:30,752,150,6,642,6,16,4,11,2,5,150,23,14,1.51 
2015,10,01,17:00,864,865,7,570,16,2,13,2,3,0,864,17,9,1.39 
2015,10,01,17:00,865,864,1,570,12,16,5,10,7,6,864,16,20,0.75 
2015,09,11,18:00,150,149,1,642,16,14,8,7,8,7,150,29,18,1.46 
2015,09,11,13:15,150,106,0,642,16,9,12,3,4,6,150,29,17,1.74 
2015,07,18,16:45,149,1046,6,873,16,7,13,2,3,5,1046,21,18,1.17 
2015,07,18,11:30,286,1046,6,873,16,0,15,0,1,0,1046,8,16,0.49 
