2016,07,24,12:00,247,64,7,505,5,16,5,10,0,6,247,11,19,0.65 
2016,07,24,12:00,64,247,0,505,16,2,13,2,3,0,247,1,17,0.09 
2016,07,19,12:00,247,238,0,505,11,16,9,6,2,10,247,11,23,0.50 
2016,07,19,12:00,238,247,14,505,16,2,13,2,3,0,247,6,18,0.31 
2016,07,19,12:00,238,247,7,505,13,16,6,9,7,7,247,24,18,1.16 
2016,07,17,12:00,229,247,7,505,8,16,7,8,1,8,247,13,12,0.98 
2016,07,17,12:00,229,247,2,505,16,9,11,4,5,5,247,9,18,0.58 
2016,07,17,12:00,229,247,1,505,13,16,5,10,8,6,247,21,16,1.13 
2016,07,10,12:00,247,36,0,505,9,16,3,12,6,4,247,14,19,0.90 
2016,07,10,12:00,36,247,7,505,16,5,12,3,4,2,247,9,21,0.39 
2016,07,05,12:00,247,4,7,505,9,16,3,12,6,4,247,14,18,0.84 
2016,07,05,12:00,4,247,5,505,16,3,12,3,4,0,247,5,17,0.31 
2016,04,27,03:00,257,471,1,598,16,4,14,1,2,3,471,8,18,0.44 
2016,04,27,02:00,257,471,2,598,16,9,13,2,3,7,471,18,20,0.93 
2016,04,24,01:00,471,303,14,598,1,16,0,15,1,1,471,6,15,0.42 
2016,04,24,00:00,471,303,1,598,1,16,1,14,0,2,471,6,15,0.42 
2016,04,22,05:00,279,471,7,598,16,6,12,3,4,3,471,18,19,1.24 
2016,04,22,04:00,279,471,6,598,16,7,10,5,6,2,471,17,18,0.95 
2016,04,21,05:00,291,471,1,598,16,10,8,7,8,3,471,18,18,0.92 
2016,04,21,04:00,471,291,4,598,6,16,4,11,2,5,471,14,17,1.06 
2016,04,12,04:15,436,471,2,590,16,5,10,5,6,0,471,14,17,1.04 
2016,04,12,04:15,436,471,14,590,16,10,9,6,7,4,471,21,21,0.97 
2016,04,08,01:15,471,38,1,614,14,16,9,6,5,10,471,16,23,0.71 
2016,04,08,01:15,38,471,0,614,16,12,9,6,7,6,471,21,22,0.90 
2016,04,07,06:15,499,471,4,614,16,9,10,5,6,4,471,10,23,0.45 
2016,04,07,06:15,471,499,7,614,6,16,5,10,1,6,471,11,19,0.61 
2016,04,07,03:30,116,471,4,598,8,16,4,11,4,5,471,15,11,1.09 
2016,04,07,02:00,471,116,0,598,18,22,4,11,11,4,471,29,34,0.86 
2016,03,25,04:00,471,499,6,622,13,16,9,6,4,10,471,11,20,0.61 
2016,03,25,04:00,499,471,7,622,16,5,10,5,6,0,471,10,18,0.54 
2016,03,25,04:00,499,471,4,622,12,16,7,8,5,8,471,21,19,1.01 
2016,03,24,03:30,70,471,0,598,16,5,12,3,4,2,471,6,20,0.31 
2016,03,24,02:00,70,471,4,598,16,13,11,4,5,9,471,20,21,0.98 
2016,03,18,04:00,471,291,1,590,12,16,6,9,6,7,471,17,22,0.79 
2016,03,18,04:00,291,471,14,590,16,8,12,3,4,5,471,10,22,0.42 
2016,03,14,03:05,286,101,14,598,16,12,7,8,9,4,101,14,21,0.73 
2016,03,14,02:00,101,286,6,598,6,16,5,10,1,6,101,10,17,0.64 
2016,03,13,02:00,366,101,1,598,16,14,4,11,12,3,101,20,21,0.96 
2016,03,13,01:00,101,366,14,598,10,16,7,8,3,8,101,18,21,0.91 
2016,03,11,05:00,101,362,6,590,16,1,14,1,2,0,101,17,9,1.46 
2016,03,11,05:00,101,362,4,590,16,7,12,3,4,4,101,14,19,0.78 
2016,03,10,06:00,101,536,0,622,16,3,14,1,2,2,101,12,9,1.08 
2016,03,09,06:00,101,362,6,598,6,16,5,10,1,6,101,4,21,0.19 
2016,03,09,05:00,101,362,1,598,12,16,7,8,5,8,101,15,21,0.73 
2016,02,25,03:00,101,312,6,590,7,16,3,12,4,4,101,12,18,0.69 
2016,02,25,03:00,312,101,0,590,16,6,10,5,6,1,101,10,19,0.60 
2016,02,24,06:00,69,101,4,598,16,11,9,6,7,5,101,17,25,0.65 
2016,02,24,05:15,101,69,0,598,11,16,10,5,1,11,101,15,19,0.75 
2016,02,21,23:15,291,101,4,647,16,3,12,3,4,0,101,14,17,0.85 
2016,02,21,23:15,291,101,14,647,16,12,6,9,10,3,101,17,21,0.79 
2016,02,21,20:55,69,101,7,647,3,16,2,13,1,3,101,22,11,1.59 
2016,02,21,20:55,69,101,4,647,10,16,6,9,4,7,101,19,15,1.11 
2016,02,19,05:00,101,362,6,590,16,12,6,9,10,3,101,13,22,0.69 
2016,02,19,05:00,101,362,4,590,16,10,6,9,10,1,101,18,16,1.09 
2016,02,10,05:00,312,101,7,598,16,11,8,7,8,4,101,20,20,0.96 
2016,02,10,04:00,101,312,2,598,10,16,4,11,6,5,101,16,18,0.92 
2015,12,15,03:00,759,760,0,703,16,8,9,6,7,2,759,16,14,1.04 
2015,12,15,03:00,760,759,4,703,15,19,8,7,7,8,759,26,21,1.17 
2015,11,26,04:30,759,279,14,696,7,16,4,11,3,5,759,22,20,1.31 
2015,11,26,04:30,279,759,4,696,16,12,9,6,7,6,759,23,21,0.97 
2015,11,25,04:30,447,759,6,696,8,16,6,9,2,7,759,19,12,1.31 
2015,11,25,04:30,447,759,0,696,7,16,3,12,4,4,759,27,11,1.81 
2015,11,25,04:30,447,759,4,696,22,18,7,8,8,7,759,23,28,0.87 
2015,11,18,02:00,759,439,2,744,11,16,7,8,4,8,759,19,22,0.80 
2015,11,17,21:20,303,759,4,744,16,10,10,5,6,5,759,17,19,0.92 
2015,11,17,19:00,702,759,1,744,16,5,11,4,5,1,759,8,19,0.42 
2015,11,13,03:00,496,759,7,740,16,12,9,6,7,6,759,25,22,1.17 
2015,11,13,02:00,759,738,7,740,8,16,2,13,6,3,759,13,20,0.66 
2015,11,06,04:00,291,759,1,740,16,11,8,7,8,4,759,14,20,0.80 
2015,11,06,03:00,759,496,4,740,16,13,6,9,10,4,759,22,18,1.12 
2015,11,04,03:00,738,759,2,740,16,3,13,2,3,1,759,13,18,0.95 
2015,10,28,03:00,116,759,4,696,16,4,12,3,4,1,759,7,17,0.47 
2015,10,28,03:00,759,116,14,696,9,16,7,8,2,8,759,13,18,0.76 
2015,10,28,03:00,116,759,2,696,8,16,7,8,1,8,759,15,16,0.96 
2015,10,23,02:00,70,362,0,740,16,10,9,6,7,4,362,13,21,0.71 
2015,10,21,04:30,910,362,1,725,16,5,11,4,5,1,362,9,17,0.54 
2015,10,21,04:30,910,362,2,725,16,8,9,6,7,2,362,16,18,0.88 
2015,10,21,04:30,910,362,14,725,7,16,7,8,0,8,362,25,15,1.54 
2015,10,21,02:00,362,257,14,740,8,16,4,11,4,5,362,8,19,0.52 
2015,10,20,03:00,291,362,0,740,16,14,14,1,2,13,362,26,20,1.17 
2015,10,19,02:15,805,362,1,740,1,16,0,15,1,1,362,21,10,1.98 
2015,10,19,00:15,116,362,1,740,13,16,9,6,4,10,362,15,22,0.67 
2015,10,18,05:10,116,362,7,740,25,21,7,8,8,7,362,26,31,0.76 
2015,10,18,03:00,805,362,2,740,16,10,7,8,9,2,362,17,20,0.89 
2015,10,15,03:00,362,291,2,783,3,16,3,12,0,4,362,4,17,0.26 
2015,10,15,03:00,291,362,14,783,16,1,14,1,2,0,362,8,17,0.53 
2015,10,09,02:00,362,303,1,783,1,16,1,14,0,2,362,8,15,0.56 
2015,10,09,02:00,303,362,14,783,16,4,11,4,5,0,362,11,18,0.63 
2015,10,08,05:00,682,362,14,740,16,11,11,4,5,7,362,17,22,0.78 
2015,10,08,03:00,303,362,4,740,16,2,13,2,3,0,362,10,17,0.64 
2015,10,07,05:00,682,362,2,740,16,5,14,1,2,4,362,11,19,0.65 
2015,10,07,02:30,805,362,14,783,16,8,8,7,8,1,362,14,21,0.64 
2015,10,07,02:30,362,805,2,783,19,15,8,7,7,8,362,17,23,0.75 
2015,10,06,06:15,362,70,1,725,4,16,4,11,0,5,362,9,18,0.52 
2015,10,06,06:15,70,362,14,725,16,9,7,8,9,1,362,13,21,0.63 
2015,10,05,04:30,279,362,0,783,16,11,9,6,7,5,362,9,22,0.43 
2015,10,05,04:30,362,279,1,783,16,11,10,5,6,6,362,14,21,0.74 
2015,10,02,04:15,362,946,1,783,8,16,5,10,3,6,362,10,21,0.55 
2015,10,02,04:15,362,946,14,783,16,8,7,8,9,0,362,15,18,0.80 
2015,10,01,05:00,362,279,14,740,16,9,9,6,7,3,362,20,15,1.18 
2015,10,01,04:00,257,362,0,740,16,19,9,6,6,9,362,17,25,0.71 
2015,09,30,02:00,362,279,2,740,16,6,10,5,6,1,362,20,13,1.23 
2015,09,29,03:00,362,702,0,725,11,16,7,8,4,8,362,16,17,0.90 
2015,09,28,04:15,362,682,6,783,14,16,5,10,9,6,362,22,22,1.02 
2015,09,28,04:15,362,682,14,783,16,12,7,8,9,4,362,20,19,1.05 
2015,09,24,03:00,702,362,0,725,15,19,4,11,11,4,362,18,25,0.76 
2015,09,23,04:15,496,362,0,783,22,20,7,8,8,7,362,33,31,1.12 
2015,09,23,04:15,362,496,1,783,19,15,8,7,7,8,362,17,23,0.75 
2015,09,23,03:00,933,362,6,740,16,3,13,2,3,1,362,6,19,0.26 
2015,09,22,05:00,362,496,7,725,4,16,4,11,0,5,362,10,18,0.59 
2015,09,22,04:00,362,760,1,725,16,3,12,3,4,0,362,20,7,1.76 
2015,09,20,00:00,291,362,2,810,16,9,13,2,3,7,362,13,21,0.63 
2015,09,20,00:00,291,362,0,810,16,2,13,2,3,0,362,4,17,0.26 
2015,09,17,02:00,303,362,6,740,16,4,11,4,5,0,362,8,18,0.50 
2015,09,08,02:00,362,738,1,783,5,16,0,15,5,1,362,16,18,0.89 
2015,09,08,02:00,362,738,7,783,9,16,5,10,4,6,362,13,20,0.67 
2015,09,03,04:45,70,362,6,783,16,6,10,5,6,1,362,13,18,0.75 
2015,09,03,04:45,362,70,7,783,11,16,2,13,9,3,362,13,22,0.64 
2015,08,24,04:15,1027,362,6,783,16,2,13,2,3,0,362,5,16,0.39 
2015,08,24,04:15,362,1027,7,783,16,10,10,5,6,5,362,25,19,1.20 
2015,08,19,04:30,1028,759,7,783,16,10,11,4,5,6,759,14,18,0.88 
2015,08,19,04:30,759,1028,1,783,9,16,8,7,1,9,759,16,18,0.90 
2015,08,11,02:00,496,759,2,865,26,20,6,9,9,6,759,31,34,0.90 
2015,08,11,02:00,496,759,6,865,10,16,9,6,1,10,759,24,19,1.24 
2015,08,11,02:00,759,496,0,865,16,11,10,5,6,6,759,20,19,0.99 
2015,08,11,02:00,496,759,1,865,16,8,7,8,9,0,759,20,18,1.05 
2015,08,11,02:00,759,496,7,865,5,16,2,13,3,3,759,17,19,0.95 
2015,08,09,04:00,759,1027,6,865,16,8,9,6,7,2,759,24,15,1.41 
2015,08,09,04:00,1027,759,0,865,16,13,8,7,8,6,759,20,23,0.90 
2015,08,09,04:00,759,1027,1,865,16,12,12,3,4,9,759,18,16,1.03 
2015,06,09,04:45,1035,759,7,883,16,9,8,7,8,2,759,8,19,0.56 
2015,06,09,04:45,759,1035,1,883,16,14,9,6,7,8,759,28,20,1.32 
2015,06,04,04:15,303,759,0,883,16,14,11,4,5,10,759,31,19,1.45 
2015,06,04,04:15,759,303,1,883,9,16,4,11,5,5,759,22,17,1.25 
2015,06,03,04:00,761,759,2,904,11,16,10,5,1,11,759,16,19,0.82 
2015,06,03,04:00,761,759,0,904,11,16,7,8,4,8,759,19,16,1.07 
2015,06,03,04:00,759,761,7,904,20,22,8,7,7,8,759,33,33,0.93 
2015,05,29,04:15,759,334,6,883,16,8,14,1,2,7,759,23,13,1.39 
2015,05,29,04:15,759,334,0,883,16,11,12,3,4,8,759,18,14,1.10 
2015,05,26,04:00,759,424,1,905,7,16,4,11,3,5,759,12,20,0.59 
2015,05,26,04:00,424,759,0,905,10,16,9,6,1,10,759,23,21,1.16 
2015,05,26,04:00,759,424,7,905,4,16,4,11,0,5,759,6,18,0.36 
2015,05,19,04:15,1027,759,1,883,14,16,11,4,3,12,759,17,22,0.79 
2015,05,19,04:15,759,1027,7,883,16,14,11,4,5,10,759,35,18,1.75 
2015,05,18,04:35,759,70,6,883,12,16,11,4,1,12,759,20,19,1.00 
2015,05,18,04:35,70,759,7,883,10,16,5,10,5,6,759,24,14,1.34 
2015,05,11,03:00,1057,759,7,883,16,8,13,2,3,6,759,2,19,0.24 
2015,05,11,03:00,759,1057,1,883,9,16,3,12,6,4,759,16,20,0.84 
2015,05,04,04:15,291,759,6,883,16,11,12,3,4,8,759,13,23,0.61 
2015,05,04,04:15,291,759,1,883,16,13,8,7,8,6,759,19,22,0.90 
2015,05,04,02:00,759,1056,7,883,16,14,10,5,6,9,759,14,22,0.68 
2015,05,04,02:00,759,1056,1,883,7,16,5,10,2,6,759,14,19,0.80 
2015,04,29,02:00,759,760,6,883,13,16,6,9,7,7,759,16,21,0.77 
2015,04,29,02:00,760,759,7,883,16,7,9,6,7,1,759,16,21,0.85 
2015,04,03,05:30,759,984,6,935,16,4,14,1,2,3,759,23,12,1.64 
2015,04,01,05:00,291,759,1,935,16,5,13,2,3,3,759,10,19,0.59 
2015,03,27,02:00,759,1035,5,935,9,16,9,6,0,10,759,10,20,0.57 
2015,03,25,04:15,759,257,1,935,5,16,2,13,3,3,759,9,18,0.56 
2015,03,20,02:00,1035,759,5,935,16,13,11,4,5,9,759,13,23,0.60 
2015,02,27,05:04,303,759,0,935,16,4,13,2,3,2,759,2,20,0.08 
2015,02,25,05:20,257,759,1,935,16,2,13,2,3,0,759,11,16,0.67 
2015,02,20,05:35,984,759,4,935,13,16,5,10,8,6,759,25,17,1.34 
2015,02,19,05:40,291,759,1,935,14,16,2,13,12,3,759,17,18,0.86 
2014,08,26,03:00,1210,759,6,1038,16,9,14,1,2,8,759,11,19,0.73 
