2016,07,22,23:00,214,253,1,502,16,12,7,8,9,4,253,12,21,0.62 
2016,07,22,23:00,253,214,0,502,2,16,2,13,0,3,253,8,13,0.60 
2016,07,08,10:00,253,8,2,523,15,19,11,4,4,11,253,17,21,0.78 
2016,07,08,10:00,8,253,4,523,19,17,12,3,3,12,253,28,28,1.01 
2016,07,07,11:00,253,22,7,523,16,14,9,6,7,8,253,31,16,1.65 
2016,07,07,11:00,22,253,0,523,10,16,2,13,8,3,253,25,13,1.46 
2016,07,07,11:00,253,22,14,523,16,19,10,5,5,10,253,27,25,1.18 
2016,07,06,11:00,253,152,1,523,6,16,6,9,0,7,253,9,17,0.55 
2016,07,05,11:00,22,253,4,523,12,16,7,8,5,8,253,15,17,0.83 
2016,06,25,15:00,253,257,4,540,8,16,6,9,2,7,253,12,17,0.70 
2016,06,25,15:00,257,253,1,540,16,9,11,4,5,5,253,9,18,0.53 
2016,06,24,17:50,253,270,14,540,12,16,7,8,5,8,253,17,22,0.83 
2016,06,20,14:30,250,253,14,546,16,14,8,7,8,7,253,25,19,1.21 
2016,06,20,14:30,253,250,4,546,16,10,10,5,6,5,253,13,12,0.90 
2016,06,20,14:30,253,250,7,546,12,16,7,8,5,8,253,10,20,0.59 
2016,06,18,21:00,253,302,4,546,16,12,6,9,10,3,253,23,19,1.18 
2016,06,18,15:00,132,253,0,546,6,16,6,9,0,7,253,14,10,1.11 
2016,06,11,04:15,253,291,4,502,16,11,7,8,9,3,253,20,15,1.09 
2016,06,11,04:15,253,291,1,502,16,19,9,6,6,9,253,23,23,0.99 
2016,06,11,04:15,253,291,0,502,16,7,11,4,5,3,253,20,10,1.41 
2016,06,09,20:00,253,366,7,502,19,16,9,6,6,9,253,28,22,1.24 
2016,06,09,20:00,253,366,4,502,16,13,9,6,7,7,253,16,17,0.88 
2016,06,08,21:30,302,253,4,502,7,16,5,10,2,6,253,9,11,0.78 
2016,06,08,20:30,253,302,2,502,6,16,3,12,3,4,253,16,17,0.98 
2016,06,07,23:40,291,253,1,502,6,16,6,9,0,7,253,8,10,0.78 
2016,06,07,22:55,291,253,2,502,2,16,2,13,0,3,253,18,9,1.50 
2016,06,07,19:15,366,253,2,502,14,16,8,7,6,9,253,17,17,0.96 
2016,06,07,18:00,366,253,7,502,12,16,9,6,3,10,253,17,19,0.89 
2016,05,21,19:15,253,210,0,563,16,10,8,7,8,3,253,20,15,1.30 
2016,05,21,19:15,210,253,7,563,9,16,5,10,4,6,253,14,14,0.90 
2016,05,20,21:00,285,253,0,563,12,16,10,5,2,11,253,16,14,0.99 
2016,05,20,21:00,253,285,7,563,16,10,8,7,8,3,253,17,18,0.93 
2016,05,18,18:00,22,253,7,563,13,16,3,12,10,4,253,16,22,0.74 
2016,05,18,18:00,253,22,4,563,16,6,10,5,6,1,253,16,11,1.12 
2016,05,11,21:45,253,70,2,576,13,16,9,6,4,10,253,11,19,0.62 
2016,05,11,21:45,253,70,4,576,12,16,9,6,3,10,253,16,21,0.81 
2016,05,11,21:45,70,253,1,576,9,16,8,7,1,9,253,18,15,1.11 
2016,05,11,14:00,253,312,6,576,7,16,6,9,1,7,253,9,18,0.53 
2016,05,09,21:00,250,253,14,563,16,9,9,6,7,3,253,18,19,0.94 
2016,05,09,21:00,253,250,4,563,14,16,9,6,5,10,253,16,16,0.94 
2016,05,03,21:00,253,258,7,563,16,14,8,7,8,7,253,19,22,0.88 
2016,05,03,21:00,258,253,0,563,6,16,3,12,3,4,253,18,16,1.06 
2016,04,28,18:00,253,292,4,563,16,4,12,3,4,1,253,20,11,1.52 
2016,04,28,18:00,253,292,1,563,16,13,9,6,7,7,253,23,18,1.19 
2016,04,26,20:00,210,253,2,598,22,19,3,12,12,3,253,24,27,0.94 
2016,04,26,19:00,253,210,4,598,16,5,10,5,6,0,253,20,12,1.53 
2016,04,25,21:15,8,253,7,563,8,16,5,10,3,6,253,26,13,1.76 
2016,04,25,21:15,253,8,6,563,16,1,14,1,2,0,253,11,8,1.04 
2016,04,19,23:55,285,253,6,598,9,16,7,8,2,8,253,15,13,0.96 
2016,04,19,23:00,285,253,1,598,12,16,11,4,1,12,253,24,14,1.52 
2016,04,14,17:15,253,250,2,608,12,16,8,7,4,9,253,17,20,0.89 
2016,04,14,17:15,253,250,6,608,16,9,10,5,6,4,253,18,14,1.12 
2016,04,14,17:15,253,250,7,608,5,16,4,11,1,5,253,9,17,0.60 
2016,04,13,20:00,22,253,7,608,16,9,9,6,7,3,253,17,18,0.98 
2016,04,12,17:00,439,253,0,608,9,16,5,10,4,6,253,13,15,0.81 
2016,04,10,13:00,214,253,0,563,3,16,2,13,1,3,253,10,8,0.94 
2016,04,10,13:00,214,253,2,563,13,16,6,9,7,7,253,14,22,0.64 
2016,04,10,13:00,214,253,1,563,16,5,10,5,6,0,253,10,17,0.58 
2016,04,02,20:45,253,215,1,615,5,16,3,12,2,4,253,13,16,0.88 
2016,04,02,20:45,215,253,6,615,16,14,7,8,9,6,253,19,17,0.96 
2016,04,01,19:15,210,253,7,615,5,16,2,13,3,3,253,15,10,1.22 
2016,04,01,19:15,253,210,4,615,16,10,10,5,6,5,253,13,16,0.80 
2016,03,31,01:25,291,253,4,615,9,16,8,7,1,9,253,16,11,1.11 
2016,03,29,23:50,152,253,2,615,10,16,6,9,4,7,253,23,18,1.12 
2016,03,23,23:30,253,250,7,598,4,16,1,14,3,2,253,12,15,0.82 
2016,03,23,22:45,253,250,0,598,8,16,7,8,1,8,253,11,15,0.74 
2016,03,21,00:15,22,253,0,598,5,16,5,10,0,6,253,15,11,1.07 
2016,03,20,23:30,22,253,6,598,11,16,6,9,5,7,253,21,17,1.17 
2016,03,18,18:15,253,215,0,629,5,16,4,11,1,5,253,10,18,0.60 
2016,03,18,18:15,215,253,6,629,12,16,3,12,9,4,253,15,21,0.76 
2016,03,18,18:15,253,215,2,629,9,16,6,9,3,7,253,20,19,1.17 
2016,03,18,15:15,366,253,2,629,9,16,3,12,6,4,253,21,16,1.16 
2016,03,18,15:15,253,366,1,629,16,3,12,3,4,0,253,16,3,1.57 
2016,03,17,21:15,253,484,1,629,16,2,14,1,2,1,253,12,8,1.07 
2016,03,17,21:15,253,484,7,629,16,6,13,2,3,4,253,18,11,1.33 
2016,03,13,20:00,253,302,0,598,16,5,11,4,5,1,253,20,8,1.49 
2016,03,13,19:00,302,253,2,598,7,16,4,11,3,5,253,17,13,1.10 
2016,03,12,20:00,253,258,6,598,7,16,6,9,1,7,253,10,17,0.58 
2016,03,12,19:00,258,253,2,598,10,16,5,10,5,6,253,19,14,1.12 
2016,03,08,21:15,253,214,1,598,16,4,11,4,5,0,253,17,6,1.51 
2016,03,08,20:00,253,214,0,598,16,12,7,8,9,4,253,18,16,0.97 
2016,03,05,00:45,210,253,6,637,16,7,11,4,5,3,253,18,17,1.04 
2016,03,05,00:45,253,210,7,637,16,12,5,10,11,2,253,16,21,0.81 
2016,03,05,00:45,210,253,4,637,16,6,11,4,5,2,253,11,17,0.66 
2016,03,03,21:00,253,424,7,637,16,12,13,2,3,10,253,21,19,1.14 
2016,03,03,18:30,285,253,6,637,5,16,1,14,4,2,253,16,11,1.30 
2016,03,03,17:20,253,472,0,637,16,5,11,4,5,1,253,16,12,1.15 
2016,03,03,14:40,8,253,4,637,6,16,5,10,1,6,253,24,10,1.67 
2016,03,03,13:20,253,258,2,637,16,11,12,3,4,8,253,16,21,0.78 
2016,02,25,20:00,210,253,2,643,16,12,9,6,7,6,253,16,22,0.76 
2016,02,25,20:00,210,253,4,643,16,13,7,8,9,5,253,12,20,0.62 
2016,02,25,20:00,253,210,7,643,2,16,2,13,0,3,253,2,16,0.18 
2016,02,24,22:30,253,8,7,598,16,11,13,2,3,9,253,27,18,1.39 
2016,02,24,21:30,8,253,4,598,3,16,2,13,1,3,253,17,8,1.34 
2016,02,21,18:25,210,253,6,649,16,13,8,7,8,6,253,17,18,0.92 
2016,02,21,16:45,253,210,1,649,14,16,6,9,8,7,253,15,21,0.76 
2016,02,21,12:20,253,22,4,649,16,12,6,9,10,3,253,24,16,1.31 
2016,02,21,10:30,22,253,0,649,11,16,8,7,3,9,253,23,17,1.31 
2016,02,20,19:20,292,253,1,649,16,13,12,3,4,10,253,9,22,0.48 
2016,02,20,16:30,253,258,0,649,16,9,7,8,9,1,253,15,13,1.03 
2016,02,19,17:45,253,676,0,649,16,2,13,2,3,0,253,18,5,1.78 
2016,02,19,13:30,292,253,1,649,17,19,6,9,9,6,253,19,22,0.94 
2016,02,16,20:00,253,13,4,598,16,7,9,6,7,1,253,18,14,1.10 
2016,02,16,19:05,13,253,0,598,7,16,2,13,5,3,253,11,15,0.73 
2016,02,10,20:00,292,253,7,598,16,8,8,7,8,1,253,13,16,0.77 
2016,02,10,19:00,253,292,6,598,16,10,11,4,5,6,253,16,14,1.02 
2016,02,09,20:00,253,215,4,598,14,16,13,2,1,14,253,17,17,0.85 
2016,02,09,19:20,215,253,0,598,13,16,10,5,3,11,253,18,21,0.86 
2016,02,07,12:00,253,291,1,657,16,4,11,4,5,0,253,10,7,0.98 
2016,02,07,12:00,291,253,4,657,3,16,3,12,0,4,253,18,6,1.62 
2016,02,06,17:45,253,258,0,657,8,16,7,8,1,8,253,8,15,0.66 
2016,02,06,17:45,253,258,4,657,16,13,6,9,10,4,253,21,15,1.14 
2016,02,06,17:45,253,258,7,657,13,16,9,6,4,10,253,10,25,0.44 
2016,02,05,18:00,253,292,7,657,19,15,8,7,7,8,253,26,19,1.24 
2016,02,05,18:00,292,253,4,657,16,13,10,5,6,8,253,27,18,1.35 
2016,02,05,18:00,292,253,2,657,11,16,9,6,2,10,253,17,16,1.03 
2016,02,05,13:00,496,253,4,657,4,16,4,11,0,5,253,14,9,1.15 
2016,02,05,13:00,253,496,0,657,16,2,14,1,2,1,253,20,8,1.77 
2016,01,23,17:45,253,70,4,667,12,16,6,9,6,7,253,18,19,0.94 
2016,01,23,17:45,253,70,2,667,8,16,7,8,1,8,253,21,18,1.18 
2016,01,22,17:00,253,214,0,667,22,19,10,5,5,10,253,27,29,0.97 
2016,01,22,14:30,22,253,4,667,9,16,4,11,5,5,253,15,11,1.14 
2016,01,15,19:25,710,215,0,671,13,16,11,4,2,12,710,17,20,0.90 
2016,01,15,19:25,710,215,4,671,16,11,8,7,8,4,710,9,17,0.62 
2016,01,15,19:25,710,215,1,671,4,16,4,11,0,5,710,5,17,0.36 
2016,01,14,17:00,210,710,6,671,16,7,11,4,5,3,710,15,14,1.12 
2016,01,14,17:00,210,710,0,671,8,16,3,12,5,4,710,18,17,1.01 
2016,01,14,17:00,710,210,1,671,10,16,7,8,3,8,710,14,17,0.87 
2016,01,14,13:00,710,258,6,671,13,16,6,9,7,7,710,13,18,0.78 
2016,01,14,13:00,258,710,0,671,16,14,6,9,10,5,710,19,20,0.92 
2016,01,14,10:30,710,694,2,671,16,14,8,7,8,7,710,17,17,0.94 
2016,01,14,10:30,710,694,1,671,16,7,9,6,7,1,710,19,12,1.16 
2016,01,12,00:30,258,710,7,676,7,16,3,12,4,4,710,21,12,1.35 
2016,01,12,00:30,258,710,4,676,5,16,4,11,1,5,710,15,11,1.18 
2016,01,11,19:00,710,711,1,676,16,7,12,3,4,4,710,21,14,1.28 
2016,01,11,19:00,711,710,2,676,21,17,6,9,9,6,710,29,31,0.91 
2016,01,11,19:00,711,710,4,676,19,21,9,6,6,9,710,30,29,1.07 
2016,01,09,21:00,710,642,2,657,19,17,5,10,10,5,710,16,23,0.75 
2016,01,09,21:00,710,642,4,657,16,3,14,1,2,2,710,20,8,1.60 
2016,01,08,21:10,710,196,7,657,16,2,13,2,3,0,710,16,9,1.38 
2016,01,08,21:10,196,710,0,657,5,16,2,13,3,3,710,19,13,1.23 
2015,12,17,18:45,710,258,2,696,16,13,10,5,6,8,710,25,18,1.29 
2015,12,17,18:45,710,258,6,696,16,10,10,5,6,5,710,23,13,1.37 
2015,12,13,01:30,210,710,0,705,16,14,10,5,6,9,710,14,21,0.69 
2015,12,13,01:30,210,710,6,705,16,12,11,4,5,8,710,14,18,0.73 
2015,12,11,22:00,215,710,6,705,13,16,8,7,5,9,710,25,18,1.29 
2015,12,11,22:00,710,215,2,705,16,12,12,3,4,9,710,21,15,1.21 
2015,12,11,00:15,291,710,6,705,6,16,5,10,1,6,710,23,10,1.63 
2015,12,11,00:15,291,710,0,705,12,16,10,5,2,11,710,17,15,1.05 
2015,12,07,18:00,472,710,7,696,12,16,5,10,7,6,710,14,18,0.83 
2015,12,07,18:00,710,472,4,696,16,6,10,5,6,1,710,8,12,0.75 
2015,12,05,15:34,302,710,7,714,16,2,13,2,3,0,710,11,16,0.73 
2015,12,05,14:00,302,710,0,714,16,13,8,7,8,6,710,19,16,1.01 
2015,12,05,14:00,710,302,2,714,16,9,13,2,3,7,710,22,11,1.42 
2015,12,04,19:30,210,710,0,714,16,10,8,7,8,3,710,17,21,0.75 
2015,12,04,19:30,710,210,7,714,11,16,7,8,4,8,710,21,19,1.06 
2015,12,02,21:15,270,292,0,696,10,16,9,6,1,10,270,8,18,0.55 
2015,12,02,21:15,270,292,6,696,14,16,8,7,6,9,270,22,21,1.03 
2015,12,02,18:00,270,147,4,721,19,16,4,11,11,4,270,24,21,1.10 
2015,12,02,18:00,270,147,6,721,11,16,11,4,0,12,270,18,20,0.88 
2015,12,02,18:00,270,147,7,721,16,9,9,6,7,3,270,22,16,1.24 
2015,12,01,18:00,270,472,6,676,16,5,12,3,4,2,270,20,10,1.42 
2015,12,01,18:00,472,270,4,676,9,16,7,8,2,8,270,26,13,1.61 
2015,12,01,18:00,270,472,1,676,5,16,4,11,1,5,270,7,19,0.44 
2015,11,30,21:00,270,22,0,696,16,12,7,8,9,4,270,19,20,1.01 
2015,11,30,21:00,22,270,4,696,19,16,5,10,10,5,270,25,23,1.01 
2015,11,30,21:00,270,22,6,696,16,6,10,5,6,1,270,26,11,1.82 
2015,11,28,17:40,270,70,6,728,17,21,6,9,9,6,270,22,26,0.86 
2015,11,28,17:32,270,70,4,728,6,16,6,9,0,7,270,10,18,0.66 
2015,11,28,17:32,270,70,0,728,16,5,14,1,2,4,270,18,11,1.30 
2015,11,26,16:00,8,270,0,728,13,16,3,12,10,4,270,23,18,1.23 
2015,11,26,14:30,303,270,4,728,0,16,0,15,0,1,270,16,8,1.68 
2015,11,23,02:45,215,270,14,734,16,8,14,1,2,7,270,16,19,0.85 
2015,11,23,02:45,270,215,1,734,10,16,7,8,3,8,270,19,19,0.99 
2015,11,22,20:00,270,292,0,734,16,6,10,5,6,1,270,11,10,0.97 
2015,11,22,20:00,292,270,4,734,7,16,4,11,3,5,270,18,15,1.04 
2015,11,22,20:00,270,292,7,734,5,16,5,10,0,6,270,8,21,0.35 
2015,11,21,23:10,257,270,1,734,5,16,5,10,0,6,270,21,13,1.37 
2015,11,21,23:10,257,270,7,734,16,14,10,5,6,9,270,19,21,0.93 
2015,11,21,23:10,270,257,4,734,16,11,8,7,8,4,270,15,18,0.78 
2015,11,18,18:00,270,210,6,696,14,16,7,8,7,8,270,13,22,0.72 
2015,11,18,18:00,270,210,1,696,11,16,4,11,7,5,270,16,21,0.78 
2015,11,17,21:00,258,270,14,740,16,12,9,6,7,6,270,8,20,0.51 
2015,11,17,20:00,214,270,7,740,7,16,4,11,3,5,270,16,13,1.04 
2015,11,17,17:00,59,270,1,696,4,16,4,11,0,5,270,25,10,1.97 
2015,11,17,17:00,270,59,4,696,22,19,4,11,11,4,270,24,27,0.91 
2015,11,03,21:00,270,302,4,740,16,11,11,4,5,7,270,16,16,0.94 
2015,11,03,20:00,270,59,7,740,16,14,10,5,6,9,270,21,21,1.10 
2015,11,03,19:00,59,270,6,740,11,16,5,10,6,6,270,19,16,1.03 
2015,10,31,16:45,270,250,1,766,8,16,4,11,4,5,270,19,18,1.08 
2015,10,31,16:45,250,270,2,766,16,10,10,5,6,5,270,16,19,0.91 
2015,10,29,19:45,270,292,1,766,16,6,10,5,6,1,270,17,14,1.02 
2015,10,28,13:30,13,270,7,766,6,16,2,13,4,3,270,18,16,1.09 
2015,10,25,21:15,270,647,6,654,16,14,11,4,5,10,270,26,20,1.32 
2015,10,25,21:15,647,270,4,654,5,16,5,10,0,6,270,20,10,1.61 
2015,10,24,22:00,270,258,6,740,16,9,8,7,8,2,270,17,14,1.07 
2015,10,24,21:20,270,8,4,740,16,3,13,2,3,1,270,17,8,1.31 
2015,10,22,21:00,270,210,0,740,20,22,10,5,5,10,270,27,29,0.90 
2015,10,22,18:45,270,856,1,696,16,11,6,9,10,2,270,11,14,0.75 
2015,10,22,18:45,856,270,4,696,6,16,6,9,0,7,270,14,12,0.96 
2015,10,21,21:00,270,8,4,749,5,16,2,13,3,3,270,11,18,0.64 
2015,10,20,21:00,270,258,0,749,13,16,5,10,8,6,270,22,20,0.99 
2015,10,20,20:00,270,196,14,740,16,1,14,1,2,0,270,18,7,1.54 
2015,10,20,19:00,8,270,0,740,11,16,10,5,1,11,270,19,14,1.22 
2015,10,19,21:15,270,711,6,696,16,5,12,3,4,2,270,11,10,0.98 
2015,10,19,21:15,711,270,1,696,12,16,5,10,7,6,270,18,14,1.17 
2015,10,18,22:50,270,22,0,740,16,6,14,1,2,5,270,13,8,1.17 
2015,10,18,20:00,270,215,7,740,19,16,9,6,6,9,270,22,19,1.08 
2015,10,18,18:00,59,270,7,654,16,8,12,3,4,5,270,28,19,1.56 
2015,10,18,18:00,59,270,0,654,6,16,5,10,1,6,270,13,10,0.97 
2015,10,17,18:00,196,270,6,740,3,16,2,13,1,3,270,24,5,2.11 
2015,10,15,21:15,250,270,6,721,16,9,7,8,9,1,270,18,16,0.99 
2015,10,15,21:15,250,270,7,721,16,12,9,6,7,6,270,24,17,1.20 
2015,10,15,21:15,270,250,1,721,16,13,5,10,11,3,270,24,16,1.32 
2015,10,15,20:00,270,214,1,740,16,13,10,5,6,8,270,15,19,0.91 
2015,10,15,19:00,711,270,14,740,13,16,8,7,5,9,270,16,18,0.79 
2015,10,14,22:00,270,250,1,749,13,16,9,6,4,10,270,22,19,1.10 
2015,10,14,21:00,711,270,4,749,5,16,2,13,3,3,270,19,8,1.51 
2015,10,14,18:00,270,868,4,721,16,8,11,4,5,4,270,22,11,1.40 
2015,10,14,18:00,270,868,7,721,16,7,9,6,7,1,270,17,13,1.22 
2015,10,13,23:00,270,210,1,749,16,3,12,3,4,0,270,20,7,1.76 
2015,10,13,21:00,292,270,1,749,19,21,5,10,10,5,270,26,25,0.98 
2015,10,13,18:00,484,270,4,721,4,16,3,12,1,4,270,18,5,1.57 
2015,10,13,18:00,270,484,7,721,19,15,11,4,4,11,270,15,21,0.75 
2015,10,08,19:00,270,22,1,740,16,3,13,2,3,1,270,15,8,1.50 
2015,10,06,21:00,250,270,14,740,10,16,6,9,4,7,270,27,15,1.57 
2015,10,06,20:00,270,711,4,740,16,5,10,5,6,0,270,22,10,1.58 
2015,10,06,19:00,270,59,4,749,16,5,10,5,6,0,270,13,9,1.15 
2015,10,04,15:15,8,270,4,793,12,16,6,9,6,7,270,28,17,1.40 
2015,10,04,15:15,270,8,2,793,16,12,8,7,8,5,270,22,18,1.26 
2015,10,03,17:45,270,8,2,793,16,14,7,8,9,6,270,17,19,0.97 
2015,10,03,17:45,8,270,6,793,12,16,11,4,1,12,270,12,15,0.80 
2015,10,02,18:00,210,270,1,793,10,16,9,6,1,10,270,22,16,1.20 
2015,10,02,18:00,270,210,6,793,16,14,9,6,7,8,270,19,17,0.94 
2015,09,30,22:15,270,8,7,749,16,11,8,7,8,4,270,19,15,1.08 
2015,09,30,20:00,270,292,1,749,16,5,11,4,5,1,270,19,11,1.39 
2015,09,29,20:00,250,270,1,749,12,16,6,9,6,7,270,24,18,1.15 
2015,09,29,17:00,270,258,1,802,16,13,11,4,5,9,270,20,15,1.05 
2015,09,29,17:00,270,258,7,802,16,9,10,5,6,4,270,16,14,0.94 
2015,09,24,17:40,270,8,2,802,16,3,14,1,2,2,270,19,12,1.38 
2015,09,24,17:40,270,8,4,802,16,11,10,5,6,6,270,21,16,1.13 
2015,09,22,22:00,270,250,2,740,16,5,11,4,5,1,270,20,8,1.74 
2015,09,22,19:00,215,270,2,740,16,10,8,7,8,3,270,15,19,0.81 
2015,09,20,20:30,270,258,6,808,13,16,7,8,6,8,270,11,20,0.65 
2015,09,20,20:30,270,258,1,808,13,16,6,9,7,7,270,18,22,0.88 
2015,09,20,13:30,22,270,4,808,14,16,7,8,7,8,270,20,23,0.86 
2015,09,20,13:30,270,22,0,808,16,6,10,5,6,1,270,25,12,1.58 
2015,09,19,23:00,292,270,1,808,8,16,4,11,4,5,270,17,12,1.19 
2015,09,19,20:00,384,270,4,808,5,16,4,11,1,5,270,17,10,1.27 
2015,09,17,22:00,210,270,2,740,16,9,11,4,5,5,270,12,19,0.62 
2015,09,16,22:00,711,270,1,749,17,21,12,3,3,12,270,25,29,0.90 
2015,09,16,21:00,210,270,6,749,16,9,10,5,6,4,270,22,19,1.28 
2015,09,16,19:00,270,302,1,740,16,4,12,3,4,1,270,19,9,1.45 
2015,09,15,22:00,270,258,6,749,12,16,9,6,3,10,270,17,19,0.87 
2015,09,15,20:00,270,59,4,749,16,9,8,7,8,2,270,19,13,1.28 
2015,09,12,17:00,8,270,0,822,16,14,12,3,4,11,270,21,18,1.18 
2015,09,12,17:00,8,270,14,822,16,7,9,6,7,1,270,11,19,0.62 
2015,09,12,17:00,270,8,1,822,16,3,12,3,4,0,270,17,8,1.49 
2015,09,12,17:00,8,270,2,822,16,7,11,4,5,3,270,15,20,0.80 
2015,09,12,17:00,270,8,4,822,16,13,10,5,6,8,270,18,19,0.90 
2015,09,11,17:00,250,270,6,822,10,16,8,7,2,9,270,19,14,1.12 
2015,09,11,17:00,270,250,0,822,16,8,8,7,8,1,270,13,15,0.81 
2015,09,11,17:00,270,250,1,822,7,16,3,12,4,4,270,13,20,0.83 
2015,09,10,20:30,210,270,1,822,17,19,6,9,9,6,270,17,21,0.80 
2015,09,10,16:30,215,270,4,822,10,16,6,9,4,7,270,19,12,1.18 
2015,09,05,17:20,210,270,6,829,16,9,9,6,7,3,270,13,20,0.60 
2015,09,05,17:20,270,210,0,829,13,16,4,11,9,5,270,20,18,1.05 
2015,09,05,17:20,270,210,2,829,16,6,11,4,5,2,270,13,12,0.94 
2015,09,05,17:20,270,210,1,829,10,16,4,11,6,5,270,17,19,0.94 
2015,09,05,17:20,210,270,14,829,16,12,7,8,9,4,270,15,21,0.80 
2015,09,04,20:45,270,23,0,823,21,18,9,6,6,9,270,19,23,0.86 
2015,09,04,20:45,23,270,1,823,15,21,9,6,6,9,270,26,19,1.09 
2015,09,04,20:45,270,23,2,823,7,16,7,8,0,8,270,18,17,1.07 
2015,09,03,21:45,270,215,1,823,16,10,9,6,7,4,270,6,16,0.55 
2015,09,03,19:15,270,214,4,823,16,7,14,1,2,6,270,14,10,1.05 
2015,09,02,18:00,270,215,4,802,16,11,10,5,6,6,270,18,16,1.04 
2015,09,02,18:00,270,215,1,802,16,9,13,2,3,7,270,17,14,1.07 
2015,08,28,18:00,8,270,0,823,16,12,12,3,4,9,270,17,19,0.94 
2015,08,28,18:00,270,8,7,823,12,16,10,5,2,11,270,15,23,0.72 
2015,08,28,18:00,8,270,4,823,6,16,5,10,1,6,270,23,12,1.46 
2015,08,28,18:00,270,8,2,823,14,16,8,7,6,9,270,15,22,0.69 
2015,08,28,18:00,8,270,6,823,13,16,7,8,6,8,270,11,20,0.63 
2015,08,27,21:00,270,215,4,823,12,16,6,9,6,7,270,12,18,0.71 
2015,08,27,21:00,215,270,1,823,16,4,13,2,3,2,270,8,19,0.46 
2015,08,27,21:00,270,215,0,823,16,12,7,8,9,4,270,18,18,0.95 
2015,08,26,18:00,23,270,1,823,12,16,10,5,2,11,270,22,14,1.21 
2015,08,26,18:00,270,23,2,823,16,5,11,4,5,1,270,19,14,1.19 
2015,08,23,11:45,270,258,6,846,9,16,3,12,6,4,270,14,18,0.74 
2015,08,23,11:45,258,270,1,846,8,16,6,9,2,7,270,24,12,1.53 
2015,08,23,11:45,270,258,7,846,12,16,5,10,7,6,270,18,21,0.87 
2015,08,22,14:35,23,270,4,846,8,16,7,8,1,8,270,15,13,1.02 
2015,08,22,14:35,270,23,1,846,16,6,9,6,7,0,270,15,12,1.02 
2015,08,20,17:00,250,270,7,846,3,16,3,12,0,4,270,23,7,1.86 
2015,08,20,16:36,270,286,2,846,16,11,10,5,6,6,270,15,16,0.99 
2015,08,13,19:00,270,210,1,860,16,10,5,10,11,0,270,14,15,0.86 
2015,08,13,19:00,270,210,6,860,16,4,11,4,5,0,270,19,6,1.57 
2015,08,10,20:00,196,270,2,802,5,16,5,10,0,6,270,17,11,1.20 
2015,08,10,20:00,270,196,0,802,16,8,10,5,6,3,270,13,10,1.00 
2015,08,08,11:30,258,270,6,868,16,12,12,3,4,9,270,15,21,0.69 
2015,08,08,11:30,270,258,14,868,9,16,4,11,5,5,270,12,18,0.72 
2015,08,08,11:30,270,258,7,868,3,16,3,12,0,4,270,13,17,0.69 
2015,08,08,10:30,270,286,1,868,16,4,12,3,4,1,270,14,10,1.20 
2015,08,07,16:00,270,302,4,868,16,6,12,3,4,3,270,12,10,0.99 
2015,08,07,13:15,302,270,14,868,15,19,6,9,9,6,270,23,21,0.95 
2015,08,07,10:40,291,270,6,868,7,16,5,10,2,6,270,17,11,1.22 
2015,08,06,16:45,214,270,1,868,8,16,4,11,4,5,270,12,14,0.85 
2015,08,06,10:45,291,270,2,868,12,16,10,5,2,11,270,17,16,1.00 
2015,08,05,15:25,270,286,0,868,16,6,12,3,4,3,270,17,8,1.46 
2015,08,05,10:45,258,270,14,868,16,11,7,8,9,3,270,14,19,0.85 
2015,07,31,19:30,270,59,0,654,14,16,9,6,5,10,270,13,19,0.82 
2015,07,31,19:30,270,59,1,654,10,16,7,8,3,8,270,8,19,0.50 
2015,07,30,21:00,270,472,4,654,8,16,8,7,0,9,270,17,15,1.09 
2015,07,30,17:30,270,472,0,654,12,16,9,6,3,10,270,10,18,0.63 
2015,07,30,17:30,472,270,6,654,4,16,4,11,0,5,270,15,10,1.14 
2015,07,18,21:05,270,257,0,874,16,2,13,2,3,0,270,17,6,1.54 
2015,07,18,21:05,270,257,7,874,16,14,8,7,8,7,270,21,21,1.04 
2015,07,18,14:00,270,215,1,874,16,5,11,4,5,1,270,22,11,1.65 
2015,07,18,14:00,270,215,2,874,16,5,11,4,5,1,270,11,15,0.78 
2015,07,18,14:00,215,270,0,874,16,6,12,3,4,3,270,6,20,0.33 
2015,07,16,16:45,270,210,4,874,16,10,12,3,4,7,270,16,14,1.07 
2015,07,16,16:45,270,250,0,874,16,13,11,4,5,9,270,14,17,0.78 
2015,07,02,21:55,210,270,4,877,16,14,9,6,7,8,270,21,17,1.19 
2015,07,02,16:50,270,404,6,877,12,16,7,8,5,8,270,12,20,0.63 
2015,06,30,23:30,270,250,7,878,16,5,11,4,5,1,270,17,12,1.36 
2015,06,30,22:00,270,711,0,878,16,3,12,3,4,0,270,9,8,0.90 
2015,06,30,21:00,270,13,4,878,12,16,7,8,5,8,270,15,18,0.84 
2015,06,29,22:30,270,210,7,878,3,16,2,13,1,3,270,10,17,0.59 
2015,06,29,21:30,270,258,6,878,16,13,7,8,9,5,270,12,15,0.79 
2015,06,29,20:15,270,215,0,878,14,16,8,7,6,9,270,21,22,0.92 
2015,06,29,19:20,215,270,4,878,6,16,5,10,1,6,270,11,12,0.89 
2015,06,24,20:10,270,1054,0,654,16,2,13,2,3,0,270,12,6,1.13 
2015,06,24,20:10,270,1054,6,654,16,13,12,3,4,10,270,24,16,1.34 
2015,06,24,19:00,711,270,1,878,16,14,5,10,11,4,270,19,23,0.84 
2015,06,21,19:00,214,270,4,802,5,16,4,11,1,5,270,17,12,1.12 
2015,06,21,19:00,270,214,7,802,14,16,9,6,5,10,270,14,20,0.70 
2015,06,16,22:00,258,270,1,888,16,13,7,8,9,5,270,19,20,1.00 
2015,06,16,19:00,59,270,4,802,7,16,4,11,3,5,270,27,11,1.81 
2015,06,16,19:00,270,59,2,802,16,2,13,2,3,0,270,15,4,1.43 
2015,06,15,19:00,270,59,14,888,16,12,6,9,10,3,270,17,17,0.93 
2015,06,10,23:00,270,59,0,888,19,16,5,10,10,5,270,20,22,0.88 
2015,06,10,21:00,8,270,4,888,10,16,9,6,1,10,270,16,15,1.02 
2015,06,10,20:00,270,250,0,878,16,7,11,4,5,3,270,10,12,0.77 
2015,06,09,22:00,250,270,7,888,4,16,3,12,1,4,270,12,10,1.00 
2015,06,09,19:00,196,270,4,802,2,16,2,13,0,3,270,12,7,1.12 
2015,06,09,19:00,270,196,2,802,16,6,10,5,6,1,270,12,13,0.90 
2015,06,08,22:00,270,13,2,888,16,10,10,5,6,5,270,17,15,0.97 
2015,06,08,20:00,711,270,0,802,14,16,10,5,4,11,270,12,18,0.70 
2015,06,08,20:00,711,270,1,802,16,11,10,5,6,6,270,16,18,0.94 
2015,06,07,20:00,210,270,1,899,7,16,6,9,1,7,270,12,12,0.93 
2015,06,07,20:00,270,210,6,899,16,11,9,6,7,5,270,15,15,0.92 
2015,06,07,16:00,210,270,0,899,16,7,11,4,5,3,270,11,20,0.51 
2015,06,07,16:00,210,270,14,899,5,16,3,12,2,4,270,26,10,1.93 
2015,06,07,16:00,270,215,6,899,19,17,9,6,6,9,270,16,25,0.71 
2015,06,07,16:00,215,270,4,899,17,19,6,9,9,6,270,14,25,0.63 
2015,06,06,23:00,210,270,6,899,16,8,11,4,5,4,270,9,18,0.54 
2015,06,06,23:00,210,270,7,899,16,8,11,4,5,4,270,9,20,0.52 
2015,06,06,23:00,210,270,0,899,17,19,6,9,9,6,270,22,27,0.84 
2015,06,06,19:30,59,270,7,899,23,25,8,7,7,8,270,30,35,0.82 
2015,06,06,19:30,270,59,0,899,16,6,14,1,2,5,270,8,10,0.80 
2015,06,04,18:00,214,270,1,654,16,5,12,3,4,2,270,11,17,0.68 
2015,06,04,18:00,270,214,0,654,17,19,11,4,4,11,270,18,24,0.77 
2015,06,03,22:00,8,270,4,878,16,4,15,0,1,4,270,14,19,0.77 
2015,06,03,21:00,258,270,7,878,16,8,9,6,7,2,270,11,21,0.55 
2015,06,03,20:00,270,215,6,888,16,14,11,4,5,10,270,22,18,1.13 
2015,06,03,19:00,270,13,6,878,16,12,12,3,4,9,270,17,16,0.98 
2015,06,01,21:00,383,270,1,654,12,16,4,11,8,5,270,23,19,1.20 
2015,06,01,21:00,270,383,7,654,16,5,13,2,3,3,270,18,12,1.23 
2015,06,01,19:00,270,215,2,888,16,9,13,2,3,7,270,15,14,0.93 
2015,05,31,22:15,270,22,2,888,16,8,11,4,5,4,270,17,11,1.28 
2015,05,31,20:00,270,711,1,888,1,16,1,14,0,2,270,9,16,0.63 
2015,05,30,19:00,258,270,6,888,16,19,8,7,7,8,270,27,21,1.11 
2015,05,28,20:00,270,214,14,888,13,16,7,8,6,8,270,17,22,0.83 
2015,05,28,17:00,210,270,2,909,14,16,7,8,7,8,270,11,21,0.59 
2015,05,28,17:00,210,270,1,909,8,16,3,12,5,4,270,15,12,1.05 
2015,05,28,17:00,210,270,7,909,16,9,10,5,6,4,270,13,19,0.82 
2015,05,27,19:00,270,250,4,888,16,3,12,3,4,0,270,19,8,1.61 
2015,05,25,22:00,22,270,7,888,13,16,9,6,4,10,270,16,22,0.74 
2015,05,22,19:00,270,1045,7,909,16,14,8,7,8,7,270,20,21,0.98 
2015,05,22,19:00,270,1045,0,909,16,5,12,3,4,2,270,14,11,1.06 
2015,05,21,22:00,270,258,6,802,13,16,9,6,4,10,270,21,22,1.04 
2015,05,21,22:00,270,258,7,802,16,8,14,1,2,7,270,19,15,1.35 
2015,05,20,22:35,210,270,0,888,15,19,9,6,6,9,270,30,19,1.32 
2015,05,20,21:15,196,270,0,888,8,16,5,10,3,6,270,18,10,1.30 
2015,05,20,18:00,270,22,2,654,16,12,10,5,6,7,270,21,15,1.07 
2015,05,20,18:00,22,270,6,654,9,16,5,10,4,6,270,23,14,1.31 
2015,05,19,18:00,22,270,6,909,8,16,7,8,1,8,270,10,16,0.72 
2015,05,19,18:00,270,22,7,909,16,8,9,6,7,2,270,18,14,1.03 
2015,05,18,19:45,270,13,7,888,16,1,14,1,2,0,270,11,8,1.09 
2015,05,14,20:45,270,22,6,860,16,6,11,4,5,2,270,15,14,0.97 
2015,05,14,20:45,22,270,7,860,16,8,10,5,6,3,270,13,17,0.71 
2015,05,14,20:45,270,22,0,860,16,13,13,2,3,11,270,18,18,0.96 
2015,05,12,22:00,711,270,6,888,16,12,6,9,10,3,270,15,19,0.88 
2015,05,12,21:15,210,270,4,888,16,6,10,5,6,1,270,14,17,0.88 
2015,05,12,19:00,270,8,1,888,9,16,7,8,2,8,270,14,19,0.78 
2015,05,11,22:00,214,270,14,888,10,16,10,5,0,11,270,17,17,0.92 
2015,05,11,21:00,196,270,6,888,3,16,3,12,0,4,270,20,10,1.54 
2015,05,11,18:00,1052,270,0,654,5,16,3,12,2,4,270,20,11,1.49 
2015,05,11,18:00,270,1052,7,654,16,2,13,2,3,0,270,18,7,1.59 
2015,05,03,22:30,250,270,7,929,12,16,7,8,5,8,270,22,19,1.06 
2015,05,03,22:30,270,250,1,929,21,18,10,5,5,10,270,38,21,1.56 
2015,05,03,22:30,250,270,6,929,16,1,14,1,2,0,270,6,16,0.38 
2015,05,03,13:00,210,270,6,929,11,16,10,5,1,11,270,11,18,0.66 
2015,05,03,13:00,210,270,0,929,13,16,9,6,4,10,270,18,18,0.97 
2015,05,02,21:30,215,270,0,929,13,16,10,5,3,11,270,19,18,0.94 
2015,05,02,21:30,215,270,7,929,8,16,3,12,5,4,270,17,14,1.03 
2015,05,02,21:30,215,270,4,929,16,6,10,5,6,1,270,9,19,0.48 
2015,05,02,18:15,8,270,4,929,16,12,7,8,9,4,270,14,19,0.72 
2015,05,02,18:15,8,270,6,929,6,16,6,9,0,7,270,20,11,1.43 
2015,05,02,18:15,8,270,0,929,16,4,11,4,5,0,270,6,17,0.43 
2015,05,01,19:00,215,270,0,929,8,16,3,12,5,4,270,18,15,1.05 
2015,05,01,19:00,215,270,7,929,13,16,8,7,5,9,270,13,18,0.72 
2015,05,01,19:00,215,270,4,929,16,14,10,5,6,9,270,17,21,0.78 
2015,04,29,21:00,215,270,0,909,16,14,6,9,10,5,270,15,24,0.62 
2015,04,29,21:00,270,215,6,909,16,8,11,4,5,4,270,13,16,0.82 
2015,04,29,21:00,270,215,4,909,10,16,9,6,1,10,270,13,16,0.78 
2015,04,28,18:00,270,22,1,909,16,14,10,5,6,9,270,19,21,0.89 
2015,04,28,18:00,22,270,7,909,14,16,8,7,6,9,270,21,19,1.01 
2015,04,26,17:00,210,270,4,934,11,16,6,9,5,7,270,12,18,0.75 
2015,04,26,17:00,210,270,1,934,16,11,12,3,4,8,270,26,19,1.52 
2015,04,26,17:00,270,210,0,934,16,11,8,7,8,4,270,16,17,0.90 
2015,04,25,15:00,250,270,1,934,14,16,10,5,4,11,270,24,16,1.24 
2015,04,25,15:00,250,270,6,934,12,16,4,11,8,5,270,9,17,0.65 
2015,04,24,15:00,210,270,6,934,13,16,8,7,5,9,270,13,19,0.74 
2015,04,24,15:00,210,270,1,934,12,16,7,8,5,8,270,21,19,1.02 
2015,04,22,21:15,214,270,0,860,3,16,3,12,0,4,270,16,9,1.44 
2015,04,22,21:15,214,270,1,860,16,14,9,6,7,8,270,20,19,1.05 
2015,04,22,21:15,270,214,6,860,16,7,14,1,2,6,270,13,11,1.00 
2015,04,16,22:00,258,270,6,935,9,16,4,11,5,5,270,19,14,1.16 
2015,04,15,19:15,258,270,1,935,23,26,12,3,3,12,270,25,35,0.80 
2015,04,14,18:00,270,215,6,935,12,16,10,5,2,11,270,7,15,0.63 
2015,04,13,19:15,210,270,6,945,25,23,9,6,6,9,270,17,34,0.56 
2015,04,13,19:15,270,210,1,945,13,16,11,4,2,12,270,20,22,0.95 
2015,04,13,19:15,270,210,4,945,11,16,10,5,1,11,270,12,18,0.69 
2015,04,12,16:15,711,270,6,946,16,14,10,5,6,9,270,14,20,0.80 
2015,04,12,16:15,270,711,1,946,16,10,8,7,8,3,270,14,21,0.79 
2015,04,12,16:15,711,270,7,946,19,17,9,6,6,9,270,19,27,0.74 
2015,04,10,21:00,270,22,0,946,16,13,9,6,7,7,270,15,19,0.75 
2015,04,10,18:00,270,22,7,946,9,16,7,8,2,8,270,15,20,0.78 
2015,04,10,18:00,22,270,6,946,9,16,7,8,2,8,270,18,15,1.16 
2015,04,10,10:30,8,270,0,946,12,16,11,4,1,12,270,16,18,0.85 
2015,04,10,10:30,270,8,7,946,14,16,11,4,3,12,270,14,21,0.77 
2015,04,10,10:30,8,270,4,946,12,16,6,9,6,7,270,15,16,0.92 
2015,04,07,21:00,711,270,14,935,16,6,13,2,3,4,270,4,19,0.26 
2015,04,07,19:00,210,270,0,935,10,16,6,9,4,7,270,20,14,1.15 
2015,04,06,22:00,8,270,6,935,6,16,6,9,0,7,270,17,11,1.24 
2015,04,04,22:00,8,270,6,948,16,10,11,4,5,6,270,17,22,0.81 
2015,04,04,22:00,270,8,14,948,14,16,4,11,10,5,270,16,22,0.74 
2015,04,04,20:45,270,22,6,948,16,9,7,8,9,1,270,13,13,1.06 
2015,04,04,17:00,270,8,7,948,14,16,10,5,4,11,270,22,20,1.08 
2015,04,04,17:00,270,8,5,948,14,16,9,6,5,10,270,14,19,0.81 
2015,04,04,17:00,8,270,0,948,12,16,10,5,2,11,270,20,16,1.11 
2015,04,04,13:30,1045,270,4,948,14,16,5,10,9,6,270,19,16,1.02 
2015,04,04,13:30,270,1045,6,948,16,1,14,1,2,0,270,15,8,1.51 
2015,04,04,10:00,22,270,0,948,6,16,6,9,0,7,270,17,10,1.38 
2015,04,04,10:00,270,22,5,948,16,6,15,0,1,6,270,14,10,1.08 
2015,04,03,22:30,270,29,1,948,16,8,10,5,6,3,270,12,14,0.81 
2015,04,03,22:30,29,270,6,948,4,16,4,11,0,5,270,17,7,1.53 
2015,04,03,15:30,270,1062,14,948,16,5,11,4,5,1,270,13,9,1.07 
2015,04,03,15:30,270,1062,5,948,16,4,13,2,3,2,270,10,9,0.92 
2015,04,03,12:00,270,1114,0,948,16,2,13,2,3,0,270,18,4,1.82 
2015,04,03,12:00,270,1114,6,948,16,4,12,3,4,1,270,18,9,1.52 
2015,03,31,22:15,1045,270,1,935,11,16,4,11,7,5,270,16,16,0.91 
2015,03,29,14:00,270,250,5,950,13,16,12,3,1,13,270,16,20,0.83 
2015,03,29,14:00,250,270,1,950,16,6,10,5,6,1,270,9,17,0.61 
2015,03,28,17:30,270,711,1,950,16,5,11,4,5,1,270,16,12,1.10 
2015,03,28,17:30,270,711,7,950,14,16,6,9,8,7,270,22,24,0.95 
2015,03,28,17:30,270,711,6,950,16,14,8,7,8,7,270,21,19,1.06 
2015,03,28,13:00,270,8,4,950,19,17,12,3,3,12,270,27,24,1.09 
2015,03,28,13:00,270,8,6,950,12,16,11,4,1,12,270,10,19,0.60 
2015,03,28,13:00,8,270,7,950,12,16,10,5,2,11,270,18,20,0.83 
2015,03,27,14:00,215,270,4,950,16,11,10,5,6,6,270,19,18,1.07 
2015,03,27,14:00,270,215,1,950,15,19,6,9,9,6,270,18,23,0.83 
2015,03,27,14:00,215,270,6,950,11,16,7,8,4,8,270,14,16,0.85 
2015,03,25,21:45,210,270,7,952,14,16,9,6,5,10,270,21,21,1.02 
2015,03,25,21:45,270,210,14,952,8,16,5,10,3,6,270,16,17,0.89 
2015,03,25,21:45,270,210,6,952,16,14,5,10,11,4,270,20,19,0.95 
2015,03,24,21:00,210,270,7,952,11,16,10,5,1,11,270,18,18,0.96 
2015,03,24,21:00,210,270,1,952,7,16,6,9,1,7,270,17,13,1.25 
2015,03,23,21:20,270,215,1,952,16,12,8,7,8,5,270,16,18,0.93 
2015,03,23,18:00,270,215,6,952,16,4,11,4,5,0,270,16,9,1.29 
2015,03,18,20:00,270,250,5,935,12,16,11,4,1,12,270,14,18,0.90 
2015,03,14,13:00,250,270,5,954,16,12,9,6,7,6,270,16,20,0.86 
2015,03,14,13:00,250,270,6,954,4,16,4,11,0,5,270,20,7,1.89 
2015,03,14,13:00,270,250,1,954,8,16,4,11,4,5,270,14,19,0.78 
2015,03,12,23:00,270,257,4,954,16,8,9,6,7,2,270,12,14,0.81 
2015,03,12,21:00,270,1106,5,954,16,10,11,4,5,6,270,18,13,1.19 
2015,03,12,19:35,270,257,5,954,14,16,13,2,1,14,270,11,19,0.61 
2015,03,01,21:23,250,270,5,935,16,2,13,2,3,0,270,5,17,0.31 
2015,02,25,22:00,270,711,5,935,16,3,14,1,2,2,270,14,5,1.31 
2015,02,19,22:00,1045,270,0,935,21,18,8,7,7,8,270,25,29,0.89 
2015,02,19,19:00,8,270,0,935,16,13,9,6,7,7,270,19,22,0.92 
2015,02,18,20:15,210,270,6,935,16,9,10,5,6,4,270,12,19,0.64 
2015,01,25,20:17,22,210,0,963,19,17,9,6,6,9,22,24,22,1.08 
2015,01,25,20:13,210,22,5,963,7,16,6,9,1,7,22,16,10,1.17 
2015,01,25,06:26,22,301,7,963,5,16,4,11,1,5,22,18,16,1.27 
2015,01,25,06:24,22,301,6,963,16,14,8,7,8,7,22,15,24,0.68 
2015,01,25,06:22,301,22,1,963,16,10,12,3,4,7,22,13,20,0.65 
2015,01,24,23:28,257,22,1,963,2,16,2,13,0,3,22,12,7,1.18 
2015,01,24,06:40,22,1146,1,963,16,4,12,3,4,1,22,20,9,1.57 
2015,01,24,00:26,22,250,1,963,17,19,8,7,7,8,22,17,25,0.71 
2015,01,15,21:00,250,22,1,964,16,10,10,5,6,5,22,13,18,0.69 
2015,01,15,21:00,22,250,5,964,16,14,10,5,6,9,22,22,19,1.09 
2015,01,15,21:00,22,250,7,964,9,16,7,8,2,8,22,8,18,0.50 
2015,01,14,21:06,22,854,5,965,16,1,14,1,2,0,22,12,9,1.08 
2015,01,14,21:00,854,22,14,965,9,16,6,9,3,7,22,17,11,1.14 
2015,01,13,21:00,22,1102,1,964,16,2,13,2,3,0,22,19,7,1.61 
2015,01,13,21:00,22,1102,5,964,16,1,14,1,2,0,22,8,6,0.99 
2015,01,13,18:15,52,22,1,964,15,19,8,7,7,8,22,24,25,0.99 
2015,01,13,18:15,22,52,7,964,16,13,9,6,7,7,22,18,18,0.97 
2014,12,10,19:00,22,995,0,965,16,12,13,2,3,10,22,14,15,0.82 
2014,12,10,19:00,995,22,5,965,11,16,9,6,2,10,22,22,16,1.23 
2014,11,28,21:15,22,215,0,983,13,16,12,3,1,13,22,22,20,1.13 
2014,11,28,21:15,215,22,14,983,16,3,12,3,4,0,22,9,18,0.56 
2014,11,27,14:00,22,1152,5,983,16,7,13,2,3,5,22,14,11,1.04 
2014,11,27,12:10,22,196,5,983,16,9,13,2,3,7,22,19,11,1.35 
2014,11,08,13:00,22,210,0,996,13,16,12,3,1,13,22,22,19,1.08 
2014,11,08,13:00,210,22,6,996,16,6,11,4,5,2,22,14,17,0.80 
2014,11,05,22:15,934,941,7,993,12,16,9,6,3,10,941,19,16,1.00 
2014,11,05,22:15,934,941,1,993,14,16,11,4,3,12,941,19,20,0.94 
2014,11,04,19:00,301,22,6,997,13,16,8,7,5,9,22,20,19,1.02 
2014,11,01,12:02,8,22,0,998,16,12,10,5,6,7,22,17,20,0.89 
2014,11,01,12:00,22,8,6,998,16,14,9,6,7,8,22,23,17,1.26 
2014,11,01,12:00,8,22,4,998,16,9,11,4,5,5,22,7,23,0.35 
2014,10,31,17:30,22,1152,6,998,16,14,9,6,7,8,22,18,18,1.00 
2014,10,31,15:30,22,214,1,998,16,5,10,5,6,0,22,16,9,1.24 
2014,10,31,12:40,1165,22,5,998,9,16,9,6,0,10,22,17,11,1.23 
2014,10,31,11:30,1054,22,6,998,5,16,4,11,1,5,22,17,10,1.32 
2014,10,31,09:45,22,1106,1,998,16,2,13,2,3,0,22,19,6,1.81 
2014,10,28,18:00,22,215,1,996,16,2,13,2,3,0,22,18,10,1.42 
2014,10,28,18:00,215,22,6,996,17,19,9,6,6,9,22,26,25,1.00 
2014,10,25,11:47,1152,22,5,1001,13,16,11,4,2,12,22,20,18,1.06 
2014,10,25,10:38,1152,22,1,1001,16,3,12,3,4,0,22,11,18,0.59 
2014,10,24,16:15,210,22,0,1001,16,5,11,4,5,1,22,10,20,0.52 
2014,10,24,15:25,210,22,4,1001,16,3,13,2,3,1,22,13,16,0.85 
2014,10,21,18:00,8,22,0,996,16,11,10,5,6,6,22,14,19,0.78 
2014,10,21,18:00,22,8,4,996,12,16,9,6,3,10,22,17,18,1.01 
2014,10,20,20:00,22,8,4,997,16,9,13,2,3,7,22,15,14,0.90 
2014,10,20,20:00,8,22,6,997,7,16,6,9,1,7,22,12,10,0.97 
2014,10,20,20:00,22,8,7,997,6,16,5,10,1,6,22,7,17,0.53 
2014,10,17,20:00,941,954,1,993,15,15,6,9,9,6,941,2,1,0.86 
2014,10,14,21:10,250,22,1,996,3,16,3,12,0,4,22,15,9,1.30 
2014,10,14,21:10,250,22,6,996,14,16,10,5,4,11,22,16,16,0.98 
2014,10,10,20:00,1037,22,1,997,6,16,5,10,1,6,22,15,13,1.09 
2014,10,10,20:00,1037,22,4,997,4,16,4,11,0,5,22,18,8,1.47 
2014,10,09,23:15,941,0,1,993,16,1,14,1,2,0,941,22,4,2.32 
2014,10,09,21:00,22,59,0,1011,16,5,12,3,4,2,22,13,6,1.21 
2014,10,09,19:00,22,711,4,1011,7,16,3,12,4,4,22,19,19,1.02 
2014,10,09,18:00,8,22,4,1011,16,7,9,6,7,1,22,9,18,0.63 
2014,10,08,22:00,22,210,6,1011,6,16,5,10,1,6,22,10,17,0.62 
2014,10,07,23:17,22,52,1,1011,16,7,9,6,7,1,22,15,10,1.11 
2014,10,07,19:00,22,711,6,1011,16,11,10,5,6,6,22,13,11,1.04 
2014,10,06,21:00,22,250,4,1011,16,9,11,4,5,5,22,18,14,1.19 
2014,10,06,19:00,301,22,1,1011,16,13,6,9,10,4,22,12,9,1.05 
2014,10,04,20:48,22,214,0,996,16,11,8,7,8,4,22,7,8,0.86 
2014,10,04,20:40,22,214,4,996,16,1,14,1,2,0,22,15,6,1.44 
2014,09,25,22:55,22,1106,1,1024,17,19,4,11,11,4,22,27,26,0.89 
2014,09,25,20:45,210,22,7,1024,19,16,12,3,3,12,22,17,25,0.79 
2014,09,25,19:30,22,384,6,1024,16,14,11,4,5,10,22,25,16,1.27 
2014,09,21,19:00,776,22,7,997,8,16,5,10,3,6,22,20,12,1.32 
2014,09,21,19:00,776,22,6,997,13,16,5,10,8,6,22,12,14,0.85 
2014,09,21,19:00,22,776,1,997,14,16,9,6,5,10,22,19,21,0.85 
2014,09,19,20:00,210,22,6,1011,16,9,9,6,7,3,22,14,17,0.81 
2014,09,18,21:00,22,250,1,1011,16,4,11,4,5,0,22,19,8,1.52 
2014,09,17,22:35,52,22,4,1011,8,16,3,12,5,4,22,23,12,1.52 
2014,09,15,21:15,944,22,6,997,8,16,6,9,2,7,22,17,13,1.16 
2014,09,15,21:15,944,22,5,997,18,22,1,14,14,1,22,40,25,1.43 
2014,09,10,23:00,22,59,5,1011,31,28,10,5,5,10,22,38,39,0.98 
2014,09,07,22:00,33,941,5,993,10,16,10,5,0,11,941,25,16,1.43 
2014,09,04,23:00,22,8,8,1011,11,16,7,8,4,8,22,21,18,1.14 
2014,09,03,21:30,301,22,1,1011,16,11,10,5,6,6,22,13,19,0.71 
2014,08,17,09:20,22,210,4,1043,14,16,11,4,3,12,22,27,22,1.22 
2014,08,17,09:20,210,22,1,1043,16,11,9,6,7,5,22,17,19,0.98 
2014,08,16,13:25,52,22,6,1043,8,16,1,14,7,2,22,13,15,0.84 
2014,08,16,13:25,22,52,1,1043,16,9,11,4,5,5,22,21,14,1.25 
2014,08,15,20:30,22,711,5,1043,16,1,14,1,2,0,22,11,5,1.19 
2014,08,15,19:00,22,257,0,1043,14,16,10,5,4,11,22,9,22,0.49 
2014,08,14,17:30,22,787,1,1043,16,9,9,6,7,3,22,20,13,1.38 
2014,08,03,19:30,22,8,6,1046,12,16,10,5,2,11,22,20,18,1.03 
2014,08,03,19:30,8,22,7,1046,16,2,13,2,3,0,22,7,18,0.32 
2014,08,03,19:30,22,8,1,1046,16,7,12,3,4,4,22,20,11,1.35 
2014,08,03,14:30,250,22,6,1046,11,16,6,9,5,7,22,25,17,1.29 
2014,08,03,14:30,22,250,7,1046,16,4,12,3,4,1,22,18,8,1.47 
2014,08,02,21:35,8,22,5,1046,7,16,2,13,5,3,22,18,18,0.98 
2014,08,02,20:15,214,22,1,1046,11,16,4,11,7,5,22,13,18,0.76 
2014,08,02,17:20,22,1219,1,1046,16,7,12,3,4,4,22,28,12,1.89 
2014,08,02,13:25,711,22,6,1046,7,16,4,11,3,5,22,22,12,1.42 
2014,06,22,22:00,22,250,1,1059,16,5,11,4,5,1,22,27,11,1.77 
2014,06,22,22:00,250,22,5,1059,16,7,9,6,7,1,22,10,18,0.57 
2014,06,22,22:00,22,250,8,1059,16,10,10,5,6,5,22,26,13,1.62 
2014,06,22,18:00,22,1149,6,1059,16,2,13,2,3,0,22,18,1,1.90 
2014,06,22,18:00,22,1149,5,1059,16,13,10,5,6,8,22,23,20,1.06 
2014,06,22,13:00,158,22,5,1059,4,16,4,11,0,5,22,15,10,1.21 
2014,06,22,13:00,22,158,0,1059,16,9,12,3,4,6,22,24,16,1.51 
2014,06,01,21:20,8,22,8,1064,16,14,10,5,6,9,22,12,20,0.66 
2014,06,01,21:20,8,22,6,1064,16,10,10,5,6,5,22,21,19,1.14 
2014,06,01,18:15,22,8,0,1064,16,7,9,6,7,1,22,15,11,1.10 
2014,06,01,18:15,22,8,1,1064,16,5,11,4,5,1,22,19,11,1.34 
2014,06,01,18:15,22,8,8,1064,13,16,4,11,9,5,22,16,23,0.79 
2014,05,31,15:00,711,22,6,1064,10,16,6,9,4,7,22,20,13,1.25 
2014,05,31,15:00,711,22,0,1064,12,16,8,7,4,9,22,17,17,0.95 
2014,05,22,21:30,22,210,1,1064,16,12,5,10,11,2,22,17,15,1.03 
2014,05,21,21:00,301,22,6,1064,9,16,7,8,2,8,22,11,14,0.77 
2014,05,19,21:15,250,22,6,1068,16,9,10,5,6,4,22,11,18,0.64 
2014,05,19,21:15,250,22,1,1068,16,1,14,1,2,0,22,6,16,0.38 
2014,05,19,21:09,210,22,6,1068,7,16,5,10,2,6,22,16,11,1.16 
2014,05,19,18:15,22,210,0,1068,22,20,8,7,7,8,22,26,26,0.94 
2014,05,18,20:20,250,22,1,1068,16,6,11,4,5,2,22,5,18,0.36 
2014,05,18,20:20,250,22,5,1068,10,16,5,10,5,6,22,15,18,0.82 
2014,05,18,20:20,22,250,6,1068,11,16,10,5,1,11,22,16,20,0.81 
2014,05,15,19:00,711,22,1,1064,11,16,7,8,4,8,22,25,13,1.44 
2014,05,14,22:30,22,1045,0,1064,8,16,8,7,0,9,22,12,16,0.76 
2014,05,08,19:00,22,250,6,1064,16,12,11,4,5,8,22,17,18,0.92 
2014,05,07,19:00,22,1001,6,1064,16,6,13,2,3,4,22,12,12,1.09 
2014,04,30,20:00,8,22,6,1064,13,16,8,7,5,9,22,14,19,0.78 
2014,04,28,23:40,22,250,1,1072,6,16,6,9,0,7,22,9,18,0.57 
2014,04,28,23:40,250,22,6,1072,11,16,8,7,3,9,22,21,13,1.20 
2014,04,28,23:40,22,250,5,1072,7,16,4,11,3,5,22,14,17,0.85 
2014,04,28,20:30,22,210,6,1072,25,22,10,5,5,10,22,35,27,1.15 
2014,04,28,20:30,210,22,0,1072,16,11,12,3,4,8,22,10,21,0.49 
2014,04,28,20:30,22,210,1,1072,16,11,9,6,7,5,22,22,16,1.25 
2014,04,22,20:00,1244,22,0,1075,7,16,7,8,0,8,22,16,12,1.15 
2014,04,22,20:00,22,1244,5,1075,16,8,12,3,4,5,22,11,12,0.86 
2014,04,19,14:00,250,22,5,1076,16,11,12,3,4,8,22,11,19,0.63 
2014,04,19,14:00,22,250,6,1076,15,19,11,4,4,11,22,19,23,0.87 
2014,04,19,10:00,22,210,0,1076,19,16,9,6,6,9,22,23,21,1.01 
2014,04,19,10:00,22,210,6,1076,22,20,10,5,5,10,22,18,32,0.59 
2014,04,18,21:00,22,1264,6,1076,16,11,12,3,4,8,22,23,15,1.42 
2014,04,18,21:00,1264,22,0,1076,9,16,6,9,3,7,22,21,12,1.25 
2014,04,18,17:00,599,22,5,1076,13,16,13,2,0,14,22,19,19,0.93 
2014,04,18,17:00,22,599,0,1076,16,4,13,2,3,2,22,26,4,2.09 
2014,04,15,20:00,132,22,0,1075,3,16,2,13,1,3,22,15,6,1.52 
2014,04,15,20:00,22,132,6,1075,16,11,13,2,3,9,22,11,16,0.67 
2014,04,01,20:25,22,284,0,1075,16,9,10,5,6,4,22,24,13,1.36 
2014,03,30,19:45,22,711,6,1080,16,8,8,7,8,1,22,20,9,1.40 
2014,03,30,19:45,22,711,5,1080,10,16,10,5,0,11,22,17,18,0.91 
2014,03,30,19:45,711,22,1,1080,16,12,12,3,4,9,22,16,22,0.82 
2014,03,30,19:45,22,711,0,1080,16,5,11,4,5,1,22,17,7,1.61 
2014,03,29,18:15,22,8,6,1080,19,17,13,2,2,13,22,28,22,1.19 
2014,03,29,18:15,22,8,0,1080,16,8,10,5,6,3,22,26,9,1.73 
2014,03,28,19:30,22,301,6,1080,16,3,12,3,4,0,22,14,7,1.31 
2014,03,28,19:30,22,301,1,1080,15,19,7,8,8,7,22,22,23,0.91 
2014,03,28,19:30,301,22,5,1080,14,16,13,2,1,14,22,14,22,0.65 
2014,03,23,19:45,287,22,5,1080,5,16,1,14,4,2,22,14,15,0.96 
2014,03,23,19:45,22,287,1,1080,6,16,2,13,4,3,22,13,15,0.96 
2014,03,23,19:45,22,287,0,1080,16,2,13,2,3,0,22,15,6,1.40 
2014,03,15,17:05,22,250,5,1082,5,16,4,11,1,5,22,8,19,0.40 
2014,03,15,17:05,250,22,6,1082,16,6,13,2,3,4,22,18,16,1.25 
2014,03,14,13:00,22,59,0,1082,16,11,6,9,10,2,22,19,14,1.22 
2014,03,14,13:00,22,59,1,1082,16,7,10,5,6,2,22,19,11,1.36 
2014,03,13,23:40,22,314,6,1082,16,8,10,5,6,3,22,22,8,1.58 
2014,03,13,22:15,22,1152,5,1082,16,8,14,1,2,7,22,15,12,1.00 
2014,03,11,20:35,711,22,6,1080,11,16,10,5,1,11,22,21,15,1.23 
2014,03,11,18:15,214,22,5,1080,9,16,5,10,4,6,22,20,16,1.15 
2014,02,21,20:45,250,22,5,1086,16,3,12,3,4,0,22,12,18,0.78 
2014,02,21,18:15,210,22,1,1086,16,5,11,4,5,1,22,6,17,0.42 
2013,12,17,17:50,935,941,5,1098,5,16,5,10,0,6,941,21,9,1.58 
2013,12,17,17:50,941,935,1,1098,16,4,11,4,5,0,941,25,6,2.08 
2013,12,17,17:50,941,935,2,1098,16,11,11,4,5,7,941,26,17,1.49 
2013,12,17,17:50,941,935,6,1098,12,16,11,4,1,12,941,21,21,1.00 
2013,12,14,19:30,1319,1312,5,1101,17,19,12,3,3,12,1319,20,28,0.85 
2013,12,14,19:30,1319,1312,6,1101,5,16,4,11,1,5,1319,13,17,0.84 
2013,12,14,19:30,1319,1312,1,1101,16,14,7,8,9,6,1319,24,19,1.14 
2013,12,14,12:15,1319,314,6,1101,16,0,15,0,1,0,1319,18,3,1.82 
2013,12,14,12:15,314,1319,1,1101,1,16,1,14,0,2,1319,17,7,1.59 
2013,12,13,17:15,1319,250,5,1103,4,16,2,13,2,3,1319,7,19,0.36 
2013,12,13,17:15,250,1319,6,1103,16,7,10,5,6,2,1319,10,20,0.49 
2013,12,12,21:15,1317,1319,1,1103,10,16,6,9,4,7,1319,21,15,1.40 
2013,12,12,21:15,1317,1319,5,1103,15,19,11,4,4,11,1319,23,22,0.94 
2013,12,08,15:00,937,941,5,1098,17,21,11,4,4,11,941,25,24,0.99 
2013,12,08,15:00,941,937,2,1098,16,3,12,3,4,0,941,21,7,1.55 
2013,12,08,15:00,937,941,1,1098,16,8,12,3,4,5,941,17,17,1.02 
2013,12,07,21:00,941,936,1,1098,16,6,10,5,6,1,941,25,13,1.63 
2013,12,07,21:00,941,936,5,1098,21,18,11,4,4,11,941,30,20,1.20 
2013,12,07,21:00,936,941,6,1098,16,3,12,3,4,0,941,3,17,0.22 
2013,12,06,20:00,938,941,5,1098,13,16,8,7,5,9,941,21,21,0.91 
2013,12,06,20:00,941,938,6,1098,16,9,10,5,6,4,941,20,14,1.17 
2013,12,02,20:15,1312,384,6,1103,3,16,3,12,0,4,384,10,10,0.87 
2013,12,02,19:15,314,384,6,1103,7,16,4,11,3,5,384,12,15,0.92 
2013,11,29,20:00,1317,384,0,1105,16,12,7,8,9,4,384,23,18,1.33 
2013,11,29,20:00,1317,384,6,1105,5,16,5,10,0,6,384,20,11,1.49 
2013,11,29,20:00,1317,384,1,1105,16,6,10,5,6,1,384,8,18,0.53 
2013,11,29,17:00,384,1311,5,1105,16,7,12,3,4,4,384,12,13,0.82 
2013,11,29,16:18,384,302,6,1105,16,11,9,6,7,5,384,26,14,1.64 
2013,11,02,09:30,1311,384,1,1110,16,13,10,5,6,8,384,21,21,1.01 
2013,11,02,09:30,384,1311,6,1110,5,16,4,11,1,5,384,16,19,0.88 
2013,10,31,16:30,384,1317,5,1110,16,13,11,4,5,9,384,21,17,1.16 
2013,10,31,15:30,384,1340,0,1110,16,1,14,1,2,0,384,13,1,1.48 
2013,10,31,14:30,287,384,1,1110,8,16,6,9,2,7,384,15,14,0.96 
2013,10,27,17:00,250,384,6,1112,16,6,13,2,3,4,384,13,17,0.84 
2013,10,27,17:00,250,384,5,1112,16,6,14,1,2,5,384,11,18,0.62 
2013,10,27,17:00,384,250,1,1112,16,14,2,13,14,1,384,20,21,0.95 
2013,10,27,12:00,210,384,0,1112,11,16,8,7,3,9,384,21,16,1.20 
2013,10,26,15:00,1317,384,6,1112,16,4,11,4,5,0,384,7,16,0.48 
2013,10,26,14:00,1312,384,8,1112,9,16,5,10,4,6,384,21,12,1.40 
2013,10,17,23:00,953,941,11,1098,12,16,9,6,3,10,941,24,19,1.12 
2013,10,08,20:00,384,1345,10,1116,16,2,13,2,3,0,384,11,8,1.03 
2013,10,08,19:00,1348,384,9,1116,3,16,3,12,0,4,384,21,7,1.59 
2013,10,06,20:00,941,103,9,1098,16,4,11,4,5,0,941,19,6,1.55 
2013,10,06,19:00,941,954,10,1098,16,14,8,7,8,7,941,17,18,0.88 
2013,09,29,21:00,384,1269,10,1122,16,11,10,5,6,6,384,17,15,0.93 
2013,09,29,21:00,384,1269,11,1122,6,16,5,10,1,6,384,12,15,0.75 
2013,09,29,21:00,1269,384,9,1122,7,16,4,11,3,5,384,21,11,1.37 
2013,09,29,18:15,1215,384,9,1122,11,16,8,7,3,9,384,14,16,0.83 
2013,09,29,18:15,1215,384,11,1122,8,16,2,13,6,3,384,21,12,1.43 
2013,09,29,15:10,384,1305,10,1122,16,1,14,1,2,0,384,15,5,1.48 
2013,09,29,15:10,1305,384,9,1122,10,16,3,12,7,4,384,25,17,1.40 
2013,09,25,21:00,1345,384,9,1125,23,26,3,12,12,3,384,33,33,0.96 
2013,09,25,21:00,384,1345,13,1125,16,6,12,3,4,3,384,15,10,1.23 
2013,09,25,21:00,384,841,11,1125,16,6,10,5,6,1,384,22,12,1.50 
2013,09,24,21:00,158,384,11,1125,10,16,3,12,7,4,384,20,17,1.06 
2013,09,24,20:00,1260,384,9,1125,14,16,4,11,10,5,384,19,19,0.92 
2013,09,17,21:00,384,215,11,1125,9,16,6,9,3,7,384,13,19,0.77 
2013,09,17,20:00,1060,384,9,1125,2,16,2,13,0,3,384,17,8,1.56 
2013,09,14,20:55,384,215,9,1126,13,16,4,11,9,5,384,11,22,0.59 
2013,09,14,20:55,215,384,10,1126,16,8,8,7,8,1,384,13,17,0.81 
2013,09,14,11:30,1312,384,10,1126,17,19,4,11,11,4,384,27,20,1.15 
2013,09,14,09:00,384,441,11,1126,16,7,10,5,6,2,384,14,12,1.02 
2013,09,10,21:00,384,1312,9,1125,9,16,7,8,2,8,384,15,20,0.76 
2013,09,10,20:00,384,158,13,1125,16,5,12,3,4,2,384,19,11,1.50 
2013,09,04,21:00,250,384,11,1125,16,6,10,5,6,1,384,11,19,0.61 
2013,09,04,21:00,384,250,10,1125,22,26,10,5,5,10,384,34,33,1.00 
2013,09,04,21:00,384,250,9,1125,16,14,10,5,6,9,384,14,22,0.67 
2013,09,04,20:00,384,1317,10,1125,16,14,12,3,4,11,384,18,18,0.92 
2013,09,03,21:00,384,1347,11,1125,16,11,7,8,9,3,384,14,15,1.03 
2013,09,03,20:00,384,1348,11,1125,16,7,13,2,3,5,384,18,9,1.37 
2013,09,01,20:00,384,250,9,1117,10,16,7,8,3,8,384,11,20,0.68 
2013,09,01,19:00,841,384,13,1117,6,16,5,10,1,6,384,15,9,1.24 
2013,08,30,20:00,1311,384,11,1117,16,8,9,6,7,2,384,12,20,0.61 
2013,08,28,21:00,1045,384,11,1117,16,14,10,5,6,9,384,14,21,0.75 
2013,08,28,21:00,1312,384,13,1117,16,5,11,4,5,1,384,9,19,0.49 
2013,08,14,20:00,1317,384,10,1130,16,14,8,7,8,7,384,17,16,0.91 
2013,08,14,20:00,1317,384,9,1130,16,10,6,9,10,1,384,22,21,1.20 
2013,08,11,20:00,210,384,11,1132,14,16,12,3,2,13,384,18,22,0.80 
2013,08,11,19:00,384,1371,9,1132,16,1,14,1,2,0,384,12,10,1.06 
2013,06,30,15:00,210,1317,10,1137,11,16,10,5,1,11,210,18,17,0.99 
2013,06,30,15:00,1317,210,9,1137,21,17,8,7,7,8,210,36,24,1.32 
2013,06,29,13:00,301,210,10,1137,11,16,6,9,5,7,210,26,16,1.44 
2013,06,29,13:00,301,210,13,1137,13,16,6,9,7,7,210,24,19,1.19 
2013,06,25,20:00,210,1312,10,1138,16,5,11,4,5,1,210,18,8,1.36 
2013,06,24,18:00,749,210,13,1138,4,16,1,14,3,2,210,23,11,1.73 
2013,06,21,19:00,210,705,10,1138,16,11,12,3,4,8,210,26,16,1.48 
2013,06,20,22:00,287,210,13,1138,13,16,7,8,6,8,210,26,13,1.41 
2013,06,20,21:00,210,1093,10,1138,16,7,10,5,6,2,210,18,13,1.19 
2013,06,20,20:00,1323,210,13,1138,7,16,7,8,0,8,210,25,12,1.60 
2013,06,20,19:00,210,215,12,1138,16,11,8,7,8,4,210,15,18,0.78 
2013,06,16,22:00,698,210,9,1139,19,16,5,10,10,5,210,20,22,0.90 
2013,06,16,21:00,210,49,10,1139,16,8,12,3,4,5,210,19,13,1.18 
2013,06,16,18:00,698,210,12,1139,16,2,13,2,3,0,210,9,16,0.64 
2013,06,12,21:00,1383,210,10,1141,11,16,9,6,2,10,210,15,14,0.92 
2013,06,12,20:00,517,210,10,1141,8,16,5,10,3,6,210,26,11,1.78 
2013,06,12,19:00,250,210,7,1141,8,16,7,8,1,8,210,15,15,1.00 
2013,06,10,21:00,210,49,10,1138,16,12,5,10,11,2,210,22,20,0.99 
2013,06,07,19:00,210,1383,10,1142,4,16,4,11,0,5,210,5,17,0.33 
2013,06,07,19:00,210,1383,9,1142,9,16,6,9,3,7,210,10,17,0.62 
2013,05,30,22:00,287,210,9,1142,13,16,8,7,5,9,210,17,18,0.90 
2013,05,29,22:00,1106,210,9,1138,7,16,4,11,3,5,210,19,12,1.22 
2013,05,29,21:00,210,275,10,1142,16,0,15,0,1,0,210,17,3,1.84 
2013,05,29,20:00,841,210,10,1142,14,16,10,5,4,11,210,24,22,1.12 
2013,05,28,22:30,210,301,10,1142,7,16,4,11,3,5,210,17,17,1.03 
2013,05,28,21:00,210,215,10,1143,5,16,5,10,0,6,210,12,17,0.74 
2013,05,28,20:00,210,275,10,1143,21,17,5,10,10,5,210,28,24,1.19 
2013,05,27,22:00,250,210,13,1138,16,3,13,2,3,1,210,14,17,0.98 
2013,05,27,19:00,250,210,13,1142,16,8,12,3,4,5,210,13,19,0.77 
2013,05,23,22:00,210,841,10,1138,4,16,1,14,3,2,210,18,16,1.26 
2013,05,22,21:00,1370,210,9,1143,16,13,9,6,7,7,210,16,23,0.71 
2013,05,22,21:00,1370,210,13,1143,16,8,13,2,3,6,210,18,21,0.90 
2013,05,22,21:00,210,215,10,1143,16,4,11,4,5,0,210,29,5,2.64 
2013,05,21,21:00,210,384,13,1143,16,14,11,4,5,10,210,22,19,1.05 
2013,05,21,20:00,210,1383,13,1143,16,8,12,3,4,5,210,19,12,1.26 
2013,05,20,20:00,8,210,9,1138,16,12,5,10,11,2,210,5,22,0.34 
2013,05,20,19:00,210,1149,10,1138,16,4,11,4,5,0,210,18,7,1.60 
2013,05,14,20:00,210,1393,10,1143,13,16,7,8,6,8,210,9,18,0.62 
2013,05,13,20:00,210,1391,10,1138,16,4,12,3,4,1,210,13,7,1.19 
2013,04,14,17:00,210,250,13,1151,7,16,6,9,1,7,210,14,17,0.82 
2013,04,14,17:00,210,250,9,1151,6,16,3,12,3,4,210,13,20,0.70 
2013,04,14,11:00,1395,210,12,1151,10,16,6,9,4,7,210,18,17,0.99 
2013,04,14,11:00,1395,210,9,1151,16,5,12,3,4,2,210,11,16,0.77 
2013,04,14,11:00,210,1395,10,1151,21,18,5,10,10,5,210,32,23,1.23 
2013,04,13,17:00,1214,210,10,1151,5,16,3,12,2,4,210,25,13,1.77 
2013,04,13,17:00,1214,210,9,1151,1,16,1,14,0,2,210,19,6,1.77 
2013,04,07,17:15,1317,210,9,1152,16,10,6,9,10,1,210,13,21,0.64 
2013,04,07,17:15,210,1317,10,1152,6,16,6,9,0,7,210,11,14,0.75 
2013,04,07,14:00,210,1370,13,1152,16,4,11,4,5,0,210,17,11,1.19 
2013,04,07,14:00,1370,210,9,1152,11,16,8,7,3,9,210,23,16,1.30 
2013,04,07,14:00,210,1370,12,1152,10,16,5,10,5,6,210,20,20,0.95 
2013,04,07,10:00,210,1383,13,1152,16,12,12,3,4,9,210,17,17,0.89 
2013,04,07,10:00,210,1383,9,1152,6,16,4,11,2,5,210,10,14,0.76 
2013,04,07,10:00,1383,210,10,1152,9,16,4,11,5,5,210,17,14,0.97 
2013,04,06,16:00,210,1370,12,1152,16,8,10,5,6,3,210,24,12,1.44 
2013,04,06,14:45,1410,210,12,1152,13,16,8,7,5,9,210,30,17,1.60 
2013,04,06,13:30,210,314,10,1152,15,15,7,8,8,7,210,23,18,1.12 
2013,04,06,11:00,599,210,9,1152,16,9,6,9,10,0,210,15,21,0.82 
2013,04,03,21:30,1317,210,9,1154,16,9,7,8,9,1,210,17,21,0.79 
2013,04,03,20:30,210,1151,10,1154,16,2,13,2,3,0,210,12,10,1.05 
2013,04,03,19:30,210,218,10,1154,16,12,9,6,7,6,210,26,18,1.36 
2013,03,30,18:30,1370,210,9,1155,16,10,10,5,6,5,210,15,19,0.81 
2013,03,30,13:30,210,250,9,1155,8,16,7,8,1,8,210,21,18,1.27 
2013,03,30,13:30,210,250,13,1155,4,16,3,12,1,4,210,11,16,0.68 
2013,03,30,10:00,698,210,12,1155,14,16,12,3,2,13,210,27,17,1.34 
2013,03,30,10:00,210,698,10,1155,16,7,11,4,5,3,210,22,13,1.47 
2013,03,30,00:15,1353,210,9,1155,10,16,7,8,3,8,210,16,16,0.96 
2013,03,30,00:15,210,1353,10,1155,16,2,13,2,3,0,210,21,6,1.94 
2013,03,29,17:00,215,210,9,1155,22,18,4,11,11,4,210,31,28,1.02 
2013,03,29,17:00,215,210,12,1155,16,6,10,5,6,1,210,12,18,0.63 
2013,03,29,17:00,215,210,10,1155,10,16,4,11,6,5,210,17,19,0.92 
2013,03,29,13:30,210,320,13,1155,16,9,11,4,5,5,210,18,14,1.10 
2013,03,29,13:30,320,210,10,1155,0,16,0,15,0,1,210,25,5,2.48 
2013,03,29,10:00,52,210,13,1155,13,16,6,9,7,7,210,25,19,1.18 
2013,03,29,10:00,210,52,12,1155,12,16,10,5,2,11,210,13,21,0.64 
2013,03,29,10:00,52,210,10,1155,14,16,7,8,7,8,210,13,21,0.64 
2013,03,24,20:00,210,1106,10,1158,16,8,13,2,3,6,210,16,13,1.08 
2013,03,21,21:00,250,210,10,1158,16,14,11,4,5,10,210,20,23,0.96 
2013,03,19,20:00,8,210,10,1158,15,15,10,5,5,10,210,22,21,1.03 
2013,03,19,19:00,215,210,9,1158,13,16,7,8,6,8,210,28,17,1.45 
2013,03,18,21:00,1383,210,9,1158,9,16,4,11,5,5,210,18,14,1.19 
2013,03,14,20:00,210,301,10,1164,7,16,4,11,3,5,210,12,17,0.77 
2013,03,13,21:00,210,1395,10,1164,16,9,13,2,3,7,210,19,12,1.36 
2013,03,13,20:00,210,1001,10,1164,16,2,15,0,1,2,210,18,6,1.64 
2013,03,13,19:00,210,1438,12,1164,16,2,13,2,3,0,210,22,8,1.96 
2013,03,13,18:00,1180,210,10,1158,2,16,1,14,1,2,210,19,9,1.77 
2013,03,12,22:00,214,210,10,1158,5,16,5,10,0,6,210,20,10,1.62 
2013,03,12,20:00,210,1407,10,1158,16,4,12,3,4,1,210,19,11,1.48 
2013,03,07,22:15,1323,210,10,1158,7,16,4,11,3,5,210,21,11,1.37 
