2016,08,13,16:00,73,74,0,463,1,16,1,14,0,2,74,20,9,1.71 
2016,08,13,16:00,73,74,14,463,1,16,1,14,0,2,74,13,9,1.09 
2016,08,08,15:15,56,147,0,488,4,16,3,12,1,4,147,27,11,2.02 
2016,08,08,15:15,147,56,14,488,16,11,6,9,10,2,147,22,17,1.33 
2016,08,03,22:00,147,42,0,487,5,16,3,12,2,4,147,16,20,0.95 
2016,08,03,22:00,42,147,7,487,16,6,10,5,6,1,147,17,17,1.02 
2016,07,17,18:30,177,147,14,498,13,16,5,10,8,6,147,16,21,0.75 
2016,07,17,18:30,147,177,0,498,11,16,6,9,5,7,147,12,24,0.50 
2016,07,05,17:25,147,42,0,499,6,16,5,10,1,6,147,9,20,0.47 
2016,07,05,17:25,42,147,1,499,16,5,10,5,6,0,147,8,19,0.45 
2016,07,04,21:15,147,136,1,487,16,4,14,1,2,3,147,21,11,1.62 
2016,07,04,21:15,147,136,0,487,16,7,13,2,3,5,147,27,12,1.72 
2016,07,04,21:15,136,147,2,487,16,7,12,3,4,4,147,14,18,0.76 
2016,06,29,22:15,42,147,14,488,29,31,5,10,10,5,147,51,40,1.26 
2016,06,29,16:00,147,260,0,498,9,16,7,8,2,8,147,7,20,0.42 
2016,06,29,16:00,260,147,7,498,16,7,11,4,5,3,147,16,17,0.92 
2016,06,28,21:45,147,29,14,487,3,16,3,12,0,4,147,3,17,0.22 
2016,06,28,21:45,147,29,4,487,15,19,10,5,5,10,147,26,19,1.12 
2016,06,28,21:45,29,147,0,487,9,16,4,11,5,5,147,20,12,1.16 
2016,06,27,20:30,102,147,14,488,10,16,9,6,1,10,147,16,16,1.01 
2016,06,15,18:30,102,147,14,498,11,16,5,10,6,6,147,26,15,1.45 
2016,06,15,18:30,102,147,2,498,14,16,12,3,2,13,147,19,18,0.93 
2016,06,02,20:00,297,147,0,498,16,6,13,2,3,4,147,13,16,0.87 
2016,06,02,20:00,147,297,2,498,5,16,4,11,1,5,147,11,12,0.87 
2016,06,01,22:00,147,29,7,498,8,16,6,9,2,7,147,12,19,0.64 
2016,06,01,22:00,147,29,14,498,13,16,4,11,9,5,147,19,21,0.85 
2016,05,30,17:15,384,147,0,499,16,14,7,8,9,6,147,16,20,0.78 
2016,05,30,17:15,147,384,1,499,16,9,8,7,8,2,147,22,16,1.26 
2016,05,30,17:15,384,147,4,499,16,2,13,2,3,0,147,8,17,0.45 
2016,05,29,12:15,147,152,7,546,4,16,1,14,3,2,147,13,18,0.71 
2016,05,29,12:15,147,152,2,546,16,9,11,4,5,5,147,16,15,1.00 
2016,05,29,12:15,152,147,14,546,16,12,10,5,6,7,147,12,25,0.53 
2016,05,28,18:30,147,233,14,546,16,7,12,3,4,4,147,25,13,1.57 
2016,05,23,22:25,262,147,0,498,12,16,6,9,6,7,147,25,20,1.19 
2016,05,23,22:25,262,147,14,498,7,16,6,9,1,7,147,22,13,1.43 
2016,05,18,20:00,101,147,5,498,22,19,10,5,5,10,147,21,35,0.62 
2016,05,18,20:00,147,101,1,498,8,16,3,12,5,4,147,17,14,1.15 
2016,05,18,17:15,147,331,7,499,16,5,12,3,4,2,147,12,12,0.91 
2016,05,18,17:15,147,331,1,499,16,9,11,4,5,5,147,18,15,1.02 
2016,05,10,20:15,147,445,2,499,16,1,14,1,2,0,147,19,6,1.80 
2016,05,10,20:15,147,445,7,499,16,6,11,4,5,2,147,16,9,1.20 
2016,05,04,20:20,287,147,7,499,19,15,9,6,6,9,147,29,22,1.19 
2016,05,04,20:20,147,287,14,499,13,16,10,5,3,11,147,25,21,1.21 
2016,04,25,18:30,384,147,6,536,16,9,10,5,6,4,147,14,17,0.78 
2016,04,25,18:30,384,147,0,536,16,5,10,5,6,0,147,12,19,0.67 
2016,04,12,21:20,196,147,4,590,16,8,8,7,8,1,147,14,19,0.71 
2016,04,12,21:20,196,147,6,590,16,6,12,3,4,3,147,11,17,0.71 
2016,04,12,21:20,147,196,14,590,19,16,9,6,6,9,147,26,25,0.95 
2016,04,08,20:45,52,498,14,551,16,11,9,6,7,5,498,16,19,0.91 
2016,04,08,20:45,498,52,4,551,5,16,5,10,0,6,498,5,20,0.24 
2016,03,27,19:00,260,507,14,579,5,16,5,10,0,6,260,8,18,0.49 
2016,03,25,15:20,260,29,2,619,7,16,2,13,5,3,260,21,19,1.21 
2016,03,25,13:00,260,59,7,619,11,16,8,7,3,9,260,20,19,1.01 
2016,03,25,11:50,260,360,6,619,16,7,11,4,5,3,260,16,14,1.00 
2016,03,24,23:00,260,539,7,623,16,5,10,5,6,0,260,15,8,1.24 
2016,03,24,23:00,260,539,14,623,16,5,13,2,3,3,260,7,11,0.72 
2016,03,24,19:00,545,260,4,623,11,16,5,10,6,6,260,22,18,1.15 
2016,03,24,19:00,260,545,6,623,16,5,14,1,2,4,260,20,10,1.39 
2016,03,24,15:30,359,260,14,623,3,16,3,12,0,4,260,18,8,1.45 
2016,03,24,13:00,260,558,1,623,16,2,13,2,3,0,260,19,4,1.84 
2016,03,16,22:15,22,147,4,590,16,11,7,8,9,3,147,23,22,1.14 
2016,03,16,22:15,147,22,2,590,10,16,6,9,4,7,147,21,19,1.14 
2016,03,16,00:00,472,147,6,536,16,10,9,6,7,4,147,10,18,0.64 
2016,03,16,00:00,147,472,4,536,13,16,10,5,3,11,147,26,19,1.27 
2016,03,09,22:30,49,147,7,593,16,12,8,7,8,5,147,23,19,1.13 
2016,03,09,19:25,147,22,0,593,6,16,4,11,2,5,147,13,19,0.76 
2016,03,07,23:15,147,517,6,590,16,4,13,2,3,2,147,31,9,2.32 
2016,03,07,23:15,147,517,0,590,7,16,4,11,3,5,147,11,20,0.56 
2016,03,07,23:15,517,147,7,590,14,16,9,6,5,10,147,23,19,1.15 
2016,02,21,11:00,674,360,14,648,4,16,1,14,3,2,674,17,16,1.22 
2016,02,21,11:00,360,674,0,648,16,10,12,3,4,7,674,24,19,1.24 
2016,02,21,11:00,360,674,7,648,12,16,9,6,3,10,674,20,18,1.01 
2016,02,20,20:30,674,455,14,648,16,9,10,5,6,4,674,19,14,1.30 
2016,02,20,20:30,674,455,0,648,16,14,6,9,10,5,674,16,19,0.88 
2016,02,20,20:30,674,455,7,648,12,16,7,8,5,8,674,12,21,0.69 
2016,02,20,17:30,513,674,7,648,7,16,2,13,5,3,674,26,9,1.77 
2016,02,20,17:30,513,674,1,648,3,16,3,12,0,4,674,25,10,1.94 
2016,02,20,11:00,674,455,0,648,14,16,7,8,7,8,674,22,21,1.13 
2016,02,14,21:30,147,517,7,590,16,8,11,4,5,4,147,26,12,1.63 
2016,02,14,20:00,147,196,2,590,16,8,8,7,8,1,147,32,11,1.97 
2016,02,11,19:00,147,30,1,656,16,7,10,5,6,2,147,26,10,1.66 
2016,02,11,19:00,147,30,7,656,16,12,10,5,6,7,147,22,20,1.03 
2016,02,08,21:00,458,147,14,656,5,16,4,11,1,5,147,18,10,1.28 
2016,02,05,22:00,507,537,0,662,0,16,0,15,0,1,507,7,15,0.53 
2016,01,30,20:45,696,147,2,664,16,5,13,2,3,3,147,11,17,0.70 
2016,01,30,20:45,147,696,0,664,38,41,11,4,4,11,147,36,58,0.68 
2016,01,30,15:00,698,147,0,664,13,16,7,8,6,8,147,27,20,1.33 
2016,01,30,13:30,696,147,14,664,16,2,13,2,3,0,147,6,18,0.28 
2016,01,08,18:15,717,360,2,664,16,5,10,5,6,0,717,23,9,1.66 
2016,01,08,18:15,360,717,7,664,11,16,4,11,7,5,717,28,14,1.54 
2015,12,18,21:15,147,742,6,694,16,19,10,5,5,10,147,22,24,0.91 
2015,12,18,21:15,147,742,0,694,9,16,9,6,0,10,147,10,22,0.46 
2015,12,17,21:00,302,147,4,654,16,10,7,8,9,2,147,14,21,0.74 
2015,12,17,21:00,302,147,14,654,16,3,12,3,4,0,147,8,18,0.39 
2015,12,15,21:00,214,147,14,654,16,10,9,6,7,4,147,16,21,0.80 
2015,12,15,21:00,214,147,0,654,21,19,7,8,8,7,147,25,31,0.85 
2015,12,15,18:00,756,278,14,697,14,16,9,6,5,10,756,25,24,1.09 
2015,12,15,18:00,278,756,6,697,16,12,7,8,9,4,756,15,21,0.80 
2015,12,02,18:00,270,147,4,721,19,16,4,11,11,4,147,31,23,1.27 
2015,12,02,18:00,270,147,6,721,11,16,11,4,0,12,147,22,19,1.20 
2015,12,02,18:00,270,147,7,721,16,9,9,6,7,3,147,8,18,0.54 
2015,12,01,21:00,147,302,0,721,16,19,11,4,4,11,147,24,25,1.00 
2015,12,01,21:00,147,302,2,721,6,16,4,11,2,5,147,10,19,0.57 
2015,12,01,21:00,147,302,14,721,16,10,7,8,9,2,147,16,17,0.93 
2015,11,26,19:00,147,383,4,654,16,14,13,2,3,12,147,17,18,0.99 
2015,11,26,19:00,147,383,14,654,16,13,7,8,9,5,147,19,14,1.09 
2015,11,21,18:00,147,383,2,657,16,13,9,6,7,7,147,13,21,0.68 
2015,11,21,18:00,383,147,7,657,16,11,7,8,9,3,147,12,20,0.65 
2015,11,21,18:00,383,147,14,657,7,16,6,9,1,7,147,17,16,1.07 
2015,11,20,21:00,147,730,4,657,16,13,10,5,6,8,147,12,21,0.67 
2015,11,20,21:00,730,147,0,657,16,14,8,7,8,7,147,20,21,1.09 
2015,11,20,21:00,730,147,14,657,6,16,6,9,0,7,147,16,12,1.11 
2015,11,16,21:00,147,22,14,593,11,16,4,11,7,5,147,18,20,0.83 
2015,11,16,21:00,147,22,2,593,16,14,10,5,6,9,147,21,21,0.95 
2015,11,16,21:00,147,22,7,593,3,16,3,12,0,4,147,7,17,0.49 
2015,11,04,18:00,147,439,0,654,16,8,10,5,6,3,147,15,18,0.87 
2015,11,04,18:00,147,439,7,654,6,16,3,12,3,4,147,12,19,0.62 
2015,10,28,19:30,147,584,7,593,16,4,14,1,2,3,147,13,11,1.08 
2015,10,28,19:30,584,147,14,593,16,7,9,6,7,1,147,14,17,0.85 
2015,10,28,19:30,584,147,0,593,10,16,8,7,2,9,147,17,16,1.08 
2015,10,23,20:00,647,147,7,654,16,9,7,8,9,1,147,18,18,0.99 
2015,10,23,20:00,647,147,14,654,12,16,6,9,6,7,147,19,18,1.09 
2015,10,22,20:00,147,8,4,593,12,16,6,9,6,7,147,23,18,1.21 
2015,10,22,20:00,8,147,0,593,16,7,10,5,6,2,147,18,19,1.00 
2015,10,14,21:45,302,147,4,784,11,16,7,8,4,8,147,19,18,1.05 
2015,10,14,21:45,147,302,14,784,16,6,9,6,7,0,147,18,14,1.30 
2015,10,13,18:00,642,147,4,784,12,16,9,6,3,10,147,18,17,1.02 
2015,10,13,18:00,642,147,6,784,16,14,8,7,8,7,147,24,22,1.00 
2015,10,13,18:00,642,147,14,784,14,16,9,6,5,10,147,23,19,1.13 
2015,10,12,18:00,59,147,0,654,14,16,9,6,5,10,147,24,21,1.09 
2015,10,12,18:00,147,59,14,654,12,16,9,6,3,10,147,21,21,1.02 
2015,10,11,18:00,392,147,14,593,9,16,2,13,7,3,147,27,17,1.42 
2015,10,11,18:00,392,147,0,593,7,16,7,8,0,8,147,10,12,0.83 
2015,10,07,22:15,711,945,6,783,13,16,7,8,6,8,945,19,17,0.95 
2015,10,07,22:15,945,711,14,783,5,16,4,11,1,5,945,18,17,1.06 
2015,10,04,18:30,868,384,0,790,16,14,6,9,10,5,384,34,19,1.54 
2015,10,04,18:30,384,868,14,790,9,16,6,9,3,7,384,16,19,0.92 
2015,10,04,18:30,868,384,7,790,14,16,6,9,8,7,384,20,22,0.99 
2015,10,01,20:15,384,196,14,784,16,8,13,2,3,6,384,18,11,1.19 
2015,10,01,20:15,196,384,7,784,7,16,4,11,3,5,384,20,15,1.24 
2015,10,01,20:15,196,384,0,784,19,17,9,6,6,9,384,29,27,1.20 
2015,10,01,18:00,439,945,4,741,16,12,7,8,9,4,945,20,26,0.82 
2015,10,01,18:00,439,945,14,741,16,11,11,4,5,7,945,11,22,0.62 
2015,09,29,22:30,961,723,0,801,1,16,1,14,0,2,961,4,17,0.20 
2015,09,29,21:15,873,961,1,801,2,16,2,13,0,3,961,22,11,1.66 
2015,09,29,20:30,956,74,1,799,16,4,14,1,2,3,74,9,17,0.61 
2015,09,29,19:20,74,939,7,799,16,12,8,7,8,5,74,31,19,1.64 
2015,09,28,22:15,214,945,7,783,16,12,6,9,10,3,945,27,20,1.37 
2015,09,28,22:15,945,214,14,783,4,16,3,12,1,4,945,17,15,1.20 
2015,09,28,19:35,74,942,14,799,6,16,3,12,3,4,74,11,20,0.57 
2015,09,28,18:30,74,139,7,799,15,15,8,7,7,8,74,22,21,1.03 
2015,09,23,20:20,297,945,2,741,9,16,5,10,4,6,945,17,13,1.08 
2015,09,23,20:20,297,945,6,741,5,16,4,11,1,5,945,20,15,1.33 
2015,09,20,22:35,13,945,4,783,16,7,9,6,7,1,945,6,21,0.29 
2015,09,20,22:35,945,13,6,783,17,19,5,10,10,5,945,21,24,0.84 
2015,09,20,18:00,642,945,14,741,16,9,11,4,5,5,945,22,17,1.30 
2015,09,20,18:00,945,642,4,741,25,21,4,11,11,4,945,46,27,1.48 
2015,09,18,22:00,945,458,0,741,10,16,6,9,4,7,945,15,21,0.68 
2015,09,18,22:00,458,945,7,741,19,16,7,8,8,7,945,27,26,1.05 
2015,09,17,22:30,74,937,1,799,2,16,2,13,0,3,74,12,15,0.76 
2015,09,16,22:15,945,292,0,783,9,16,5,10,4,6,945,17,19,0.95 
2015,09,16,22:15,292,945,7,783,16,14,7,8,9,6,945,23,20,1.07 
2015,09,16,20:00,384,945,7,783,14,16,5,10,9,6,945,21,21,0.96 
2015,09,16,20:00,945,384,0,783,11,16,8,7,3,9,945,18,21,0.93 
2015,09,14,22:15,472,945,7,783,16,7,11,4,5,3,945,21,16,1.26 
2015,09,14,22:15,945,472,4,783,8,16,4,11,4,5,945,14,18,0.72 
2015,09,09,20:00,888,945,0,741,15,19,10,5,5,10,945,29,22,1.19 
2015,09,09,20:00,945,888,14,741,16,7,9,6,7,1,945,25,9,1.73 
2015,09,09,18:00,945,331,4,741,12,16,8,7,4,9,945,12,24,0.50 
2015,09,09,18:00,331,945,7,741,10,16,7,8,3,8,945,18,17,0.99 
2015,09,05,19:40,993,756,7,766,16,9,11,4,5,5,756,16,21,0.83 
2015,09,02,20:00,22,945,2,741,16,3,12,3,4,0,945,6,18,0.31 
2015,09,02,20:00,22,945,4,741,8,16,7,8,1,8,945,19,9,1.36 
2015,09,01,22:15,302,945,0,741,7,16,5,10,2,6,945,16,16,0.93 
2015,09,01,22:15,302,945,2,741,11,16,5,10,6,6,945,20,18,1.04 
2015,09,01,20:15,980,945,7,783,12,16,8,7,4,9,945,13,15,0.81 
2015,09,01,20:15,945,980,14,783,16,8,8,7,8,1,945,19,16,1.18 
2015,08,31,18:00,314,945,4,741,14,16,6,9,8,7,945,17,18,0.86 
2015,08,31,18:00,945,314,6,741,12,16,11,4,1,12,945,18,20,0.96 
2015,08,27,20:15,945,59,6,783,9,16,6,9,3,7,945,13,19,0.70 
2015,08,27,20:15,59,945,14,783,16,9,12,3,4,6,945,21,20,0.98 
2015,08,26,22:45,380,945,7,783,19,22,7,8,8,7,945,27,28,1.04 
2015,08,26,22:45,945,380,0,783,10,16,10,5,0,11,945,13,22,0.61 
2015,08,26,20:45,945,22,4,783,9,16,2,13,7,3,945,21,19,1.11 
2015,08,26,20:45,22,945,0,783,19,17,8,7,7,8,945,24,26,1.01 
2015,08,26,18:30,945,472,2,741,16,14,5,10,11,4,945,17,18,0.95 
2015,08,26,18:30,945,472,7,741,14,16,10,5,4,11,945,20,23,0.90 
2015,08,26,16:00,13,945,6,741,19,16,11,4,4,11,945,21,26,0.79 
2015,08,26,16:00,13,945,0,741,16,14,6,9,10,5,945,21,19,1.00 
2015,08,19,22:30,1029,841,14,847,16,19,8,7,7,8,1029,41,26,1.59 
2015,08,19,20:30,945,196,6,783,10,16,3,12,7,4,945,19,22,0.94 
2015,08,19,20:30,196,945,7,783,14,16,7,8,7,8,945,24,17,1.18 
2015,08,19,20:00,944,1029,6,847,16,12,9,6,7,6,1029,13,22,0.62 
2015,08,19,20:00,1029,944,7,847,5,16,3,12,2,4,1029,10,19,0.59 
2015,08,17,21:00,647,384,4,848,13,16,8,7,5,9,384,27,19,1.28 
2015,08,17,21:00,384,647,6,848,16,12,11,4,5,8,384,18,16,1.03 
2015,08,10,20:00,59,945,14,858,16,7,10,5,6,2,945,14,17,0.85 
2015,08,10,20:00,59,945,7,858,16,19,6,9,9,6,945,23,26,0.92 
2015,08,10,20:00,945,59,4,858,12,16,8,7,4,9,945,17,21,0.81 
2015,07,28,18:00,945,59,6,593,12,16,10,5,2,11,945,19,19,1.04 
2015,07,28,18:00,945,59,1,593,6,16,6,9,0,7,945,12,20,0.61 
2015,07,28,18:00,945,59,7,593,16,12,12,3,4,9,945,26,19,1.31 
2015,07,25,18:45,13,945,14,872,16,3,12,3,4,0,945,8,18,0.46 
2015,07,25,15:45,945,22,14,872,14,16,8,7,6,9,945,21,22,0.92 
2015,07,25,13:30,490,945,7,872,7,16,3,12,4,4,945,20,14,1.32 
2015,07,19,18:00,292,945,7,593,10,16,6,9,4,7,945,26,15,1.56 
2015,07,19,18:00,945,292,2,593,16,11,10,5,6,6,945,19,21,0.92 
2015,07,05,18:00,1050,215,0,593,2,16,2,13,0,3,1050,10,15,0.70 
2015,07,05,18:00,215,1050,6,593,16,11,13,2,3,9,1050,20,19,1.01 
2015,06,28,16:30,1050,1045,0,881,16,10,9,6,7,4,1050,25,16,1.30 
2015,06,28,16:30,1050,1045,6,881,16,11,8,7,8,4,1050,21,18,1.09 
2015,06,28,16:30,1045,1050,7,881,16,13,9,6,7,7,1050,23,21,1.13 
2015,06,23,21:15,1050,196,7,886,16,9,11,4,5,5,1050,16,15,0.98 
2015,06,23,21:15,1050,196,6,886,8,16,6,9,2,7,1050,19,17,1.07 
2015,06,23,21:15,1050,196,0,886,16,1,15,0,1,1,1050,12,10,1.06 
2015,06,23,18:00,1050,676,2,886,16,0,15,0,1,0,1050,15,8,1.41 
2015,06,23,18:00,1050,676,14,886,16,11,10,5,6,6,1050,20,16,1.19 
2015,06,23,18:00,1050,676,7,886,16,19,8,7,7,8,1050,25,22,0.97 
2015,05,30,11:30,1071,22,7,910,8,16,4,11,4,5,1071,13,16,0.85 
2015,05,30,11:30,1071,22,6,910,8,16,6,9,2,7,1071,14,20,0.77 
2015,05,26,20:00,283,1076,7,887,16,5,14,1,2,4,283,19,12,1.33 
2015,05,26,20:00,1076,283,0,887,6,16,5,10,1,6,283,21,10,1.37 
2015,05,26,20:00,1076,283,1,887,19,17,5,10,10,5,283,30,27,1.09 
2015,05,23,23:30,1071,1051,6,915,16,3,12,3,4,0,1071,16,8,1.42 
2015,05,23,22:30,1067,1071,7,915,10,16,6,9,4,7,1071,17,17,0.98 
2015,05,22,18:00,283,1081,7,887,16,8,13,2,3,6,283,26,17,1.36 
2015,05,22,18:00,1081,283,6,887,7,16,6,9,1,7,283,17,14,1.10 
2015,05,05,20:30,29,283,0,887,16,9,12,3,4,6,283,15,22,0.72 
2015,05,05,20:30,29,283,7,887,16,10,6,9,10,1,283,18,21,0.81 
2014,11,27,23:45,215,13,4,983,19,15,8,7,7,8,13,22,28,0.79 
2014,11,27,22:35,13,854,0,983,16,11,7,8,9,3,13,18,20,0.92 
2014,11,27,19:45,215,13,0,983,16,8,13,2,3,6,13,18,18,1.05 
2014,11,25,22:40,13,214,1,984,9,16,4,11,5,5,13,17,20,0.85 
2014,11,25,22:40,13,214,0,984,15,19,10,5,5,10,13,20,28,0.72 
2014,11,25,19:00,13,384,5,984,5,16,5,10,0,6,13,9,17,0.65 
2014,11,25,19:00,384,13,7,984,15,19,9,6,6,9,13,26,22,1.11 
2014,11,25,19:00,13,384,6,984,14,16,10,5,4,11,13,13,21,0.65 
2014,11,24,19:03,297,13,7,985,16,10,8,7,8,3,13,8,20,0.45 
2014,11,24,19:00,297,13,0,985,16,3,12,3,4,0,13,15,17,1.02 
2014,11,22,20:00,13,384,14,988,6,16,3,12,3,4,13,15,19,0.81 
2014,11,22,17:00,13,776,6,988,16,13,13,2,3,11,13,17,20,0.82 
2014,11,22,17:00,776,13,7,988,13,16,6,9,7,7,13,23,19,1.12 
2014,11,09,23:30,13,214,7,995,26,31,7,8,8,7,13,40,40,0.96 
2014,11,09,23:30,214,13,4,995,16,14,13,2,3,12,13,20,18,0.98 
2014,10,22,19:00,854,13,6,1002,16,9,13,2,3,7,13,12,19,0.76 
2014,10,22,19:00,854,13,4,1002,16,14,7,8,9,6,13,18,23,0.85 
2014,10,22,19:00,13,854,0,1002,16,11,12,3,4,8,13,11,17,0.67 
2014,10,21,23:00,500,13,1,1002,16,5,10,5,6,0,13,15,18,0.82 
2014,10,21,23:00,500,13,6,1002,16,4,13,2,3,2,13,8,19,0.43 
2014,10,21,18:00,13,1106,7,1002,21,18,7,8,8,7,13,18,28,0.66 
2014,10,21,18:00,1106,13,4,1002,16,4,14,1,2,3,13,12,19,0.80 
2014,10,21,18:00,13,1106,0,1002,16,8,11,4,5,4,13,15,17,0.86 
2014,10,19,03:20,1170,13,0,1005,6,16,6,9,0,7,13,17,14,1.07 
2014,10,19,02:25,13,196,7,1005,16,8,11,4,5,4,13,22,15,1.41 
2014,10,19,00:50,13,888,6,1005,16,12,11,4,5,8,13,17,22,0.83 
2014,10,16,22:00,74,71,0,993,16,11,11,4,5,7,74,16,22,0.80 
2014,10,12,20:25,943,74,0,993,16,2,13,2,3,0,74,8,16,0.59 
2014,10,07,22:20,87,74,0,993,12,16,11,4,1,12,74,8,22,0.46 
2014,09,25,20:00,953,74,6,993,16,13,7,8,9,5,74,19,18,1.02 
2014,09,07,19:00,957,74,0,993,10,16,7,8,3,8,74,18,15,1.10 
2014,08,25,20:10,297,756,6,1039,16,8,12,3,4,5,756,7,17,0.53 
2014,08,23,20:40,756,854,1,1040,16,8,8,7,8,1,756,23,13,1.49 
2014,08,23,20:40,854,756,0,1040,9,16,8,7,1,9,756,18,17,0.98 
2014,07,26,18:00,500,1226,1,1050,16,2,13,2,3,0,1226,7,17,0.47 
2014,07,26,18:00,500,1226,6,1050,16,7,10,5,6,2,1226,6,18,0.42 
2014,07,26,16:00,711,1226,0,1050,16,2,14,1,2,1,1226,8,17,0.48 
2014,07,26,16:00,711,1226,6,1050,16,3,12,3,4,0,1226,7,17,0.49 
