2014,10,15,22:00,87,943,1,993,11,16,6,9,5,7,87,9,20,0.50 
2014,10,15,21:15,87,953,0,993,16,4,12,3,4,1,87,16,11,1.21 
2014,10,07,22:20,87,74,0,993,12,16,11,4,1,12,87,12,19,0.74 
2014,09,27,18:02,1149,711,0,1021,15,15,10,5,5,10,1149,11,18,0.64 
2014,09,27,18:00,1149,8,0,1021,15,15,10,5,5,10,1149,16,19,0.82 
2014,09,26,23:20,1149,944,6,1021,14,16,10,5,4,11,1149,14,15,0.84 
2014,09,26,21:30,1149,384,5,1021,11,16,9,6,2,10,1149,17,18,0.91 
2014,09,26,17:00,215,1149,0,1021,16,8,10,5,6,3,1149,15,19,0.81 
2014,09,22,19:20,215,1149,0,1026,16,5,11,4,5,1,1149,19,18,1.27 
2014,09,21,21:40,841,1149,5,1021,16,7,13,2,3,5,1149,15,18,0.90 
2014,09,18,20:00,59,1149,0,1026,16,12,8,7,8,5,1149,11,20,0.64 
2014,09,17,20:00,500,1149,5,1026,14,16,10,5,4,11,1149,17,23,0.76 
2014,09,17,19:00,1106,1149,5,1026,16,5,11,4,5,1,1149,6,20,0.28 
2014,09,16,21:00,1149,210,0,1027,10,16,4,11,6,5,1149,17,19,0.90 
2014,09,16,20:55,210,1149,5,1027,16,10,10,5,6,5,1149,14,21,0.72 
2014,09,16,18:28,1149,776,4,1027,16,11,11,4,5,7,1149,21,19,1.04 
2014,09,16,18:28,1149,776,6,1027,16,6,9,6,7,0,1149,13,16,0.82 
2014,09,16,18:25,1149,776,0,1027,12,16,7,8,5,8,1149,15,22,0.79 
2014,09,14,22:40,1149,1208,6,1021,13,16,9,6,4,10,1149,14,21,0.69 
2014,09,05,18:00,1179,1149,2,982,16,13,12,3,4,10,1149,9,21,0.52 
2014,09,05,18:00,1179,1149,5,982,10,16,7,8,3,8,1149,24,16,1.26 
2014,09,05,18:00,1149,1179,7,982,23,26,11,4,4,11,1149,28,37,0.82 
2014,09,04,18:30,1180,1149,0,982,9,16,5,10,4,6,1149,12,15,0.82 
2014,09,04,18:30,1180,1149,6,982,10,16,5,10,5,6,1149,15,13,0.96 
2014,08,29,20:00,72,87,1,1035,3,16,1,14,2,2,87,15,10,1.23 
2014,08,29,20:00,87,72,0,1035,16,4,11,4,5,0,87,15,8,1.25 
2014,08,09,21:00,1179,844,6,982,17,21,8,7,7,8,844,23,27,0.88 
2014,08,09,21:00,844,1179,5,982,12,16,11,4,1,12,844,16,21,0.78 
2014,08,09,21:00,1179,844,1,982,4,16,4,11,0,5,844,18,11,1.32 
2014,06,24,20:00,1149,1160,6,982,16,6,12,3,4,3,1149,13,9,1.13 
2014,06,24,20:00,1149,1160,5,982,14,16,8,7,6,9,1149,19,24,0.80 
2014,06,24,20:00,1160,1149,0,982,13,16,10,5,3,11,1149,15,22,0.69 
2014,06,22,18:00,22,1149,6,1059,16,2,13,2,3,0,1149,9,17,0.50 
2014,06,22,18:00,22,1149,5,1059,16,13,10,5,6,8,1149,20,21,0.92 
2014,06,22,14:00,214,1149,0,1059,16,10,12,3,4,7,1149,14,20,0.71 
2014,06,22,14:00,214,1149,6,1059,16,8,12,3,4,5,1149,21,19,1.14 
2014,06,22,14:00,214,1149,2,1059,8,16,7,8,1,8,1149,15,14,0.98 
2014,04,13,18:45,1275,1160,2,1078,16,8,9,6,7,2,1275,22,14,1.30 
2014,04,13,18:45,1160,1275,0,1078,16,9,9,6,7,3,1275,12,19,0.71 
2014,04,13,18:45,1160,1275,6,1078,11,16,7,8,4,8,1275,17,18,0.91 
2014,04,13,13:30,1275,1276,6,1078,19,17,2,13,13,2,1275,26,26,1.04 
2014,04,13,13:30,1275,1276,5,1078,19,17,6,9,9,6,1275,27,23,1.07 
2014,04,12,17:30,1275,1277,5,1078,16,9,14,1,2,8,1275,16,15,1.00 
2014,04,12,17:30,1275,1277,0,1078,16,14,8,7,8,7,1275,18,18,0.98 
2014,04,08,22:15,1280,1069,5,1077,12,16,8,7,4,9,1280,8,18,0.53 
2014,04,07,19:00,215,1280,0,1077,16,7,12,3,4,4,1280,9,19,0.62 
2014,04,06,22:00,8,1280,0,1077,15,15,6,9,9,6,1280,24,26,0.93 
2014,04,06,21:00,1280,49,6,1077,14,16,10,5,4,11,1280,19,22,0.90 
2014,04,06,19:00,1280,287,6,1077,16,7,9,6,7,1,1280,25,9,1.68 
2014,04,06,18:00,1280,250,5,1077,6,16,3,12,3,4,1280,12,19,0.65 
2014,04,03,20:00,1280,214,0,1077,12,16,8,7,4,9,1280,18,21,0.84 
2014,04,03,19:00,59,1280,5,1077,16,10,11,4,5,6,1280,18,18,1.05 
2014,04,02,22:00,1280,711,5,1077,8,16,4,11,4,5,1280,11,19,0.67 
2014,04,01,21:00,1280,1274,5,1077,15,15,10,5,5,10,1280,20,20,0.98 
2014,03,31,19:00,210,1280,6,1077,16,12,8,7,8,5,1280,12,24,0.50 
2014,03,26,22:00,1280,1244,6,1077,13,16,10,5,3,11,1280,14,18,0.79 
2014,03,24,22:00,1280,301,6,1077,11,16,8,7,3,9,1280,25,19,1.23 
2014,03,02,20:00,1280,1273,5,1077,7,16,6,9,1,7,1280,12,22,0.60 
2013,12,10,22:50,722,1323,0,1104,16,12,7,8,9,4,1323,10,22,0.58 
2013,12,10,21:50,214,1323,6,1104,10,16,9,6,1,10,1323,18,11,1.18 
2013,12,10,20:30,1305,1323,6,1104,16,13,11,4,5,9,1323,23,17,1.26 
2013,12,10,19:00,1323,287,5,1104,14,16,8,7,6,9,1323,19,18,1.02 
2013,12,09,21:15,1311,1323,6,1104,16,4,11,4,5,0,1323,12,17,0.74 
2013,12,09,20:15,1323,215,0,1104,13,16,10,5,3,11,1323,17,23,0.72 
2013,12,08,21:45,1322,1323,0,1104,16,14,13,2,3,12,1323,26,20,1.23 
2013,12,08,20:00,1244,1323,5,1104,15,15,7,8,8,7,1323,20,23,0.90 
2013,12,07,20:00,1045,1323,0,1104,16,5,13,2,3,3,1323,14,19,0.75 
2013,12,07,19:00,275,1323,6,1104,16,3,12,3,4,0,1323,19,16,1.32 
2013,12,05,19:00,844,1323,6,1104,5,16,4,11,1,5,1323,19,10,1.43 
2013,12,03,20:10,1106,1323,1,1104,12,16,4,11,8,5,1323,14,20,0.70 
2013,12,03,19:00,1069,1323,5,1104,13,16,11,4,2,12,1323,23,21,1.11 
2013,11,18,21:00,1323,49,1,1104,4,16,3,12,1,4,1323,13,18,0.71 
2013,10,18,19:00,935,87,9,1098,16,14,11,4,5,10,87,22,22,0.98 
2013,10,10,21:00,99,87,13,1098,15,15,11,4,4,11,87,17,20,0.88 
2013,10,02,19:00,1106,1323,11,1120,16,8,12,3,4,5,1323,9,18,0.57 
2013,09,26,21:30,215,1323,10,1120,15,15,8,7,7,8,1323,20,21,0.98 
2013,09,26,20:15,1323,841,7,1120,3,16,3,12,0,4,1323,9,16,0.65 
2013,09,26,19:00,1311,1323,11,1120,15,15,10,5,5,10,1323,24,23,0.97 
2013,09,24,21:00,1323,287,13,1120,14,16,5,10,9,6,1323,20,23,0.86 
2013,09,24,20:00,749,1323,13,1120,16,9,12,3,4,6,1323,13,20,0.67 
2013,09,24,19:00,250,1323,13,1120,16,2,13,2,3,0,1323,11,17,0.65 
2013,09,20,21:15,1312,1323,13,1120,12,16,7,8,5,8,1323,23,18,1.16 
2013,09,13,20:00,1323,1360,13,1120,16,14,6,9,10,5,1323,27,18,1.29 
2013,09,12,20:00,844,1323,11,1120,16,12,7,8,9,4,1323,18,18,0.93 
2013,09,12,18:00,1323,1280,11,1120,16,7,9,6,7,1,1323,17,15,1.10 
2013,09,06,21:15,1323,1317,13,1120,4,16,4,11,0,5,1323,11,18,0.69 
2013,09,06,20:00,1323,210,11,1120,2,16,2,13,0,3,1323,10,17,0.64 
2013,09,05,20:00,49,1323,13,1120,8,16,5,10,3,6,1323,30,11,2.02 
2013,06,20,22:00,1323,841,13,1138,4,16,3,12,1,4,1323,17,20,0.91 
2013,06,20,20:00,1323,210,13,1138,7,16,7,8,0,8,1323,10,19,0.51 
2013,06,19,22:00,1323,215,11,1138,13,16,9,6,4,10,1323,11,24,0.48 
2013,06,19,21:00,1391,1323,10,1138,16,2,13,2,3,0,1323,15,18,0.82 
2013,06,19,20:00,250,1323,10,1138,16,5,10,5,6,0,1323,10,19,0.53 
2013,06,13,21:00,1106,1323,10,1138,16,11,9,6,7,5,1323,26,18,1.27 
2013,06,10,22:00,1312,1323,10,1138,16,6,10,5,6,1,1323,10,20,0.48 
2013,06,05,20:00,49,1323,10,1138,16,10,9,6,7,4,1323,16,22,0.75 
2013,06,05,19:00,8,1323,10,1138,14,16,11,4,3,12,1323,30,19,1.52 
2013,06,04,19:00,1323,52,11,1143,6,16,5,10,1,6,1323,8,19,0.44 
2013,05,30,21:30,1323,1093,10,1138,10,16,6,9,4,7,1323,24,18,1.33 
2013,05,30,20:00,1323,749,13,1138,15,15,8,7,7,8,1323,23,21,1.10 
2013,05,29,20:30,287,1323,13,1138,11,16,10,5,1,11,1323,17,15,0.97 
2013,05,29,19:30,705,1323,11,1138,12,16,10,5,2,11,1323,18,18,1.04 
2013,05,28,19:00,275,1323,10,1143,16,11,10,5,6,6,1323,13,23,0.57 
2013,05,21,19:00,690,1323,10,1143,16,9,12,3,4,6,1323,20,19,1.07 
2013,05,14,19:00,1323,1401,11,1143,9,16,8,7,1,9,1323,7,21,0.39 
2013,03,24,22:00,1180,1407,10,1158,16,11,7,8,9,3,1180,29,18,1.49 
2013,03,18,20:00,1180,1214,9,1158,11,16,3,12,8,4,1180,12,22,0.57 
2013,03,17,18:00,49,1180,9,1158,16,7,10,5,6,2,1180,17,16,1.12 
2013,03,13,18:00,1180,210,10,1158,2,16,1,14,1,2,1180,10,18,0.63 
2013,03,12,19:00,1180,1149,10,1158,13,16,7,8,6,8,1180,18,23,0.85 
2013,03,06,21:00,1106,1180,13,1158,13,16,8,7,5,9,1180,17,21,0.81 
