2016,03,26,01:00,512,520,7,620,16,11,10,5,6,6,520,19,21,0.92 
2016,03,26,01:00,512,520,6,620,16,1,14,1,2,0,520,5,16,0.33 
2016,03,25,22:00,523,520,14,620,8,16,5,10,3,6,520,16,14,1.02 
2016,03,25,22:00,523,520,0,620,16,2,13,2,3,0,520,5,18,0.26 
2016,03,25,22:00,520,523,7,620,16,8,12,3,4,5,520,19,16,1.15 
2016,03,25,16:30,520,512,7,620,17,19,13,2,2,13,520,16,25,0.64 
2016,03,25,16:30,520,512,4,620,7,16,7,8,0,8,520,8,18,0.57 
2016,02,20,17:30,545,675,1,648,16,8,8,7,8,1,675,9,22,0.48 
2016,02,20,17:30,675,545,7,648,3,16,3,12,0,4,675,7,17,0.42 
2016,02,20,13:30,675,147,0,648,4,16,4,11,0,5,675,3,19,0.20 
2015,08,09,21:45,675,513,0,853,4,16,4,11,0,5,675,8,17,0.51 
2015,08,09,21:45,675,513,1,853,2,16,2,13,0,3,675,8,13,0.66 
2015,08,09,15:30,1039,675,7,853,16,14,7,8,9,6,675,20,22,0.91 
2015,08,09,15:30,675,1039,0,853,7,16,7,8,0,8,675,17,18,0.95 
2015,04,03,21:30,1032,675,0,949,16,0,15,0,1,0,675,7,15,0.53 
2015,04,03,21:30,675,1032,7,949,7,16,5,10,2,6,675,12,19,0.70 
2015,04,03,21:30,1032,675,4,949,14,16,8,7,6,9,675,24,21,1.16 
2015,04,03,12:00,675,1039,0,949,10,16,7,8,3,8,675,27,19,1.31 
2015,04,03,12:00,1039,675,1,949,16,6,9,6,7,0,675,9,18,0.57 
2013,03,30,14:00,1412,512,9,1156,11,16,4,11,7,5,1412,15,17,0.90 
2013,03,30,14:00,512,1412,11,1156,13,16,9,6,4,10,1412,19,18,0.99 
2013,03,30,14:00,512,1412,13,1156,16,8,11,4,5,4,1412,8,18,0.48 
2013,03,30,10:00,1047,1412,9,1156,6,16,3,12,3,4,1412,12,12,0.93 
2013,03,30,10:00,1047,1412,11,1156,12,16,9,6,3,10,1412,19,16,1.10 
2013,03,29,22:00,1412,1119,9,1156,15,15,4,11,11,4,1412,13,18,0.80 
2013,03,29,19:00,1413,1412,11,1156,6,16,6,9,0,7,1412,11,13,0.88 
2013,03,29,14:30,1421,1412,12,1156,3,16,1,14,2,2,1412,13,8,1.29 
2013,03,29,13:00,512,1412,10,1156,16,12,8,7,8,5,1412,14,21,0.65 
2013,03,29,11:30,1412,1422,9,1156,16,6,10,5,6,1,1412,9,14,0.64 
2013,03,29,10:00,1412,1420,10,1156,15,15,8,7,7,8,1412,16,24,0.72 
