2016,07,16,17:20,280,281,7,521,14,16,8,7,6,9,281,29,21,1.40 
2016,07,16,17:20,280,281,14,521,16,7,11,4,5,3,281,16,17,1.00 
2016,07,16,17:20,281,280,0,521,16,13,13,2,3,11,281,32,19,1.54 
2016,07,16,14:45,278,281,1,521,16,6,11,4,5,2,281,11,19,0.58 
2016,07,16,14:45,278,281,7,521,16,6,13,2,3,4,281,17,18,0.98 
2016,07,15,17:55,281,288,14,521,16,11,7,8,9,3,281,26,16,1.24 
2016,07,15,17:55,281,288,7,521,16,8,8,7,8,1,281,22,16,1.42 
2016,04,10,17:30,287,281,6,612,16,10,11,4,5,6,281,14,18,0.72 
2016,04,10,17:30,287,281,0,612,16,14,5,10,11,4,281,16,21,0.79 
2016,04,10,17:30,287,281,7,612,8,16,2,13,6,3,281,29,15,1.68 
2016,04,10,12:00,281,278,6,612,16,9,9,6,7,3,281,16,13,1.09 
2016,04,10,12:00,281,278,7,612,16,10,7,8,9,2,281,16,16,0.96 
2016,04,09,18:00,287,281,14,612,16,11,7,8,9,3,281,17,21,0.88 
2016,04,09,18:00,287,281,7,612,16,8,9,6,7,2,281,8,20,0.41 
2016,04,09,18:00,281,287,0,612,16,4,12,3,4,1,281,19,8,1.63 
2016,04,08,21:30,281,278,6,612,16,5,12,3,4,2,281,14,12,1.07 
2016,04,08,21:30,281,278,7,612,16,12,10,5,6,7,281,21,18,1.10 
2016,04,08,21:30,281,278,14,612,15,19,11,4,4,11,281,23,24,0.99 
2016,03,16,23:15,281,432,0,630,16,5,11,4,5,1,281,17,9,1.34 
2016,03,16,23:15,432,281,14,630,3,16,3,12,0,4,281,11,8,1.05 
2016,03,16,21:00,287,281,0,630,9,16,5,10,4,6,281,18,18,0.92 
2016,03,16,21:00,287,281,14,630,14,16,4,11,10,5,281,15,20,0.77 
2016,03,13,17:00,281,288,6,630,16,11,8,7,8,4,281,16,18,0.90 
2016,03,13,17:00,281,288,2,630,16,6,11,4,5,2,281,22,12,1.55 
2016,03,06,21:00,517,281,0,630,19,16,10,5,5,10,281,27,27,0.98 
2016,03,06,21:00,517,281,14,630,16,12,9,6,7,6,281,12,24,0.56 
2016,02,24,20:00,278,281,6,630,8,16,5,10,3,6,281,21,15,1.18 
2016,02,24,20:00,278,281,2,630,15,19,11,4,4,11,281,18,28,0.65 
2016,02,20,12:00,281,258,0,649,4,16,4,11,0,5,281,13,18,0.71 
2016,02,19,22:45,210,281,6,649,16,13,9,6,7,7,281,16,22,0.76 
2016,02,19,17:15,22,281,14,649,16,14,9,6,7,8,281,16,22,0.72 
2016,02,16,19:00,683,281,2,630,8,16,7,8,1,8,281,20,12,1.25 
2016,02,16,19:00,683,281,6,630,16,7,8,7,8,0,281,9,18,0.58 
2016,02,15,21:00,281,458,2,630,16,6,10,5,6,1,281,19,12,1.44 
2016,02,15,21:00,281,458,14,630,16,0,15,0,1,0,281,16,8,1.61 
2015,12,06,11:00,800,281,6,713,12,16,8,7,4,9,800,16,24,0.72 
2015,12,06,11:00,281,800,2,713,16,5,13,2,3,3,800,13,17,0.73 
2015,12,05,20:00,591,800,7,713,10,16,5,10,5,6,800,18,22,0.82 
2015,12,05,20:00,591,800,0,713,16,8,12,3,4,5,800,22,18,1.14 
2015,12,05,20:00,800,591,2,713,16,6,13,2,3,4,800,23,14,1.41 
2015,12,05,14:00,290,800,6,713,2,16,1,14,1,2,800,13,10,1.13 
2015,12,04,22:00,676,800,6,713,16,13,10,5,6,8,800,30,21,1.29 
2015,10,01,19:00,955,676,4,789,11,16,4,11,7,5,955,22,20,1.13 
2015,10,01,19:00,676,955,0,789,16,14,7,8,9,6,955,22,21,0.99 
