2015,11,15,19:00,250,8,14,749,14,16,2,13,12,3,250,10,5,1.26 
2015,11,13,20:10,250,8,0,749,16,14,5,10,11,4,250,7,3,1.39 
2015,08,30,21:20,53,490,7,833,16,21,7,8,8,7,53,31,28,1.18 
2015,03,08,19:00,53,196,6,955,12,16,8,7,4,9,53,21,22,0.93 
2015,03,08,19:00,53,196,1,955,13,16,8,7,5,9,53,17,22,0.91 
2015,03,08,19:00,53,196,7,955,12,16,6,9,6,7,53,25,19,1.19 
2015,03,07,19:00,53,22,6,955,16,10,13,2,3,8,53,29,14,1.84 
2015,03,07,19:00,22,53,7,955,10,16,5,10,5,6,53,23,18,1.27 
2015,03,07,19:00,53,22,1,955,7,16,2,13,5,3,53,26,17,1.56 
2015,02,17,20:07,250,8,5,957,11,16,8,7,3,9,250,17,19,0.94 
2015,02,17,20:07,8,250,7,957,9,16,6,9,3,7,250,19,16,1.01 
2015,02,17,19:50,250,8,0,957,9,16,6,9,3,7,250,11,20,0.62 
2015,02,17,17:00,250,210,0,957,15,19,12,3,3,12,250,24,23,1.01 
2015,02,17,17:00,250,210,7,957,12,16,7,8,5,8,250,15,22,0.73 
2015,02,16,19:40,250,258,1,957,16,14,6,9,10,5,250,15,23,0.67 
2015,02,16,19:40,258,250,6,957,6,16,6,9,0,7,250,20,11,1.38 
2014,10,08,21:00,52,945,1,996,15,19,10,5,5,10,945,28,17,1.32 
2014,10,08,21:00,945,52,7,996,1,16,1,14,0,2,945,9,15,0.56 
2014,10,08,20:51,945,52,0,996,16,4,11,4,5,0,945,28,10,2.22 
2014,10,08,18:00,210,945,6,996,16,5,14,1,2,4,945,9,19,0.52 
2014,10,07,19:00,214,945,14,1013,16,6,12,3,4,3,945,17,15,1.09 
2014,10,07,19:00,214,945,6,1013,16,14,9,6,7,8,945,18,20,0.99 
2014,10,07,19:00,945,214,7,1013,16,13,9,6,7,7,945,19,18,0.96 
2014,10,07,19:00,945,214,1,1013,10,16,8,7,2,9,945,14,16,0.94 
2014,09,24,18:00,59,945,1,1025,16,11,8,7,8,4,945,15,22,0.74 
2014,09,23,22:10,945,287,1,1023,16,8,10,5,6,3,945,25,15,1.47 
2014,09,23,22:10,287,945,6,1023,10,16,3,12,7,4,945,16,15,0.97 
2014,09,23,20:10,854,945,1,1023,10,16,5,10,5,6,945,20,20,1.08 
2014,08,11,22:25,1219,210,0,1044,9,16,7,8,2,8,1219,14,18,0.79 
2014,08,10,21:19,1219,944,0,1044,15,15,11,4,4,11,1219,26,22,1.17 
2014,08,10,18:20,1218,1219,1,1044,12,16,9,6,3,10,1219,20,21,0.99 
2014,08,02,23:45,711,1219,0,1046,16,11,9,6,7,5,1219,9,20,0.55 
2014,08,02,21:45,599,1219,6,1046,6,16,6,9,0,7,1219,18,16,1.08 
2014,08,02,18:45,214,1219,0,1046,12,16,3,12,9,4,1219,24,14,1.35 
2014,08,02,17:20,22,1219,1,1046,16,7,12,3,4,4,1219,13,17,0.79 
2014,08,02,14:00,1219,8,7,1046,12,16,8,7,4,9,1219,15,22,0.77 
2014,07,31,20:15,1219,210,7,1048,11,16,8,7,3,9,1219,23,22,1.06 
2014,07,31,19:00,712,1219,1,1048,7,16,4,11,3,5,1219,12,14,1.01 
2014,07,27,19:45,1219,215,1,1050,6,16,5,10,1,6,1219,8,18,0.50 
2014,07,27,19:45,1219,215,6,1050,13,16,4,11,9,5,1219,19,25,0.78 
2014,07,27,19:45,1219,215,2,1050,16,7,8,7,8,0,1219,12,14,0.87 
2014,07,27,13:00,712,1219,0,1050,9,16,5,10,4,6,1219,14,14,0.94 
2014,07,27,13:00,712,1219,6,1050,16,6,12,3,4,3,1219,14,19,0.92 
2014,07,27,13:00,1219,712,1,1050,16,7,9,6,7,1,1219,35,9,2.60 
2014,07,26,21:10,1219,1149,0,1050,5,16,5,10,0,6,1219,8,18,0.46 
2014,07,26,21:10,1149,1219,2,1050,16,21,8,7,7,8,1219,32,28,1.20 
2014,07,26,21:10,1219,1149,5,1050,9,16,8,7,1,9,1219,12,20,0.63 
2014,07,26,13:00,841,1219,1,1050,13,16,7,8,6,8,1219,22,20,1.05 
2014,07,26,13:00,841,1219,0,1050,16,7,9,6,7,1,1219,18,16,1.03 
2014,07,26,13:00,841,1219,2,1050,7,16,7,8,0,8,1219,18,13,1.19 
2014,07,21,22:00,52,1219,0,1044,11,16,8,7,3,9,1219,21,17,1.15 
2014,07,21,21:00,301,1219,1,1044,15,15,4,11,11,4,1219,23,22,1.01 
2014,07,21,21:00,743,1219,0,1044,13,16,6,9,7,7,1219,21,19,1.03 
2014,07,21,19:00,1219,844,1,1044,16,7,9,6,7,1,1219,23,16,1.42 
2014,07,16,20:15,1219,53,1,1054,6,16,3,12,3,4,1219,12,16,0.76 
2014,07,16,20:15,53,1219,6,1054,16,6,10,5,6,1,1219,11,19,0.56 
2014,07,16,20:15,1219,53,0,1054,16,12,6,9,10,3,1219,23,19,1.13 
2014,07,13,20:00,1219,59,0,1044,8,16,7,8,1,8,1219,18,19,0.94 
2014,07,09,22:30,314,1219,2,1044,6,16,6,9,0,7,1219,25,16,1.41 
2014,07,09,21:15,1219,8,2,1044,16,13,7,8,9,5,1219,27,19,1.26 
2014,07,06,22:15,711,1219,0,1044,9,16,7,8,2,8,1219,14,18,0.77 
2014,06,26,21:00,841,302,2,1044,9,16,6,9,3,7,302,17,12,1.13 
2014,06,22,20:00,250,53,7,1059,19,17,9,6,6,9,53,16,24,0.71 
2014,06,22,20:00,250,53,1,1059,16,11,10,5,6,6,53,30,18,1.57 
2014,06,22,16:15,53,944,7,1059,16,12,14,1,2,11,53,24,18,1.21 
2014,06,22,16:15,944,53,6,1059,6,16,5,10,1,6,53,13,12,1.02 
2014,06,22,16:15,944,53,0,1059,16,11,11,4,5,7,53,29,16,1.60 
2014,06,16,10:00,698,52,6,1061,12,16,8,7,4,9,698,22,20,1.08 
2014,06,16,10:00,52,698,1,1061,16,7,11,4,5,3,698,9,20,0.48 
2014,06,15,21:20,698,13,1,1061,16,1,14,1,2,0,698,17,6,1.64 
2014,06,15,21:20,698,793,0,1061,19,17,11,4,4,11,698,38,17,1.68 
2014,05,30,22:15,314,53,2,1065,13,16,11,4,2,12,53,25,20,1.23 
2014,05,30,20:00,53,49,0,1065,16,7,13,2,3,5,53,19,13,1.20 
2014,05,30,19:00,776,53,0,1065,7,16,6,9,1,7,53,18,12,1.22 
2014,05,24,20:30,1254,1255,6,1067,16,12,9,6,7,6,1255,12,21,0.62 
2014,05,24,20:30,1254,1255,1,1067,16,10,12,3,4,7,1255,17,16,1.09 
2014,05,24,18:30,1255,1256,0,1067,16,5,10,5,6,0,1255,14,15,0.87 
2014,05,24,18:30,1256,1255,2,1067,14,16,10,5,4,11,1255,19,22,0.98 
2014,03,02,22:00,301,287,5,1077,16,9,12,3,4,6,287,16,24,0.73 
2013,12,14,19:30,302,53,2,1102,16,6,14,1,2,5,302,18,11,1.30 
2013,12,14,19:30,302,53,5,1102,16,9,10,5,6,4,302,16,16,0.92 
2013,12,14,19:30,53,302,6,1102,16,14,5,10,11,4,302,14,25,0.56 
2013,12,14,15:30,250,302,1,1102,16,3,12,3,4,0,302,12,17,0.67 
2013,12,14,15:30,250,302,0,1102,16,14,10,5,6,9,302,29,18,1.46 
2013,12,14,15:30,302,250,6,1102,16,12,6,9,10,3,302,18,20,0.98 
2013,12,08,15:00,937,941,5,1098,17,21,11,4,4,11,937,29,31,1.02 
2013,12,08,15:00,941,937,2,1098,16,3,12,3,4,0,937,6,16,0.39 
2013,12,08,15:00,937,941,1,1098,16,8,12,3,4,5,937,16,15,0.98 
2013,12,07,18:00,937,942,2,1098,16,10,12,3,4,7,937,17,15,1.00 
2013,12,07,18:00,942,937,0,1098,8,16,7,8,1,8,937,17,19,1.00 
2013,12,05,21:30,937,940,1,1098,21,19,10,5,5,10,937,22,27,0.86 
2013,12,05,21:30,940,937,2,1098,5,16,3,12,2,4,937,14,13,1.06 
2013,11,30,13:49,1326,1327,0,570,7,16,6,9,1,7,1326,15,19,0.86 
2013,11,30,11:30,1326,1327,2,570,13,16,10,5,3,11,1326,23,21,1.09 
2013,11,29,17:45,302,314,6,1105,3,16,2,13,1,3,302,10,18,0.60 
2013,11,29,16:18,384,302,6,1105,16,11,9,6,7,5,302,20,20,1.09 
2013,11,23,11:15,210,302,0,1106,16,13,4,11,12,2,302,10,26,0.39 
2013,11,23,06:00,302,34,2,1106,16,12,8,7,8,5,302,23,16,1.24 
2013,11,23,04:00,302,1330,2,1106,16,6,12,3,4,3,302,19,11,1.33 
2013,11,15,18:00,937,124,11,1098,16,7,10,5,6,2,937,19,15,1.16 
2013,11,14,19:00,937,33,1,1098,16,2,13,2,3,0,937,12,9,1.03 
2013,10,28,23:00,958,937,9,1098,2,16,1,14,1,2,937,17,11,1.27 
2013,10,23,23:00,939,937,13,1098,11,16,9,6,2,10,937,23,17,1.21 
2013,10,06,21:00,1317,302,11,1117,16,3,12,3,4,0,302,8,18,0.43 
2013,10,06,21:00,1317,302,9,1117,17,19,4,11,11,4,302,26,22,1.10 
2013,10,06,21:00,1317,302,10,1117,19,17,10,5,5,10,302,29,28,1.02 
2013,10,06,18:00,937,943,12,1098,16,1,14,1,2,0,937,12,5,1.34 
2013,09,30,20:00,1312,698,12,1117,19,22,8,7,7,8,698,35,27,1.25 
2013,09,30,20:00,1312,698,9,1117,13,16,3,12,10,4,698,23,16,1.14 
2013,09,15,14:30,250,698,9,1126,16,4,11,4,5,0,698,12,19,0.72 
2013,09,15,14:30,698,250,11,1126,11,16,4,11,7,5,698,18,17,0.97 
2013,09,15,09:05,698,215,9,1126,16,11,9,6,7,5,698,32,16,1.67 
2013,09,15,09:05,215,698,12,1126,11,16,6,9,5,7,698,22,17,1.20 
2013,09,15,09:05,215,698,10,1126,16,7,10,5,6,2,698,8,19,0.46 
2013,09,14,20:55,698,210,9,1126,19,17,10,5,5,10,698,26,21,1.10 
2013,09,14,20:55,210,698,10,1126,12,16,8,7,4,9,698,18,18,1.08 
2013,09,14,18:00,698,158,10,1126,16,8,9,6,7,2,698,14,13,1.01 
2013,09,14,16:20,1317,698,9,1126,16,12,4,11,12,1,698,17,16,0.94 
2013,09,14,15:30,1358,698,9,1126,2,16,2,13,0,3,698,15,10,1.19 
2013,09,11,22:00,698,841,10,1120,11,16,9,6,2,10,698,19,20,1.01 
2013,09,11,21:00,1106,698,9,1120,9,16,8,7,1,9,698,24,19,1.28 
2013,09,10,22:30,698,1106,10,1117,16,8,10,5,6,3,698,17,15,0.98 
2013,09,10,21:30,287,698,9,1117,5,16,3,12,2,4,698,12,10,0.93 
2013,09,09,22:50,698,210,12,1117,16,2,13,2,3,0,698,18,5,1.71 
2013,09,09,20:00,215,698,11,1117,15,15,11,4,4,11,698,30,18,1.43 
2013,09,08,19:00,1317,698,9,1117,15,15,6,9,9,6,698,23,17,1.25 
2013,09,02,18:00,698,1312,10,1120,16,12,5,10,11,2,698,17,13,1.03 
2013,08,26,22:18,698,749,12,1120,14,16,9,6,5,10,698,27,17,1.56 
2013,08,22,21:00,250,698,12,1120,16,6,11,4,5,2,698,9,19,0.51 
2013,08,11,21:00,301,698,10,1132,13,16,7,8,6,8,698,24,21,1.14 
2013,08,11,20:00,698,844,10,1132,16,10,10,5,6,5,698,20,16,1.09 
2013,06,17,12:20,698,8,9,1139,3,16,3,12,0,4,698,2,18,0.13 
2013,06,17,12:20,698,8,10,1139,14,16,4,11,10,5,698,19,24,0.78 
2013,06,16,22:00,698,210,9,1139,19,16,5,10,10,5,698,15,23,0.67 
2013,06,16,20:00,698,301,10,1139,7,16,4,11,3,5,698,18,19,1.02 
2013,06,16,18:00,698,210,12,1139,16,2,13,2,3,0,698,22,4,1.98 
2013,06,04,20:00,1394,841,12,1143,14,16,10,5,4,11,1394,22,21,1.07 
2013,06,04,19:00,1394,1383,9,1143,16,3,12,3,4,0,1394,17,13,1.28 
