2016,07,27,12:00,227,228,1,505,16,12,10,5,6,7,227,14,18,0.75 
2016,07,27,12:00,227,228,2,505,16,12,12,3,4,9,227,23,19,1.16 
2016,07,24,01:00,227,5,2,511,19,22,9,6,6,9,227,23,32,0.82 
2016,07,24,01:00,5,227,0,511,16,13,8,7,8,6,227,21,24,0.91 
2016,07,23,10:30,227,3,2,511,13,16,9,6,4,10,227,18,21,0.96 
2016,07,23,10:30,3,227,7,511,16,6,9,6,7,0,227,12,21,0.60 
2016,07,19,12:00,3,227,2,505,16,7,11,4,5,3,227,9,19,0.49 
2016,07,19,12:00,227,3,0,505,7,16,4,11,3,5,227,12,17,0.72 
2016,07,19,12:00,227,3,7,505,16,14,4,11,12,3,227,16,22,0.84 
2016,07,18,12:00,222,227,1,505,16,19,7,8,8,7,227,24,19,1.06 
2016,07,18,12:00,222,227,0,505,14,16,10,5,4,11,227,21,21,1.02 
2016,07,18,12:00,227,222,7,505,9,16,3,12,6,4,227,13,18,0.76 
2016,07,11,12:00,227,2,1,505,9,16,4,11,5,5,227,7,22,0.36 
2016,07,11,12:00,227,2,14,505,10,16,7,8,3,8,227,13,20,0.70 
2016,07,11,12:00,2,227,7,505,14,16,6,9,8,7,227,15,23,0.69 
2016,07,03,12:00,5,227,4,505,16,4,12,3,4,1,227,8,17,0.46 
2016,07,03,12:00,227,5,0,505,17,19,10,5,5,10,227,19,24,0.81 
2015,12,10,12:00,229,227,14,638,16,13,8,7,8,6,227,14,20,0.78 
2015,12,10,12:00,229,227,0,638,22,18,12,3,3,12,227,23,29,0.84 
2015,12,09,12:00,227,787,0,638,4,16,4,11,0,5,227,8,19,0.37 
2015,12,09,12:00,227,787,1,638,4,16,2,13,2,3,227,7,18,0.37 
2015,12,08,12:00,3,227,2,638,16,8,13,2,3,6,227,11,21,0.58 
2015,12,08,12:00,3,227,0,638,16,13,9,6,7,7,227,18,24,0.76 
2015,12,06,12:00,227,799,0,638,16,14,8,7,8,7,227,15,18,0.82 
2015,12,06,12:00,227,799,14,638,16,12,5,10,11,2,227,24,20,1.11 
2015,12,03,11:00,429,227,4,638,5,16,3,12,2,4,227,12,15,0.71 
2015,12,03,11:00,227,429,14,638,10,16,3,12,7,4,227,13,22,0.68 
2015,10,18,11:00,3,227,14,749,3,16,3,12,0,4,227,14,6,1.30 
2015,10,16,13:15,227,924,0,749,10,16,7,8,3,8,227,16,19,0.87 
2015,10,04,13:40,227,923,0,749,16,8,9,6,7,2,227,20,16,1.11 
2015,10,03,13:00,227,429,4,749,15,21,11,4,4,11,227,15,30,0.53 
2015,05,31,13:00,227,429,0,878,3,16,3,12,0,4,227,8,19,0.38 
2015,05,30,23:20,328,327,0,911,12,16,11,4,1,12,327,17,22,0.76 
2015,05,30,23:20,327,328,1,911,16,4,12,3,4,1,327,11,14,0.85 
2015,05,30,10:00,1073,227,1,912,14,16,10,5,4,11,227,14,25,0.58 
2015,05,30,10:00,227,1073,14,912,16,6,11,4,5,2,227,11,11,0.85 
2015,05,28,12:00,227,1058,7,912,13,16,12,3,1,13,227,18,20,0.91 
2015,05,28,12:00,1058,227,6,912,16,8,10,5,6,3,227,11,22,0.64 
2015,05,28,12:00,1058,227,0,912,9,16,8,7,1,9,227,13,16,0.84 
2015,05,27,12:00,36,227,0,912,9,16,6,9,3,7,227,15,18,0.82 
2015,05,27,12:00,227,36,14,912,16,2,14,1,2,1,227,13,8,1.19 
2015,04,05,12:00,1058,799,7,935,12,16,8,7,4,9,1058,14,17,0.80 
2015,03,29,13:00,1058,429,1,935,7,16,5,10,2,6,1058,6,22,0.30 
2015,03,22,11:00,64,1058,7,935,8,16,2,13,6,3,1058,9,18,0.59 
2015,03,01,10:00,1058,3,7,935,8,16,7,8,1,8,1058,10,17,0.66 
2015,02,22,11:00,1058,787,1,935,3,16,3,12,0,4,1058,9,17,0.51 
