2016,08,11,17:10,42,102,0,472,16,2,13,2,3,0,102,10,17,0.61 
2016,08,11,17:10,102,42,7,472,1,16,1,14,0,2,102,3,16,0.20 
2016,08,10,18:15,30,102,0,472,16,11,13,2,3,9,102,13,18,0.76 
2016,08,10,18:15,102,30,2,472,7,16,6,9,1,7,102,11,19,0.67 
2016,08,07,15:00,102,156,4,477,9,16,7,8,2,8,102,17,18,1.03 
2016,07,31,16:00,102,46,5,498,14,16,4,11,10,5,102,24,23,1.03 
2016,07,31,16:00,46,102,14,498,16,14,13,2,3,12,102,23,22,1.09 
2016,07,29,16:00,42,102,5,472,14,16,5,10,9,6,102,26,20,1.25 
2016,07,29,16:00,42,102,14,472,11,16,7,8,4,8,102,21,18,1.03 
2016,07,27,21:00,9,102,0,471,16,11,7,8,9,3,102,27,19,1.61 
2016,07,27,21:00,9,102,14,471,16,12,8,7,8,5,102,23,19,1.16 
2016,07,26,18:10,196,102,14,471,3,16,3,12,0,4,102,22,9,1.67 
2016,07,26,18:10,102,196,0,471,16,8,11,4,5,4,102,12,14,0.81 
2016,07,25,19:15,23,102,7,471,16,4,13,2,3,2,102,12,18,0.73 
2016,07,25,19:15,23,102,0,471,16,14,4,11,12,3,102,29,22,1.37 
2016,07,21,18:30,102,23,0,498,16,14,9,6,7,8,102,19,19,1.04 
2016,07,21,18:30,23,102,7,498,16,14,9,6,7,8,102,22,23,0.98 
2016,07,18,16:00,102,29,0,498,14,16,8,7,6,9,102,13,27,0.46 
2016,07,18,16:00,29,102,14,498,16,5,11,4,5,1,102,11,20,0.59 
2016,07,17,21:00,177,102,0,498,8,16,6,9,2,7,102,23,11,1.61 
2016,07,17,21:00,177,102,1,498,16,12,6,9,10,3,102,23,21,1.12 
2016,07,15,21:10,100,102,2,503,16,12,5,10,11,2,102,34,17,1.94 
2016,07,15,21:10,102,100,4,503,7,16,6,9,1,7,102,13,18,0.73 
2016,07,15,18:00,102,225,14,503,6,16,4,11,2,5,102,8,18,0.50 
2016,07,15,18:00,102,225,7,503,16,19,7,8,8,7,102,21,24,0.84 
2016,07,14,19:30,102,100,0,503,16,12,9,6,7,6,102,24,22,1.14 
2016,07,12,18:00,42,102,7,487,16,9,11,4,5,5,102,16,21,0.80 
2016,07,12,18:00,102,42,5,487,11,16,9,6,2,10,102,23,19,1.25 
2016,07,12,18:00,102,42,0,487,16,14,8,7,8,7,102,12,21,0.66 
2016,07,11,19:25,42,102,14,488,22,18,8,7,7,8,102,28,28,0.99 
2016,07,11,16:00,301,102,4,487,15,19,7,8,8,7,102,20,24,0.77 
2016,07,11,16:00,301,102,7,487,4,16,4,11,0,5,102,17,9,1.48 
2016,07,11,16:00,301,102,2,487,16,13,13,2,3,11,102,23,18,1.21 
2016,07,06,17:25,101,102,14,515,16,13,4,11,12,2,102,20,19,0.94 
2016,07,06,17:25,102,101,0,515,12,16,8,7,4,9,102,17,17,0.95 
2016,07,04,18:00,101,102,0,498,16,4,13,2,3,2,102,10,16,0.58 
2016,07,04,18:00,102,101,4,498,10,16,7,8,3,8,102,16,19,0.96 
2016,07,03,21:15,102,288,14,488,16,11,8,7,8,4,102,25,17,1.38 
2016,06,29,21:00,102,23,4,537,12,16,8,7,4,9,102,19,17,1.03 
2016,06,29,21:00,23,102,2,537,16,7,9,6,7,1,102,16,17,0.95 
2016,06,29,18:00,102,49,4,487,12,16,9,6,3,10,102,16,19,0.91 
2016,06,29,18:00,49,102,7,487,16,3,13,2,3,1,102,11,17,0.69 
2016,06,29,18:00,102,49,0,487,16,7,14,1,2,6,102,17,14,1.21 
2016,06,28,19:15,102,29,0,515,9,16,8,7,1,9,102,17,18,0.94 
2016,06,28,19:15,29,102,2,515,16,4,14,1,2,3,102,14,17,0.85 
2016,06,27,20:30,102,147,14,488,10,16,9,6,1,10,102,23,21,1.23 
2016,06,15,18:30,102,147,14,498,11,16,5,10,6,6,102,24,17,1.24 
2016,06,15,18:30,102,147,2,498,14,16,12,3,2,13,102,12,24,0.54 
2016,06,12,16:30,101,102,4,553,16,10,11,4,5,6,102,16,20,0.93 
2016,06,12,16:30,102,101,2,553,4,16,3,12,1,4,102,10,16,0.67 
2016,06,12,16:30,102,101,14,553,16,9,11,4,5,5,102,21,11,1.37 
2016,06,12,13:00,102,23,14,553,16,10,10,5,6,5,102,14,16,0.81 
2016,06,12,13:00,102,23,0,553,14,16,8,7,6,9,102,17,21,0.81 
2016,06,12,13:00,102,23,2,553,16,3,12,3,4,0,102,24,7,2.00 
2016,06,08,18:00,297,102,1,515,16,10,8,7,8,3,102,21,20,1.11 
2016,06,08,18:00,102,297,2,515,3,16,2,13,1,3,102,12,16,0.75 
2016,06,07,22:30,30,102,14,515,9,16,6,9,3,7,102,21,16,1.16 
2016,06,07,22:30,30,102,2,515,12,16,7,8,5,8,102,26,15,1.32 
2016,06,07,16:00,102,301,4,498,9,16,6,9,3,7,102,18,19,0.96 
2016,06,07,16:00,301,102,5,498,14,16,4,11,10,5,102,24,20,1.13 
2016,06,06,22:00,102,311,5,515,16,14,11,4,5,10,102,33,19,1.62 
2016,06,06,22:00,102,311,2,515,14,16,9,6,5,10,102,18,21,0.84 
2016,06,06,16:00,102,260,5,498,16,10,11,4,5,6,102,20,12,1.15 
2016,06,06,16:00,102,260,0,498,13,16,11,4,2,12,102,15,22,0.75 
2016,06,01,22:00,102,380,4,515,7,16,7,8,0,8,102,13,17,0.74 
2016,06,01,22:00,380,102,14,515,16,9,9,6,7,3,102,24,19,1.46 
2016,05,29,12:15,102,52,0,546,15,19,8,7,7,8,102,22,25,0.88 
2016,05,29,12:15,52,102,4,546,13,16,4,11,9,5,102,18,18,0.93 
2016,05,29,12:15,52,102,2,546,16,3,12,3,4,0,102,9,16,0.59 
2016,05,28,18:00,102,401,14,546,16,10,10,5,6,5,102,28,16,1.59 
2016,05,26,22:30,102,195,5,498,16,8,10,5,6,3,102,17,13,1.11 
2016,05,26,22:30,195,102,0,498,16,9,8,7,8,2,102,21,18,1.19 
2016,05,26,20:45,102,49,2,515,16,14,7,8,9,6,102,19,21,0.87 
2016,05,26,20:45,49,102,7,515,16,5,12,3,4,2,102,12,17,0.74 
2016,05,18,23:05,196,102,0,498,16,2,13,2,3,0,102,11,16,0.76 
2016,05,18,23:05,196,102,1,498,16,9,11,4,5,5,102,10,21,0.53 
2016,03,28,00:30,102,417,14,618,5,16,2,13,3,3,102,9,18,0.53 
2016,03,28,00:30,102,417,0,618,12,16,8,7,4,9,102,28,18,1.42 
2016,03,28,00:30,102,417,7,618,16,14,11,4,5,10,102,25,17,1.30 
2016,03,19,18:45,158,52,4,625,19,21,11,4,4,11,158,26,27,0.97 
2016,03,10,19:45,158,631,2,498,16,11,11,4,5,7,158,14,16,0.85 
2016,02,21,15:00,158,672,7,650,16,1,14,1,2,0,158,19,8,1.88 
2016,02,21,15:00,158,672,0,650,16,14,7,8,9,6,158,31,20,1.46 
2016,02,21,15:00,158,672,1,650,13,16,8,7,5,9,158,24,18,1.10 
2016,01,10,12:00,132,158,1,679,16,8,9,6,7,2,158,13,21,0.65 
2016,01,10,12:00,158,132,0,679,14,16,11,4,3,12,158,26,20,1.19 
2015,12,22,23:15,720,721,1,684,16,7,9,6,7,1,720,17,10,1.23 
2015,12,22,23:15,721,720,7,684,16,12,6,9,10,3,720,23,21,1.10 
2015,12,18,22:00,720,490,4,693,16,13,9,6,7,7,720,15,25,0.60 
2015,12,18,22:00,720,490,7,693,16,12,5,10,11,2,720,20,20,1.04 
2015,12,18,22:00,490,720,0,693,16,11,10,5,6,6,720,14,21,0.76 
2015,12,18,19:30,720,137,7,693,16,5,10,5,6,0,720,24,12,1.75 
2015,12,18,19:30,137,720,0,693,1,16,1,14,0,2,720,14,8,1.29 
2015,12,16,22:00,720,654,0,693,16,9,7,8,9,1,720,22,16,1.31 
2015,12,16,19:30,259,720,0,693,11,16,6,9,5,7,720,23,19,1.13 
2015,12,16,17:00,743,720,7,693,16,5,10,5,6,0,720,17,18,0.90 
2015,11,22,13:30,844,642,0,737,8,16,6,9,2,7,844,10,18,0.65 
2015,11,22,13:30,642,844,7,737,16,9,12,3,4,6,844,19,18,1.07 
2015,11,22,13:30,642,844,4,737,16,7,11,4,5,3,844,18,19,0.97 
2015,11,21,20:30,642,844,6,737,14,16,5,10,9,6,844,21,19,1.00 
2015,11,21,20:30,844,642,1,737,16,8,10,5,6,3,844,21,17,1.23 
2015,11,21,20:30,642,844,4,737,25,22,9,6,6,9,844,41,39,1.08 
2015,11,21,10:40,844,838,0,737,16,5,11,4,5,1,844,15,13,0.96 
2015,11,21,10:40,844,838,7,737,16,13,6,9,10,4,844,23,21,1.13 
2015,11,21,10:40,838,844,1,737,16,14,6,9,10,5,844,23,22,1.03 
2015,11,06,19:15,825,844,7,759,16,12,12,3,4,9,844,16,25,0.69 
2015,11,06,19:15,825,844,0,759,16,12,9,6,7,6,844,15,19,0.79 
2015,09,16,20:00,983,949,0,796,3,16,3,12,0,4,983,10,18,0.67 
2015,09,16,20:00,949,983,7,796,19,17,4,11,11,4,983,27,28,0.94 
2015,09,02,21:00,983,985,0,796,10,16,8,7,2,9,983,15,23,0.78 
2015,09,02,21:00,983,985,4,796,9,16,7,8,2,8,983,20,21,1.01 
2014,02,01,20:45,1289,1290,6,1091,16,8,9,6,7,2,1289,19,12,1.31 
2014,02,01,20:45,1289,1290,1,1091,16,11,14,1,2,10,1289,23,16,1.34 
