2016,02,21,16:00,671,484,7,648,5,16,4,11,1,5,671,16,18,1.03 
2016,02,21,16:00,671,484,2,648,16,14,10,5,6,9,671,23,17,1.17 
2016,02,21,16:00,671,484,0,648,13,16,5,10,8,6,671,29,22,1.37 
2016,02,20,14:30,671,455,0,648,16,5,12,3,4,2,671,26,10,1.85 
2016,02,20,14:30,455,671,6,648,6,16,3,12,3,4,671,17,14,1.13 
2016,02,20,13:00,513,671,0,648,2,16,2,13,0,3,671,22,8,1.96 
2015,10,30,21:45,82,80,1,673,8,16,6,9,2,7,82,15,21,0.74 
2015,10,30,20:30,82,83,6,673,16,11,7,8,9,3,82,25,21,1.17 
2015,10,30,19:15,81,82,6,673,10,16,6,9,4,7,82,17,18,0.84 
2015,10,23,19:15,82,83,7,673,13,16,3,12,10,4,82,20,23,1.05 
2015,06,13,21:30,1061,22,7,895,6,16,3,12,3,4,1061,3,18,0.26 
2015,06,13,21:30,22,1061,0,895,16,6,12,3,4,3,1061,4,19,0.26 
2015,06,13,19:00,1061,1064,7,895,16,5,11,4,5,1,1061,19,12,1.33 
2015,06,13,19:00,1064,1061,0,895,14,16,9,6,5,10,1061,23,20,1.13 
2015,04,21,19:15,674,1062,1,936,16,12,12,3,4,9,674,14,19,0.83 
2015,04,04,12:00,314,674,6,948,16,2,13,2,3,0,674,8,18,0.47 
2015,04,04,10:00,674,1062,0,948,16,4,13,2,3,2,674,14,9,1.21 
2015,04,03,22:20,674,400,6,948,16,11,11,4,5,7,674,19,16,1.18 
2015,04,03,19:00,297,674,6,948,16,5,12,3,4,2,674,10,18,0.62 
2015,04,03,19:00,674,297,7,948,6,16,3,12,3,4,674,12,21,0.57 
2015,04,03,15:30,1115,674,1,948,4,16,3,12,1,4,674,19,12,1.29 
2015,04,03,15:30,1115,674,6,948,9,16,4,11,5,5,674,16,16,0.99 
2015,04,03,12:00,674,1106,6,948,13,16,10,5,3,11,674,10,18,0.68 
2015,04,03,12:00,1106,674,1,948,16,8,10,5,6,3,674,12,22,0.53 
2015,04,02,20:30,1113,674,7,948,10,16,7,8,3,8,674,6,20,0.40 
2015,04,02,19:00,674,1124,0,948,16,8,11,4,5,4,674,16,11,1.22 
2015,04,02,14:00,1130,674,1,948,9,16,8,7,1,9,674,21,14,1.36 
2015,04,02,14:00,674,1130,6,948,16,9,13,2,3,7,674,13,16,0.94 
2015,03,08,19:00,53,196,6,955,12,16,8,7,4,9,53,13,20,0.75 
2015,03,08,19:00,53,196,1,955,13,16,8,7,5,9,53,11,22,0.61 
2015,03,08,19:00,53,196,7,955,12,16,6,9,6,7,53,16,23,0.77 
2015,03,07,19:00,53,22,6,955,16,10,13,2,3,8,53,13,16,0.81 
2015,03,07,19:00,22,53,7,955,10,16,5,10,5,6,53,18,14,1.13 
2015,03,07,19:00,53,22,1,955,7,16,2,13,5,3,53,8,18,0.54 
2014,10,21,20:20,1170,59,0,1002,6,16,3,12,3,4,1170,8,19,0.52 
2014,10,21,20:20,1170,59,4,1002,13,16,8,7,5,9,1170,18,18,0.95 
2014,10,19,03:20,1170,13,0,1005,6,16,6,9,0,7,1170,6,20,0.33 
2014,10,18,23:20,1170,841,0,1005,16,14,11,4,5,10,1170,25,21,1.13 
2013,12,19,18:00,545,1314,6,1097,16,4,11,4,5,0,1314,7,18,0.49 
2013,03,17,19:00,1433,1430,11,1163,8,16,7,8,1,8,1430,9,14,0.70 
2013,03,17,19:00,1430,1433,10,1163,25,23,8,7,7,8,1430,29,37,0.84 
2013,03,09,21:45,1440,1430,9,1166,16,3,12,3,4,0,1430,10,16,0.75 
2013,03,09,21:45,1440,1430,13,1166,16,3,12,3,4,0,1430,5,17,0.34 
2013,03,09,19:00,1414,1430,10,1166,14,16,9,6,5,10,1430,25,19,1.19 
2013,03,09,19:00,1430,1414,11,1166,16,5,10,5,6,0,1430,17,13,1.13 
2013,03,09,19:00,1430,1414,9,1166,8,16,6,9,2,7,1430,10,19,0.57 
