2016,04,19,04:15,334,270,0,590,5,16,4,11,1,5,334,13,18,0.74 
2016,04,19,04:15,270,334,1,590,16,6,12,3,4,3,334,10,19,0.57 
2015,10,19,04:00,79,682,2,780,5,16,1,14,4,2,79,15,19,0.76 
2015,10,19,03:00,915,79,0,780,8,16,7,8,1,8,79,21,15,1.33 
2015,10,19,02:00,79,916,7,780,16,6,14,1,2,5,79,21,14,1.44 
2015,10,18,22:00,79,682,6,780,7,16,7,8,0,8,79,13,19,0.66 
2015,10,18,22:00,682,79,7,780,16,13,8,7,8,6,79,20,20,0.99 
2015,10,18,16:25,915,79,0,780,10,16,4,11,6,5,79,17,19,0.99 
2015,10,18,16:25,915,79,14,780,16,14,7,8,9,6,79,21,23,0.89 
2015,10,18,16:25,79,915,7,780,16,6,11,4,5,2,79,23,10,1.90 
2015,10,18,01:20,916,79,14,780,6,16,4,11,2,5,79,22,9,1.58 
2015,10,18,01:20,79,916,4,780,25,21,8,7,7,8,79,38,32,1.05 
2015,09,05,18:15,796,917,4,827,16,3,14,1,2,2,917,10,16,0.63 
2015,09,05,17:30,917,918,1,827,16,10,10,5,6,5,917,17,18,1.00 
2015,09,05,16:15,917,796,6,827,13,16,9,6,4,10,917,21,19,1.09 
2015,08,26,02:00,1023,1024,7,844,22,20,9,6,6,9,1023,37,30,1.23 
2015,08,26,02:00,1023,1024,14,844,8,16,7,8,1,8,1023,15,20,0.80 
2015,08,26,02:00,1024,1023,6,844,13,16,11,4,2,12,1023,14,17,0.78 
2015,08,26,02:00,1023,1024,4,844,16,13,8,7,8,6,1023,21,21,0.95 
2015,08,26,02:00,1024,1023,0,844,16,12,4,11,12,1,1023,16,21,0.74 
2015,06,25,02:00,291,1023,0,842,16,2,13,2,3,0,1023,5,17,0.31 
2015,06,24,06:02,917,1023,14,842,5,16,2,13,3,3,1023,22,11,1.69 
2015,06,23,02:00,496,1023,0,888,16,2,13,2,3,0,1023,10,17,0.67 
2015,06,19,02:00,1023,424,6,888,9,16,6,9,3,7,1023,21,23,0.98 
2015,06,18,05:00,70,1023,1,888,16,3,14,1,2,2,1023,13,19,0.69 
2015,06,17,05:00,1023,1035,4,888,11,16,6,9,5,7,1023,15,26,0.54 
2015,06,17,04:00,257,1023,14,888,16,4,12,3,4,1,1023,10,17,0.74 
2015,06,12,03:00,1023,404,2,888,8,16,6,9,2,7,1023,9,21,0.46 
2015,06,11,05:15,291,1023,7,888,16,4,12,3,4,1,1023,10,19,0.55 
2015,06,09,05:00,1023,303,0,888,9,16,3,12,6,4,1023,12,21,0.60 
2015,06,02,05:00,1023,334,2,888,16,5,10,5,6,0,1023,23,8,1.75 
2015,06,02,03:00,1057,1023,1,888,16,13,8,7,8,6,1023,13,25,0.61 
2015,05,29,03:00,404,1023,4,888,16,5,10,5,6,0,1023,16,18,0.92 
2015,05,28,03:00,424,1023,6,888,16,12,11,4,5,8,1023,18,21,0.87 
2015,05,27,05:00,1057,1023,7,888,16,13,8,7,8,6,1023,21,22,0.92 
2015,05,24,04:00,1023,1056,0,888,6,16,3,12,3,4,1023,6,20,0.33 
2015,05,24,03:00,1056,1023,14,888,16,0,15,0,1,0,1023,3,16,0.16 
2015,05,19,03:00,1023,70,14,888,19,17,5,10,10,5,1023,22,25,0.81 
2015,05,19,02:00,334,1023,6,888,16,3,12,3,4,0,1023,9,17,0.51 
2015,05,12,02:00,1023,291,2,888,9,16,6,9,3,7,1023,20,22,0.98 
2015,05,08,05:00,1023,1035,4,888,13,16,8,7,5,9,1023,27,21,1.26 
2015,05,06,03:00,1023,303,1,888,12,16,11,4,1,12,1023,19,25,0.76 
2015,05,05,05:00,1023,1089,7,888,8,16,7,8,1,8,1023,15,21,0.70 
2015,05,05,04:00,1023,257,6,888,7,16,5,10,2,6,1023,20,17,1.12 
2014,09,11,05:40,1152,1198,7,1012,16,10,7,8,9,2,1152,15,15,0.85 
