2016,07,14,20:00,214,292,4,502,19,17,10,5,5,10,292,23,25,0.85 
2016,07,14,20:00,292,214,7,502,25,22,4,11,11,4,292,33,34,1.00 
2016,07,14,20:00,214,292,1,502,16,9,11,4,5,5,292,16,19,0.85 
2016,07,06,20:35,292,210,2,523,13,16,7,8,6,8,292,22,21,0.98 
2016,07,05,18:45,302,292,14,523,16,11,7,8,9,3,292,15,19,0.96 
2016,06,26,21:00,70,292,4,540,5,16,4,11,1,5,292,16,9,1.24 
2016,06,26,21:00,292,70,1,540,16,11,8,7,8,4,292,13,16,0.86 
2016,06,26,13:00,210,292,1,540,13,16,9,6,4,10,292,21,21,0.97 
2016,06,26,13:00,210,292,4,540,2,16,2,13,0,3,292,11,10,0.91 
2016,06,25,18:05,292,303,5,540,16,11,11,4,5,7,292,14,19,0.76 
2016,06,25,18:05,303,292,1,540,6,16,5,10,1,6,292,21,13,1.45 
2016,06,25,18:05,303,292,14,540,16,12,6,9,10,3,292,19,20,0.99 
2016,06,25,12:15,250,292,1,540,10,16,4,11,6,5,292,21,14,1.27 
2016,06,25,12:15,250,292,7,540,4,16,3,12,1,4,292,10,12,0.77 
2016,06,24,14:45,292,303,14,540,6,16,6,9,0,7,292,8,15,0.59 
2016,06,12,23:20,257,292,7,552,8,16,8,7,0,9,292,9,17,0.58 
2016,06,12,19:45,292,152,2,552,10,16,6,9,4,7,292,25,16,1.47 
2016,06,11,20:15,214,292,1,552,16,1,14,1,2,0,292,5,16,0.33 
2016,06,10,18:00,292,59,1,552,16,8,13,2,3,6,292,22,14,1.30 
2016,06,09,22:15,34,292,7,552,9,16,8,7,1,9,292,13,18,0.69 
2016,06,04,04:00,292,250,2,502,3,16,3,12,0,4,292,7,15,0.51 
2016,06,04,04:00,292,250,7,502,9,16,5,10,4,6,292,11,21,0.54 
2016,06,02,20:00,69,292,2,502,8,16,5,10,3,6,292,23,13,1.49 
2016,06,02,20:00,292,69,7,502,16,2,13,2,3,0,292,13,7,1.13 
2016,06,01,19:15,292,312,5,502,16,4,13,2,3,2,292,16,10,1.40 
2016,06,01,18:10,312,292,2,502,14,16,4,11,10,5,292,21,18,1.03 
2016,05,31,23:55,250,292,1,502,12,16,5,10,7,6,292,16,18,0.85 
2016,05,31,23:00,292,250,2,502,16,9,10,5,6,4,292,16,14,1.03 
2016,05,31,21:45,292,69,14,502,16,12,7,8,9,4,292,22,13,1.24 
2016,05,31,20:25,69,292,7,502,12,16,5,10,7,6,292,11,23,0.60 
2016,05,23,21:00,292,250,2,563,16,14,9,6,7,8,292,19,21,0.91 
2016,05,23,21:00,292,250,1,563,16,13,8,7,8,6,292,16,21,0.75 
2016,05,23,18:00,292,22,7,563,16,8,12,3,4,5,292,22,10,1.48 
2016,05,23,18:00,292,22,4,563,16,10,7,8,9,2,292,16,16,0.92 
2016,05,17,21:00,8,292,2,563,9,16,9,6,0,10,292,27,13,1.57 
2016,05,17,21:00,8,292,7,563,4,16,1,14,3,2,292,13,12,1.07 
2016,05,17,18:00,210,292,7,563,14,16,9,6,5,10,292,17,19,0.89 
2016,05,17,18:00,292,210,14,563,16,13,6,9,10,4,292,12,16,0.73 
2016,05,15,18:00,292,70,6,576,16,19,8,7,7,8,292,18,25,0.76 
2016,05,15,18:00,70,292,1,576,16,11,6,9,10,2,292,14,20,0.67 
2016,05,15,18:00,292,70,14,576,16,10,7,8,9,2,292,16,12,1.04 
2016,05,15,18:00,70,292,2,576,16,13,11,4,5,9,292,16,21,0.77 
2016,05,15,18:00,292,70,4,576,16,10,9,6,7,4,292,14,17,0.84 
2016,05,14,19:40,292,210,2,576,16,12,9,6,7,6,292,20,17,1.04 
2016,05,14,19:40,292,210,7,576,16,8,11,4,5,4,292,13,15,0.78 
2016,05,14,19:40,292,210,6,576,14,16,13,2,1,14,292,18,21,0.92 
2016,05,11,19:35,292,312,14,576,16,7,9,6,7,1,292,16,12,1.20 
2016,05,11,15:30,70,292,2,576,12,16,11,4,1,12,292,19,17,1.03 
2016,05,05,21:00,214,292,1,563,11,16,7,8,4,8,292,19,16,1.14 
2016,05,05,21:00,214,292,14,563,8,16,6,9,2,7,292,16,14,1.04 
2016,05,05,21:00,214,292,7,563,16,14,8,7,8,7,292,11,23,0.54 
2016,05,04,18:00,285,292,2,563,16,6,10,5,6,1,292,6,18,0.40 
2016,05,04,18:00,292,285,6,563,7,16,6,9,1,7,292,9,21,0.42 
2016,05,04,18:00,285,292,7,563,9,16,8,7,1,9,292,17,13,1.17 
2016,04,28,18:00,253,292,4,563,16,4,12,3,4,1,292,6,19,0.29 
2016,04,28,18:00,253,292,1,563,16,13,9,6,7,7,292,20,15,1.21 
2016,04,26,20:00,292,250,1,598,10,16,5,10,5,6,292,11,20,0.61 
2016,04,26,19:00,292,250,14,598,16,13,10,5,6,8,292,17,15,1.08 
2016,04,20,21:45,292,215,4,598,16,3,13,2,3,1,292,16,9,1.26 
2016,04,20,20:15,215,292,2,598,19,16,5,10,10,5,292,17,28,0.70 
2016,04,13,12:45,9,292,2,608,16,8,7,8,9,0,292,10,21,0.52 
2016,04,12,15:30,292,291,1,608,2,16,2,13,0,3,292,5,16,0.42 
2016,04,10,19:00,258,292,6,563,22,20,8,7,7,8,292,25,29,0.83 
2016,04,10,19:00,292,258,1,563,16,6,12,3,4,3,292,9,8,0.86 
2016,04,10,19:00,258,292,14,563,16,7,10,5,6,2,292,8,19,0.46 
2016,04,09,18:00,292,152,6,614,16,10,10,5,6,5,292,22,13,1.29 
2016,04,09,18:00,152,292,7,614,6,16,6,9,0,7,292,14,15,0.98 
2016,04,09,18:00,292,152,1,614,16,7,11,4,5,3,292,14,13,1.04 
2016,04,01,02:00,292,8,14,615,7,16,5,10,2,6,292,18,20,0.99 
2016,04,01,02:00,8,292,6,615,9,16,8,7,1,9,292,14,18,0.79 
2016,04,01,02:00,292,8,2,615,9,16,5,10,4,6,292,13,19,0.77 
2016,03,30,21:30,292,257,1,615,16,3,12,3,4,0,292,24,9,1.91 
2016,03,30,02:15,292,8,2,615,1,16,1,14,0,2,292,4,17,0.20 
2016,03,20,15:30,292,384,4,625,16,19,8,7,7,8,292,21,23,0.90 
2016,03,20,15:30,292,384,14,625,13,16,7,8,6,8,292,22,18,1.14 
2016,03,20,15:30,384,292,2,625,6,16,3,12,3,4,292,15,13,1.01 
2016,03,20,13:00,292,365,6,625,16,2,13,2,3,0,292,14,8,1.30 
2016,03,20,13:00,292,365,1,625,16,13,8,7,8,6,292,16,19,0.82 
2016,03,17,21:15,292,285,7,598,16,10,8,7,8,3,292,17,14,1.10 
2016,03,17,20:00,285,292,1,598,13,16,4,11,9,5,292,20,19,1.08 
2016,03,16,21:00,292,22,4,598,10,16,6,9,4,7,292,8,19,0.52 
2016,03,16,20:00,22,292,6,598,6,16,3,12,3,4,292,18,14,1.14 
2016,03,15,23:00,292,302,7,598,16,13,3,12,13,1,292,13,15,0.83 
2016,03,15,22:00,292,302,2,598,16,5,10,5,6,0,292,20,7,1.53 
2016,03,14,20:30,214,292,7,625,16,13,11,4,5,9,292,19,17,1.13 
2016,03,14,20:30,214,292,1,625,16,14,3,12,13,2,292,16,22,0.78 
2016,03,14,20:30,292,214,6,625,19,16,7,8,8,7,292,11,26,0.52 
2016,03,13,22:00,292,13,4,598,16,7,10,5,6,2,292,21,12,1.43 
2016,03,13,21:00,292,13,2,598,16,12,9,6,7,6,292,15,19,0.85 
2016,03,13,16:30,384,292,6,625,12,16,4,11,8,5,292,16,18,0.87 
2016,03,13,16:30,292,384,1,625,15,19,7,8,8,7,292,15,27,0.55 
2016,03,13,16:30,292,384,14,625,16,13,9,6,7,7,292,19,17,1.11 
2016,03,13,13:30,216,292,2,625,12,16,6,9,6,7,292,16,17,0.88 
2016,03,13,13:30,292,216,1,625,16,6,11,4,5,2,292,21,13,1.39 
2016,03,13,13:30,216,292,7,625,16,8,10,5,6,3,292,15,19,0.81 
2016,03,12,22:15,8,292,4,598,6,16,5,10,1,6,292,17,13,1.14 
2016,03,12,21:00,292,8,2,598,14,16,8,7,6,9,292,19,23,0.82 
2016,03,09,23:45,292,258,2,598,16,12,9,6,7,6,292,13,19,0.75 
2016,03,09,22:30,292,258,7,598,16,11,12,3,4,8,292,14,16,0.83 
2016,02,27,18:10,13,292,6,639,14,16,8,7,6,9,292,24,19,1.18 
2016,02,26,20:30,424,292,1,639,13,16,8,7,5,9,292,17,17,0.93 
2016,02,23,20:15,292,214,4,598,10,16,6,9,4,7,292,18,18,0.99 
2016,02,23,19:10,292,214,1,598,16,13,7,8,9,5,292,16,22,0.78 
2016,02,21,15:00,210,292,4,649,16,8,11,4,5,4,292,9,19,0.51 
2016,02,21,13:50,292,210,6,649,7,16,4,11,3,5,292,11,19,0.72 
2016,02,20,19:20,292,253,1,649,16,13,12,3,4,10,292,23,18,1.23 
2016,02,20,13:30,292,642,4,649,16,9,10,5,6,4,292,17,14,1.04 
2016,02,20,10:30,292,676,2,649,16,3,12,3,4,0,292,20,7,1.82 
2016,02,19,13:30,292,253,1,649,17,19,6,9,9,6,292,27,23,1.16 
2016,02,15,20:00,210,292,6,598,16,7,11,4,5,3,292,19,20,1.00 
2016,02,15,19:00,210,292,14,598,16,5,11,4,5,1,292,11,18,0.64 
2016,02,10,20:00,292,253,7,598,16,8,8,7,8,1,292,14,17,0.85 
2016,02,10,19:00,253,292,6,598,16,10,11,4,5,6,292,13,22,0.59 
2016,02,06,14:00,292,291,14,657,10,16,4,11,6,5,292,15,20,0.78 
2016,02,06,14:00,291,292,6,657,6,16,5,10,1,6,292,20,13,1.30 
2016,02,06,14:00,292,291,1,657,14,16,7,8,7,8,292,28,18,1.28 
2016,02,05,21:30,257,292,2,657,11,16,10,5,1,11,292,18,17,0.99 
2016,02,05,21:30,292,257,7,657,16,3,13,2,3,1,292,16,7,1.46 
2016,02,05,18:00,253,292,7,657,19,15,8,7,7,8,292,23,21,1.12 
2016,02,05,18:00,292,253,4,657,16,13,10,5,6,8,292,17,20,0.90 
2016,02,05,18:00,292,253,2,657,11,16,9,6,2,10,292,13,21,0.61 
2016,02,05,09:00,292,257,14,657,16,6,12,3,4,3,292,19,10,1.46 
2016,02,05,09:00,292,257,2,657,16,13,9,6,7,7,292,20,16,1.08 
2016,02,05,09:00,292,257,7,657,17,19,9,6,6,9,292,29,24,1.24 
2016,01,31,21:00,694,250,7,657,16,13,5,10,11,3,694,28,18,1.40 
2016,01,31,21:00,250,694,6,657,9,16,8,7,1,9,694,24,13,1.54 
2016,01,14,13:00,694,210,1,671,4,16,3,12,1,4,694,9,16,0.68 
2016,01,14,13:00,694,210,6,671,16,14,7,8,9,6,694,19,19,0.96 
2016,01,14,13:00,694,210,7,671,10,16,6,9,4,7,694,9,22,0.55 
2016,01,14,10:30,710,694,2,671,16,14,8,7,8,7,694,20,19,0.95 
2016,01,14,10:30,710,694,1,671,16,7,9,6,7,1,694,8,16,0.56 
2016,01,11,19:00,710,711,1,676,16,7,12,3,4,4,711,3,19,0.25 
2016,01,11,19:00,711,710,2,676,21,17,6,9,9,6,711,31,23,1.17 
2016,01,11,19:00,711,710,4,676,19,21,9,6,6,9,711,41,25,1.45 
2015,12,15,21:00,711,647,14,676,16,12,8,7,8,5,711,22,21,1.11 
2015,12,15,21:00,711,647,7,676,2,16,2,13,0,3,711,9,15,0.62 
2015,12,15,21:00,647,711,1,676,8,16,4,11,4,5,711,25,10,1.64 
2015,12,06,18:00,472,711,7,696,7,16,7,8,0,8,711,18,15,1.14 
2015,12,06,18:00,472,711,1,696,10,16,8,7,2,9,711,18,16,1.05 
2015,12,03,21:20,258,711,2,696,11,16,7,8,4,8,711,13,16,0.78 
2015,12,03,21:20,711,258,14,696,7,16,4,11,3,5,258,16,15,0.99 
2015,12,02,21:00,215,711,1,696,16,9,9,6,7,3,711,8,18,0.52 
2015,12,02,21:00,711,215,2,696,14,16,7,8,7,8,711,25,24,1.01 
2015,11,17,21:00,711,250,0,740,3,16,3,12,0,4,711,8,17,0.59 
2015,11,17,20:00,711,22,4,740,16,13,10,5,6,8,711,14,21,0.69 
2015,11,15,21:00,250,711,2,749,16,6,12,3,4,3,711,17,16,1.16 
2015,11,15,20:15,8,711,2,749,16,2,13,2,3,0,711,6,17,0.39 
2015,11,14,21:00,59,711,4,749,16,3,12,3,4,0,711,5,19,0.25 
2015,11,14,20:00,8,711,14,749,16,8,7,8,9,0,711,7,21,0.37 
2015,11,12,19:00,711,59,6,740,16,7,10,5,6,2,711,19,16,1.14 
2015,11,11,21:00,59,711,4,696,6,16,5,10,1,6,711,11,14,0.90 
2015,11,11,21:00,59,711,1,696,11,16,6,9,5,7,711,20,17,1.07 
2015,11,11,20:00,8,711,2,740,16,13,12,3,4,10,711,19,20,0.90 
2015,11,11,19:00,196,711,1,740,9,16,8,7,1,9,711,18,14,1.17 
2015,11,08,16:00,8,711,14,758,16,13,7,8,9,5,711,12,20,0.70 
2015,11,08,16:00,711,8,2,758,10,16,7,8,3,8,711,24,20,1.23 
2015,11,07,23:55,70,711,6,758,14,16,9,6,5,10,711,18,25,0.77 
2015,11,07,23:55,70,711,14,758,16,11,12,3,4,8,711,22,19,1.09 
2015,11,07,23:55,711,70,7,758,16,11,7,8,9,3,711,16,16,1.02 
2015,11,07,17:00,711,215,14,758,16,12,6,9,10,3,711,25,18,1.20 
2015,11,07,17:00,215,711,1,758,16,7,11,4,5,3,711,9,18,0.61 
2015,11,07,17:00,711,215,2,758,16,13,8,7,8,6,711,26,19,1.27 
2015,11,06,23:00,711,70,14,758,10,16,8,7,2,9,711,14,19,0.80 
2015,11,06,23:00,70,711,7,758,16,6,10,5,6,1,711,15,19,0.81 
2015,10,30,17:30,250,711,1,766,16,1,14,1,2,0,711,4,17,0.20 
2015,10,30,17:30,711,250,7,766,14,16,9,6,5,10,711,11,20,0.69 
2015,10,29,20:55,8,711,2,766,16,7,9,6,7,1,711,18,20,1.01 
2015,10,28,17:40,711,250,14,766,16,13,13,2,3,11,711,22,20,1.13 
2015,10,24,18:00,250,711,1,740,17,19,11,4,4,11,711,31,27,1.18 
2015,10,22,22:30,711,302,7,740,16,14,7,8,9,6,711,18,23,0.75 
2015,10,21,21:00,196,711,6,740,3,16,3,12,0,4,711,25,10,1.79 
2015,10,21,19:00,711,292,1,749,11,16,8,7,3,9,711,19,19,1.00 
2015,10,20,22:00,711,258,1,740,16,12,9,6,7,6,711,21,18,1.06 
2015,10,20,21:00,215,711,2,740,16,13,11,4,5,9,711,13,24,0.58 
2015,10,20,19:00,711,210,2,749,16,10,12,3,4,7,711,16,16,0.96 
2015,10,19,21:15,270,711,6,696,16,5,12,3,4,2,711,10,17,0.61 
2015,10,19,21:15,711,270,1,696,12,16,5,10,7,6,711,16,19,0.91 
2015,10,15,22:15,196,711,14,783,5,16,4,11,1,5,711,21,7,1.68 
2015,10,15,22:15,711,196,1,783,16,3,13,2,3,1,711,14,12,1.07 
2015,10,15,19:00,711,270,14,740,13,16,8,7,5,9,711,19,22,0.84 
2015,10,14,21:00,711,270,4,749,5,16,2,13,3,3,711,14,16,0.92 
2015,10,14,20:00,711,215,4,740,16,13,11,4,5,9,711,17,21,0.91 
2015,10,14,17:30,711,214,14,783,15,19,9,6,6,9,711,26,26,1.05 
2015,10,14,17:30,214,711,4,783,16,12,8,7,8,5,711,17,18,0.96 
2015,10,13,22:00,711,214,0,740,8,16,5,10,3,6,711,13,20,0.73 
2015,10,13,21:15,711,210,4,740,2,16,2,13,0,3,711,8,16,0.53 
2015,10,13,20:15,711,214,7,740,16,10,7,8,9,2,711,23,19,1.14 
2015,10,13,19:00,711,258,0,749,16,11,9,6,7,5,711,26,19,1.20 
2015,10,11,17:40,934,935,0,786,14,16,9,6,5,10,935,18,18,1.02 
2015,10,11,17:40,934,935,14,786,4,16,3,12,1,4,935,12,11,1.01 
2015,10,11,17:40,934,935,1,786,8,16,6,9,2,7,935,22,11,1.43 
2015,10,11,17:40,935,934,2,786,9,16,5,10,4,6,935,12,18,0.65 
2015,10,11,14:15,935,936,0,786,16,11,6,9,10,2,935,28,15,1.49 
2015,10,11,14:15,936,935,14,786,16,19,7,8,8,7,935,22,24,0.90 
2015,10,10,21:30,935,938,7,786,16,7,11,4,5,3,935,20,16,1.25 
2015,10,10,21:30,938,935,14,786,2,16,2,13,0,3,935,13,10,1.22 
2015,10,09,20:05,935,943,1,786,16,14,7,8,9,6,935,28,15,1.56 
2015,10,09,20:05,943,935,6,786,6,16,5,10,1,6,935,18,10,1.31 
2015,10,09,17:00,934,935,14,786,19,16,5,10,10,5,935,18,26,0.77 
2015,10,09,11:00,935,224,1,786,16,4,12,3,4,1,935,24,12,1.76 
2015,10,07,22:15,711,945,6,783,13,16,7,8,6,8,711,20,20,1.01 
2015,10,07,22:15,945,711,14,783,5,16,4,11,1,5,711,20,9,1.51 
2015,10,07,20:25,711,292,2,783,16,12,9,6,7,6,711,20,15,1.10 
2015,10,07,20:25,292,711,1,783,13,16,9,6,4,10,711,15,18,0.90 
2015,10,06,22:00,711,250,14,749,16,21,7,8,8,7,711,21,27,0.85 
2015,10,06,20:00,270,711,4,740,16,5,10,5,6,0,711,10,18,0.62 
2015,10,06,19:00,210,711,2,740,13,16,10,5,3,11,711,22,20,1.11 
2015,10,04,20:00,472,711,1,783,6,16,5,10,1,6,711,22,14,1.50 
2015,10,04,20:00,711,472,4,783,19,15,5,10,10,5,711,28,25,1.13 
2015,10,01,17:30,935,956,1,799,16,10,8,7,8,3,935,21,17,1.18 
2015,10,01,17:30,935,956,7,799,16,12,10,5,6,7,935,15,16,0.88 
2015,09,30,23:05,711,59,4,749,9,16,5,10,4,6,711,16,20,0.86 
2015,09,30,22:15,22,711,14,740,16,5,13,2,3,3,711,12,18,0.73 
2015,09,30,21:15,8,711,6,740,14,16,6,9,8,7,711,16,22,0.68 
2015,09,29,23:00,711,292,2,749,2,16,1,14,1,2,711,12,15,0.89 
2015,09,29,22:00,711,302,14,740,16,9,10,5,6,4,711,18,12,1.21 
2015,09,25,18:00,711,59,14,766,16,7,13,2,3,5,711,17,11,1.25 
2015,09,25,18:00,711,59,1,766,16,13,6,9,10,4,711,21,21,0.97 
2015,09,25,18:00,59,711,4,766,16,8,8,7,8,1,711,14,20,0.72 
2015,09,25,12:37,711,751,1,766,16,7,11,4,5,3,711,11,16,0.75 
2015,09,25,12:30,711,751,6,766,16,8,10,5,6,3,711,16,14,0.99 
2015,09,17,21:00,258,711,0,740,16,8,9,6,7,2,711,11,18,0.64 
2015,09,16,22:00,711,270,1,749,17,21,12,3,3,12,711,20,31,0.68 
2015,09,16,19:00,258,711,2,749,16,7,12,3,4,4,711,7,22,0.29 
2015,09,15,22:15,711,13,6,783,16,8,10,5,6,3,711,16,18,0.93 
2015,09,15,22:15,13,711,2,783,9,16,8,7,1,9,711,14,13,1.00 
2015,09,15,19:00,711,210,14,749,8,16,6,9,2,7,711,18,16,1.09 
2015,09,11,13:05,210,711,6,822,16,13,10,5,6,8,711,16,24,0.66 
2015,09,11,13:05,711,210,2,822,5,16,5,10,0,6,711,16,15,1.01 
2015,09,10,23:20,215,711,14,822,10,16,5,10,5,6,711,18,17,0.97 
2015,09,10,15:15,210,711,14,822,16,6,13,2,3,4,711,8,18,0.50 
2015,09,09,00:40,215,711,4,825,19,15,10,5,5,10,711,21,27,0.82 
2015,09,08,19:40,23,711,0,825,16,5,11,4,5,1,711,7,17,0.43 
2015,09,08,19:40,23,711,1,825,11,16,10,5,1,11,711,22,20,0.98 
2015,09,08,19:40,23,711,2,825,16,13,11,4,5,9,711,17,23,0.74 
2015,09,08,00:30,8,711,6,825,8,16,2,13,6,3,711,19,17,1.26 
2015,09,08,00:30,8,711,2,825,10,16,9,6,1,10,711,20,16,1.11 
2015,09,08,00:30,711,8,4,825,15,19,8,7,7,8,711,19,29,0.77 
2015,09,07,17:50,711,214,14,825,16,9,11,4,5,5,711,12,14,0.88 
2015,09,07,17:50,214,711,4,825,3,16,3,12,0,4,711,16,9,1.29 
2015,09,03,23:00,711,214,1,823,14,16,5,10,9,6,711,13,23,0.59 
2015,09,03,20:00,711,980,1,783,16,8,9,6,7,2,711,24,13,1.55 
2015,09,03,20:00,980,711,2,783,4,16,4,11,0,5,711,12,11,0.96 
2015,09,02,22:15,711,22,14,783,16,6,12,3,4,3,711,16,16,0.99 
2015,09,02,22:15,22,711,2,783,15,19,8,7,7,8,711,21,25,0.95 
2015,08,31,22:15,711,59,1,783,16,14,7,8,9,6,711,19,21,0.89 
2015,08,31,22:15,711,59,4,783,16,12,6,9,10,3,711,17,19,0.87 
2015,08,31,18:15,711,214,4,823,17,21,9,6,6,9,711,25,29,0.91 
2015,08,31,18:15,214,711,2,823,7,16,6,9,1,7,711,20,16,1.15 
2015,08,31,18:15,711,214,14,823,9,16,8,7,1,9,711,10,19,0.60 
2015,08,30,21:00,22,711,14,823,16,12,7,8,9,4,711,17,22,0.85 
2015,08,30,21:00,711,22,0,823,16,8,9,6,7,2,711,12,18,0.65 
2015,08,30,21:00,22,711,2,823,16,9,11,4,5,5,711,25,19,1.24 
2015,08,21,18:25,286,711,0,846,16,9,9,6,7,3,711,14,21,0.74 
2015,08,20,19:30,215,711,4,846,19,17,11,4,4,11,711,23,26,0.97 
2015,07,26,21:30,1045,711,1,872,2,16,2,13,0,3,711,18,8,1.58 
2015,07,26,18:45,985,711,2,872,25,23,10,5,5,10,711,28,38,0.77 
2015,07,26,15:45,711,287,2,872,16,8,13,2,3,6,711,10,16,0.64 
2015,07,26,14:15,711,292,14,872,16,5,10,5,6,0,711,16,16,1.13 
2015,07,12,16:00,258,257,14,875,17,19,5,10,10,5,258,22,28,0.76 
2015,07,12,16:00,257,258,2,875,16,8,10,5,6,3,258,24,16,1.30 
2015,07,11,19:00,258,302,7,875,16,13,9,6,7,7,258,18,21,0.82 
2015,07,11,19:00,302,258,2,875,6,16,3,12,3,4,258,14,13,0.97 
2015,07,11,02:00,258,291,7,875,16,10,11,4,5,6,258,17,16,1.06 
2015,07,11,01:00,258,286,7,875,16,6,11,4,5,2,258,20,11,1.48 
2015,07,10,21:45,258,18,6,875,16,3,12,3,4,0,258,14,11,1.08 
2015,07,03,16:00,258,257,7,877,12,16,10,5,2,11,258,11,22,0.54 
2015,07,03,16:00,258,257,1,877,12,16,7,8,5,8,258,21,21,1.02 
2015,07,02,19:20,258,70,1,877,16,7,9,6,7,1,258,8,15,0.62 
2015,07,02,14:00,258,257,7,877,13,16,8,7,5,9,258,17,20,0.84 
2015,06,30,22:15,258,215,1,878,16,9,8,7,8,2,258,20,13,1.22 
2015,06,30,21:00,258,210,6,878,19,21,7,8,8,7,258,24,32,0.75 
2015,06,30,19:00,711,258,1,878,14,16,6,9,8,7,258,15,21,0.72 
2015,06,30,18:00,13,258,6,878,12,16,7,8,5,8,258,18,19,0.94 
2015,06,29,23:00,258,214,2,802,19,15,12,3,3,12,258,20,23,0.93 
2015,06,29,23:00,214,258,7,802,13,16,10,5,3,11,258,18,19,0.92 
2015,06,29,21:30,270,258,6,878,16,13,7,8,9,5,258,14,20,0.80 
2015,06,28,19:00,250,258,7,880,9,16,7,8,2,8,258,14,16,0.81 
2015,06,28,19:00,258,250,6,880,16,4,11,4,5,0,258,20,11,1.43 
2015,06,28,19:00,258,250,1,880,16,10,9,6,7,4,258,21,16,1.19 
2015,06,28,15:30,22,258,7,880,7,16,7,8,0,8,258,14,11,1.04 
2015,06,28,13:00,22,258,4,880,15,19,10,5,5,10,258,27,21,1.15 
2015,06,28,13:00,258,22,1,880,8,16,5,10,3,6,258,8,19,0.47 
2015,06,27,16:15,258,214,14,880,16,9,11,4,5,5,258,13,12,0.95 
2015,06,27,16:15,214,258,7,880,16,12,6,9,10,3,258,10,18,0.65 
2015,06,27,16:15,258,214,1,880,16,6,9,6,7,0,258,19,12,1.30 
2015,06,26,22:30,257,258,7,880,12,16,7,8,5,8,258,15,16,0.83 
2015,06,26,22:30,258,257,6,880,16,2,13,2,3,0,258,18,10,1.52 
2015,06,26,22:30,258,257,2,880,16,19,9,6,6,9,258,24,24,0.98 
2015,06,24,21:00,258,210,6,878,12,16,8,7,4,9,258,18,21,0.89 
2015,06,24,20:15,8,258,4,878,16,5,11,4,5,1,258,10,20,0.52 
2015,06,24,19:00,258,215,14,878,15,21,6,9,9,6,258,17,26,0.69 
2015,06,23,20:00,258,8,7,889,16,11,8,7,8,4,258,12,19,0.63 
2015,06,23,20:00,258,8,2,889,16,5,10,5,6,0,258,24,10,1.74 
2015,06,23,20:00,258,8,1,889,16,12,9,6,7,6,258,17,19,0.96 
2015,06,23,18:00,258,8,7,878,2,16,2,13,0,3,258,7,15,0.49 
2015,06,22,20:00,250,258,7,878,21,18,7,8,8,7,258,16,26,0.63 
2015,06,21,18:00,258,215,6,892,23,25,10,5,5,10,258,27,31,0.92 
2015,06,21,18:00,258,215,4,892,4,16,4,11,0,5,258,5,19,0.25 
2015,06,21,17:59,258,215,1,892,16,10,13,2,3,8,258,14,15,0.91 
2015,06,21,17:59,215,258,14,892,16,14,6,9,10,5,258,25,22,1.20 
2015,06,21,14:15,258,1054,6,892,16,11,7,8,9,3,258,26,17,1.43 
2015,06,21,14:15,1054,258,1,892,4,16,3,12,1,4,258,9,10,0.96 
2015,06,20,11:30,258,215,1,892,16,13,8,7,8,6,258,17,18,0.94 
2015,06,20,11:30,258,292,7,892,16,8,11,4,5,4,258,15,10,1.09 
2015,06,20,10:10,258,13,6,892,14,16,8,7,6,9,258,15,19,0.77 
2015,06,19,12:45,258,59,7,892,16,7,11,4,5,3,258,30,14,1.94 
2015,06,19,11:44,1054,258,1,892,16,14,4,11,12,3,258,20,19,0.93 
2015,06,17,21:00,258,22,6,888,16,2,13,2,3,0,258,10,6,1.04 
2015,06,17,19:00,711,258,7,802,16,4,11,4,5,0,258,11,17,0.64 
2015,06,17,19:00,711,258,1,802,16,19,4,11,11,4,258,31,19,1.41 
2015,06,16,22:00,258,270,1,888,16,13,7,8,9,5,258,21,18,1.05 
2015,06,16,19:00,258,196,4,888,16,7,9,6,7,1,258,11,18,0.60 
2015,06,14,21:00,258,59,7,802,16,6,12,3,4,3,258,22,12,1.52 
2015,06,14,21:00,258,59,6,802,19,22,10,5,5,10,258,20,29,0.79 
2015,06,11,22:00,215,258,7,888,12,16,8,7,4,9,258,17,20,0.89 
2015,06,11,19:00,258,250,14,888,3,16,3,12,0,4,258,7,17,0.42 
2015,06,10,23:00,258,250,2,878,16,12,7,8,9,4,258,19,19,0.95 
2015,06,10,21:00,258,13,7,888,16,2,13,2,3,0,258,13,4,1.43 
2015,06,10,19:00,258,13,1,888,16,4,13,2,3,2,258,20,9,1.55 
2015,06,09,23:15,258,711,1,878,21,15,8,7,7,8,258,22,20,0.95 
2015,06,09,20:00,210,258,4,897,16,12,9,6,7,6,258,25,21,1.20 
2015,06,09,20:00,210,258,6,897,16,11,10,5,6,6,258,11,23,0.53 
2015,06,09,20:00,210,258,2,897,16,9,12,3,4,6,258,8,21,0.47 
2015,06,09,20:00,258,210,14,897,16,5,11,4,5,1,258,21,7,1.71 
2015,06,07,21:00,258,676,1,894,16,1,14,1,2,0,258,19,8,1.64 
2015,06,07,21:00,258,676,2,894,16,7,11,4,5,3,258,13,13,0.93 
2015,06,03,23:00,258,711,14,888,16,1,14,1,2,0,258,6,9,0.75 
2015,06,03,21:00,258,270,7,878,16,8,9,6,7,2,258,17,13,1.21 
2015,06,03,19:00,258,59,2,888,16,3,12,3,4,0,258,11,8,1.08 
2015,06,02,21:00,23,258,7,894,13,16,4,11,9,5,258,13,18,0.74 
2015,06,02,21:00,258,23,1,894,16,12,7,8,9,4,258,24,16,1.25 
2015,06,02,20:00,258,711,0,888,16,13,7,8,9,5,258,23,22,1.03 
2015,06,02,18:00,302,258,14,894,7,16,6,9,1,7,258,20,12,1.44 
2015,06,02,18:00,258,302,1,894,16,10,7,8,9,2,258,14,17,0.87 
2015,06,01,21:15,258,59,2,908,16,3,12,3,4,0,258,22,8,1.75 
2015,06,01,21:15,59,258,1,908,11,16,8,7,3,9,258,20,17,1.29 
2015,06,01,17:00,1054,258,7,908,3,16,3,12,0,4,258,9,10,0.81 
2015,06,01,17:00,258,1054,1,908,16,8,10,5,6,3,258,17,14,1.03 
2015,05,31,23:15,258,196,7,802,16,10,7,8,9,2,258,14,14,0.89 
2015,05,31,20:00,258,210,6,909,6,16,4,11,2,5,258,12,19,0.57 
2015,05,31,20:00,258,210,7,909,16,12,12,3,4,9,258,21,20,1.09 
2015,05,31,20:00,258,210,1,909,14,16,7,8,7,8,258,16,23,0.67 
2015,05,31,18:00,22,258,6,888,8,16,2,13,6,3,258,14,14,0.92 
2015,05,31,17:00,258,8,1,888,16,11,8,7,8,4,258,15,15,0.98 
2015,05,30,22:00,210,258,2,888,5,16,4,11,1,5,258,11,11,0.88 
2015,05,30,20:15,258,215,4,888,14,16,10,5,4,11,258,16,19,0.84 
2015,05,30,19:00,258,270,6,888,16,19,8,7,7,8,258,21,29,0.74 
2015,05,29,18:00,258,1062,1,909,16,9,10,5,6,4,258,19,21,0.97 
2015,05,29,18:00,1062,258,0,909,16,6,13,2,3,4,258,4,19,0.26 
2015,05,29,18:00,258,1062,7,909,19,17,7,8,8,7,258,19,27,0.73 
2015,05,24,21:00,458,258,6,909,13,16,7,8,6,8,258,16,15,1.06 
2015,05,23,21:00,258,250,14,888,5,16,3,12,2,4,258,13,18,0.70 
2015,05,21,22:00,270,258,6,802,13,16,9,6,4,10,258,16,16,0.89 
2015,05,21,22:00,270,258,7,802,16,8,14,1,2,7,258,13,19,0.77 
2015,05,21,18:00,258,215,1,909,14,16,4,11,10,5,258,20,19,0.95 
2015,05,21,18:00,215,258,6,909,16,9,8,7,8,2,258,14,18,0.88 
2015,05,20,18:15,258,292,4,894,5,16,2,13,3,3,258,11,15,0.75 
2015,05,20,18:15,292,258,7,894,19,16,10,5,5,10,258,21,25,0.80 
2015,05,19,21:30,840,258,7,909,11,16,7,8,4,8,258,10,16,0.73 
2015,05,19,21:30,840,258,1,909,16,14,9,6,7,8,258,12,23,0.60 
2015,05,19,21:30,840,258,6,909,5,16,2,13,3,3,258,15,13,1.07 
2015,05,19,20:00,214,258,0,888,16,10,6,9,10,1,258,16,20,0.79 
2015,05,16,18:30,8,258,7,921,16,4,12,3,4,1,258,5,18,0.29 
2015,05,16,18:30,258,8,2,921,10,16,10,5,0,11,258,12,17,0.82 
2015,05,16,16:30,258,429,1,921,16,3,12,3,4,0,258,19,9,1.42 
2015,05,16,16:30,258,429,7,921,16,2,14,1,2,1,258,14,9,1.15 
2015,05,16,11:00,258,257,1,921,16,10,6,9,10,1,258,15,15,0.94 
2015,05,16,11:00,258,257,7,921,16,5,10,5,6,0,258,16,7,1.37 
2015,05,15,22:30,711,258,6,921,14,16,8,7,6,9,258,19,19,0.96 
2015,05,15,22:30,711,258,7,921,10,16,8,7,2,9,258,11,16,0.71 
2015,05,13,22:15,8,258,2,888,15,19,8,7,7,8,258,27,25,1.15 
2015,05,10,21:15,258,210,7,926,5,16,4,11,1,5,258,12,16,0.78 
2015,05,10,21:15,258,210,0,926,10,16,4,11,6,5,258,13,21,0.66 
2015,05,10,21:15,210,258,1,926,7,16,4,11,3,5,258,14,13,0.94 
2015,05,10,18:40,22,258,1,926,17,19,10,5,5,10,258,28,25,1.08 
2015,05,10,18:40,258,22,7,926,16,10,8,7,8,3,258,18,19,0.91 
2015,05,09,23:30,711,258,7,926,9,16,7,8,2,8,258,22,15,1.25 
2015,05,09,20:30,647,258,6,926,22,25,5,10,10,5,258,22,37,0.60 
2015,05,06,21:00,210,258,7,888,16,5,13,2,3,3,258,7,19,0.38 
2015,05,05,21:00,258,1045,7,909,6,16,5,10,1,6,258,16,17,1.06 
2015,05,05,21:00,258,1045,6,909,16,8,11,4,5,4,258,14,16,0.88 
2015,05,05,21:00,1045,258,4,909,16,8,8,7,8,1,258,10,20,0.60 
2015,05,04,22:15,59,258,4,888,14,16,7,8,7,8,258,27,21,1.29 
2015,05,04,21:00,196,258,6,888,6,16,5,10,1,6,258,14,11,1.10 
2015,04,30,18:00,840,258,7,909,14,16,5,10,9,6,258,14,25,0.53 
2015,04,30,18:00,258,840,1,909,16,4,11,4,5,0,258,19,7,1.50 
2015,04,29,19:00,258,214,1,860,16,14,9,6,7,8,258,38,16,1.88 
2015,04,29,19:00,258,214,6,860,19,16,9,6,6,9,258,21,20,0.97 
2015,04,25,11:00,258,210,6,934,14,16,8,7,6,9,258,19,23,0.82 
2015,04,25,11:00,210,258,0,934,16,9,10,5,6,4,258,12,21,0.55 
2015,04,24,19:00,250,258,0,934,16,11,8,7,8,4,258,21,23,0.94 
2015,04,24,19:00,258,250,1,934,33,36,8,7,7,8,258,39,51,0.77 
2015,04,24,19:00,258,250,7,934,16,10,7,8,9,2,258,16,16,0.96 
2015,04,22,22:00,8,258,4,935,16,9,11,4,5,5,258,11,21,0.50 
2015,04,19,21:00,258,22,7,860,4,16,4,11,0,5,258,10,17,0.71 
2015,04,19,21:00,22,258,6,860,16,9,8,7,8,2,258,14,19,0.73 
2015,04,19,21:00,22,258,0,860,11,16,4,11,7,5,258,21,19,1.00 
2015,04,16,22:00,258,270,6,935,9,16,4,11,5,5,258,9,21,0.45 
2015,04,16,19:20,1045,258,4,935,10,16,8,7,2,9,258,14,22,0.64 
2015,04,16,18:00,215,258,1,935,21,18,8,7,7,8,258,33,29,1.06 
2015,04,15,19:15,258,270,1,935,23,26,12,3,3,12,258,39,36,1.05 
2015,04,15,18:30,210,258,5,935,16,3,13,2,3,1,258,8,18,0.39 
2015,04,12,12:00,215,258,14,946,16,12,7,8,9,4,258,12,22,0.60 
2015,04,12,12:00,215,258,4,946,16,7,10,5,6,2,258,18,18,1.21 
2015,04,12,12:00,258,215,6,946,19,15,12,3,3,12,258,25,21,1.10 
2015,04,10,21:00,258,711,7,946,16,2,13,2,3,0,258,15,9,1.23 
2015,04,10,21:00,258,711,6,946,5,16,5,10,0,6,258,9,17,0.54 
2015,04,10,21:00,711,258,0,946,11,16,7,8,4,8,258,14,19,0.78 
2015,04,10,14:00,384,258,6,946,4,16,3,12,1,4,258,17,11,1.22 
2015,04,10,14:00,258,384,4,946,16,6,11,4,5,2,258,15,10,1.20 
2015,04,06,20:30,258,215,6,935,16,11,6,9,10,2,258,15,18,0.82 
2015,03,29,20:15,258,250,0,950,16,2,13,2,3,0,258,24,9,2.07 
2015,03,29,18:52,250,258,6,950,9,16,9,6,0,10,258,23,17,1.26 
2015,03,28,21:30,258,250,6,950,16,1,14,1,2,0,258,11,8,1.08 
2015,03,28,21:30,258,250,7,950,16,9,10,5,6,4,258,19,19,1.09 
2015,03,27,21:00,258,215,5,950,16,2,13,2,3,0,258,10,8,0.95 
2015,03,27,21:00,258,215,4,950,16,14,7,8,9,6,258,22,20,0.99 
2015,03,27,18:00,258,215,6,950,12,16,7,8,5,8,258,20,24,0.86 
2015,03,25,21:00,250,258,0,935,16,12,9,6,7,6,258,20,22,0.90 
2015,03,25,20:00,711,258,7,935,16,11,9,6,7,5,258,9,20,0.53 
2015,03,22,19:15,258,250,14,953,16,9,7,8,9,1,258,17,11,1.19 
2015,03,22,19:15,250,258,1,953,11,16,8,7,3,9,258,13,18,0.74 
2015,03,22,19:15,250,258,7,953,5,16,4,11,1,5,258,19,9,1.43 
2015,03,22,19:15,258,250,6,953,14,16,9,6,5,10,258,14,20,0.70 
2015,03,22,16:30,257,258,7,953,10,16,6,9,4,7,258,18,15,1.01 
2015,03,22,16:30,258,257,14,953,16,8,9,6,7,2,258,14,14,0.95 
2015,03,21,15:00,258,250,1,953,16,9,6,9,10,0,258,22,16,1.21 
2015,03,21,15:00,258,250,6,953,16,6,12,3,4,3,258,9,19,0.51 
2015,03,21,11:00,258,945,7,953,16,0,15,0,1,0,258,21,4,2.47 
2015,03,21,11:00,945,258,1,953,11,16,6,9,5,7,258,20,19,1.18 
2015,03,18,23:00,250,258,6,952,21,26,8,7,7,8,258,30,31,0.90 
2015,03,18,23:00,258,250,0,952,16,5,10,5,6,0,258,17,15,1.05 
2015,03,18,20:00,258,8,4,952,16,9,14,1,2,8,258,10,15,0.78 
2015,03,18,20:00,8,258,6,952,10,16,8,7,2,9,258,21,18,1.04 
2015,03,18,20:00,258,8,0,952,10,16,6,9,4,7,258,12,21,0.59 
2015,03,18,17:00,258,196,0,952,16,8,8,7,8,1,258,25,14,1.57 
2015,03,18,17:00,258,196,6,952,18,21,10,5,5,10,258,24,26,0.92 
2015,03,18,17:00,258,196,1,952,16,14,8,7,8,7,258,22,19,1.14 
2015,03,17,16:45,258,8,7,952,16,5,10,5,6,0,258,10,11,0.81 
2015,03,14,22:17,258,250,1,954,10,16,7,8,3,8,258,14,21,0.72 
2015,03,14,20:00,258,250,7,954,9,16,4,11,5,5,258,23,15,1.20 
2015,03,13,13:00,258,215,14,954,16,3,13,2,3,1,258,17,11,1.34 
2015,03,13,13:00,258,215,1,954,14,16,8,7,6,9,258,19,19,1.04 
2015,03,13,13:00,215,258,7,954,12,16,10,5,2,11,258,22,19,1.06 
2015,03,12,14:50,258,1045,7,954,16,8,9,6,7,2,258,22,8,1.67 
2015,03,12,13:40,258,711,14,954,16,14,9,6,7,8,258,16,20,0.77 
2015,02,26,19:00,258,210,6,935,10,16,4,11,6,5,258,10,20,0.51 
2015,02,22,22:00,258,250,0,935,16,11,12,3,4,8,258,18,21,0.82 
2015,02,22,19:00,258,1045,1,935,16,7,9,6,7,1,258,21,13,1.32 
2015,02,19,20:00,711,258,7,935,16,11,5,10,11,1,258,13,21,0.65 
2015,02,16,23:24,258,8,7,957,3,16,3,12,0,4,258,9,19,0.46 
2015,02,16,23:24,258,8,14,957,10,16,3,12,7,4,258,15,21,0.71 
2015,02,16,19:40,250,258,1,957,16,14,6,9,10,5,258,17,19,0.83 
2015,02,16,19:40,258,250,6,957,6,16,6,9,0,7,258,8,18,0.53 
2015,02,10,18:00,59,258,6,960,4,16,4,11,0,5,258,14,9,1.22 
2015,02,07,21:15,258,210,5,961,7,16,7,8,0,8,258,13,17,0.81 
2015,02,07,21:15,210,258,7,961,19,17,6,9,9,6,258,25,24,0.95 
2015,02,07,21:15,258,210,1,961,16,13,9,6,7,7,258,18,15,1.04 
2015,02,07,19:00,258,1045,6,961,16,3,12,3,4,0,258,18,13,1.26 
2015,02,07,16:00,711,258,1,961,16,11,8,7,8,4,258,18,20,0.90 
2015,02,07,14:00,250,258,7,961,13,16,9,6,4,10,258,25,18,1.21 
2015,02,07,13:00,258,210,5,961,14,16,11,4,3,12,258,20,19,0.99 
2015,02,07,12:00,258,8,7,961,16,10,7,8,9,2,258,14,19,0.71 
2015,01,26,00:12,250,301,14,963,10,16,10,5,0,11,301,11,16,0.71 
2015,01,26,00:07,250,301,6,963,19,17,9,6,6,9,301,18,24,0.74 
2015,01,26,00:02,301,250,1,963,16,11,6,9,10,2,301,16,16,0.91 
2015,01,25,06:26,22,301,7,963,5,16,4,11,1,5,301,11,13,0.78 
2015,01,25,06:24,22,301,6,963,16,14,8,7,8,7,301,23,15,1.24 
2015,01,25,06:22,301,22,1,963,16,10,12,3,4,7,301,21,15,1.24 
2015,01,24,20:51,303,301,1,963,6,16,3,12,3,4,301,15,9,1.21 
2015,01,24,02:56,301,210,6,963,16,9,11,4,5,5,301,17,12,1.13 
2015,01,23,22:28,291,301,1,963,16,14,8,7,8,7,301,13,19,0.72 
2015,01,11,19:00,59,301,7,967,12,16,4,11,8,5,301,19,16,1.04 
2015,01,11,19:00,301,59,1,967,16,7,14,1,2,6,301,23,11,1.94 
2015,01,11,19:00,301,59,5,967,16,10,8,7,8,3,301,18,18,0.92 
2015,01,07,20:20,301,214,4,967,16,4,12,3,4,1,301,15,13,1.09 
2015,01,07,20:20,214,301,1,967,11,16,7,8,4,8,301,24,15,1.28 
2015,01,07,20:20,214,301,6,967,12,16,8,7,4,9,301,12,19,0.64 
2014,12,11,18:00,301,1106,4,967,16,11,12,3,4,8,301,18,15,1.13 
2014,12,11,18:00,301,1106,1,967,16,9,10,5,6,4,301,21,13,1.35 
2014,11,29,21:00,250,301,4,983,16,19,11,4,4,11,301,22,25,0.91 
2014,11,29,21:00,250,301,6,983,16,4,11,4,5,0,301,7,18,0.43 
2014,11,29,21:00,301,250,1,983,16,10,6,9,10,1,301,17,12,1.07 
2014,11,29,17:30,301,215,1,983,16,11,13,2,3,9,301,8,16,0.60 
2014,11,29,17:30,215,301,6,983,11,16,9,6,2,10,301,15,20,0.78 
2014,11,28,17:30,301,210,7,983,8,16,4,11,4,5,301,15,16,1.00 
2014,11,28,17:30,210,301,1,983,10,16,5,10,5,6,301,13,16,0.80 
2014,11,27,21:00,301,250,4,983,16,13,10,5,6,8,301,16,17,0.92 
2014,11,27,19:10,301,841,14,983,16,4,15,0,1,4,301,14,11,1.24 
2014,11,09,21:20,210,301,4,996,16,11,9,6,7,5,301,17,19,0.98 
2014,11,09,17:00,301,210,6,996,19,16,10,5,5,10,301,16,25,0.73 
2014,11,09,17:00,301,210,0,996,6,16,5,10,1,6,301,19,19,1.23 
2014,11,09,17:00,301,210,1,996,9,16,8,7,1,9,301,14,20,0.72 
2014,11,08,17:00,301,8,6,996,16,0,15,0,1,0,301,17,4,1.81 
2014,11,08,17:00,301,8,1,996,16,5,13,2,3,3,301,17,13,1.10 
2014,11,08,17:00,301,8,4,996,9,16,6,9,3,7,301,15,21,0.82 
2014,11,04,19:00,301,22,6,997,13,16,8,7,5,9,301,14,23,0.69 
2014,11,02,15:15,210,301,7,998,16,11,11,4,5,7,301,20,21,0.97 
2014,11,02,15:15,301,210,6,998,10,16,7,8,3,8,301,12,22,0.53 
2014,11,01,16:00,215,301,4,998,14,16,6,9,8,7,301,23,21,1.08 
2014,11,01,16:00,301,215,6,998,16,10,11,4,5,6,301,25,14,1.38 
2014,11,01,09:30,711,301,5,998,10,16,6,9,4,7,301,15,18,0.87 
2014,11,01,09:30,301,711,6,998,16,7,14,1,2,6,301,21,18,1.14 
2014,10,30,18:00,257,301,6,998,7,16,4,11,3,5,301,22,13,1.56 
2014,10,30,16:20,301,8,4,998,13,16,9,6,4,10,301,14,25,0.54 
2014,10,30,13:00,301,278,6,998,16,3,12,3,4,0,301,11,13,0.83 
2014,10,30,11:50,500,301,4,998,9,16,6,9,3,7,301,16,18,0.90 
2014,10,30,09:35,301,869,6,998,16,0,15,0,1,0,301,20,6,1.84 
2014,10,29,16:00,711,301,14,1000,16,12,11,4,5,8,301,22,19,1.04 
2014,10,29,16:00,301,711,6,1000,16,8,8,7,8,1,301,19,14,1.29 
2014,10,29,16:00,711,301,0,1000,16,9,12,3,4,6,301,7,20,0.40 
2014,10,29,13:55,301,509,1,1000,16,2,14,1,2,1,301,20,7,1.85 
2014,10,29,11:00,711,301,1,1000,16,3,12,3,4,0,301,11,16,0.77 
2014,10,29,09:30,509,301,6,1000,13,16,9,6,4,10,301,27,19,1.32 
2014,10,25,16:13,301,1152,1,1001,12,16,4,11,8,5,301,16,23,0.70 
2014,10,25,15:05,1152,301,6,1001,31,27,12,3,3,12,301,40,45,1.00 
2014,10,24,19:04,8,301,6,1001,14,16,12,3,2,13,301,27,16,1.40 
2014,10,24,15:45,8,301,7,1001,7,16,6,9,1,7,301,17,13,1.15 
2014,10,24,15:02,301,257,1,1001,16,11,8,7,8,4,301,15,16,0.88 
2014,10,24,12:00,301,257,6,1001,16,6,12,3,4,3,301,23,12,1.77 
2014,10,22,18:00,210,301,4,996,11,16,10,5,1,11,301,17,15,1.00 
2014,10,22,18:00,210,301,6,996,14,16,13,2,1,14,301,27,15,1.43 
2014,10,22,18:00,301,210,0,996,12,16,9,6,3,10,301,14,18,0.75 
2014,10,21,21:40,301,854,6,1002,16,14,9,6,7,8,301,20,19,0.97 
2014,10,21,21:40,301,854,4,1002,16,1,14,1,2,0,301,8,10,0.76 
2014,10,21,18:00,53,301,7,1002,7,16,6,9,1,7,301,12,11,0.99 
2014,10,21,18:00,301,53,6,1002,16,9,8,7,8,2,301,17,17,0.95 
2014,10,19,19:00,215,301,0,1007,6,16,5,10,1,6,301,19,12,1.26 
2014,10,19,19:00,301,215,4,1007,12,16,7,8,5,8,301,24,18,1.19 
2014,10,19,19:00,301,215,1,1007,17,19,10,5,5,10,301,20,30,0.71 
2014,10,19,19:00,215,301,6,1007,9,16,8,7,1,9,301,16,14,1.15 
2014,10,18,20:31,301,711,7,1007,16,6,9,6,7,0,301,21,11,1.39 
2014,10,18,19:10,301,711,8,1007,16,4,12,3,4,1,301,26,7,2.02 
2014,10,18,16:25,301,215,6,1007,16,7,14,1,2,6,301,17,12,1.13 
2014,10,18,16:25,301,215,4,1007,16,8,11,4,5,4,301,17,13,1.06 
2014,10,16,19:00,301,210,6,997,16,5,13,2,3,3,301,6,11,0.66 
2014,10,16,19:00,301,210,1,997,16,13,12,3,4,10,301,27,20,1.27 
2014,10,16,19:00,301,210,7,997,11,16,10,5,1,11,301,17,19,0.88 
2014,10,15,18:00,214,301,4,996,10,16,7,8,3,8,301,22,14,1.37 
2014,10,15,18:00,301,214,0,996,14,16,7,8,7,8,301,16,24,0.86 
2014,10,15,18:00,301,214,1,996,16,6,10,5,6,1,301,11,12,0.87 
2014,10,11,20:00,676,301,7,997,9,16,4,11,5,5,301,15,20,0.78 
2014,10,11,20:00,301,676,1,997,16,14,6,9,10,5,301,20,25,0.79 
2014,10,09,20:00,250,301,6,1011,9,16,7,8,2,8,301,21,18,1.19 
2014,10,08,23:00,301,711,4,1011,16,2,13,2,3,0,301,14,12,1.08 
2014,10,07,22:01,8,301,7,1011,16,21,8,7,7,8,301,22,29,0.74 
2014,10,06,23:00,301,52,1,1011,16,11,7,8,9,3,301,20,19,1.13 
2014,10,06,19:00,301,22,1,1011,16,13,6,9,10,4,301,17,18,0.88 
2014,10,02,23:00,210,301,7,1011,16,5,10,5,6,0,301,11,16,0.69 
2014,10,02,18:00,250,301,6,996,9,16,8,7,1,9,301,16,17,0.94 
2014,10,02,18:00,250,301,4,996,13,16,12,3,1,13,301,14,19,0.72 
2014,10,01,23:30,301,59,4,1011,21,18,11,4,4,11,301,24,27,0.96 
2014,10,01,21:15,210,301,7,1011,16,8,10,5,6,3,301,14,18,0.81 
2014,10,01,19:00,301,384,6,996,16,11,8,7,8,4,301,22,21,1.14 
2014,09,29,22:10,250,301,7,1021,8,16,5,10,3,6,301,18,19,1.11 
2014,09,29,22:00,250,301,6,1021,10,16,9,6,1,10,301,10,19,0.63 
2014,09,29,19:00,301,384,1,1021,16,4,14,1,2,3,301,19,12,1.32 
2014,09,26,20:00,711,301,7,1024,19,15,6,9,9,6,301,24,25,0.87 
2014,09,26,20:00,301,711,0,1024,4,16,3,12,1,4,301,7,19,0.39 
2014,09,26,13:45,301,1106,1,1024,16,12,9,6,7,6,301,24,17,1.35 
2014,09,26,13:45,1106,301,7,1024,8,16,7,8,1,8,301,17,15,1.02 
2014,09,25,15:00,301,250,6,1024,16,3,12,3,4,0,301,17,11,1.21 
2014,09,25,13:50,301,711,0,1024,16,12,9,6,7,6,301,18,18,0.91 
2014,09,23,23:00,301,1204,1,1021,16,6,12,3,4,3,301,20,10,1.42 
2014,09,23,21:15,301,297,0,1021,16,8,13,2,3,6,301,17,14,1.13 
2014,09,23,21:15,301,250,7,1021,15,15,11,4,4,11,301,14,22,0.68 
2014,09,22,19:20,301,59,1,1021,16,13,8,7,8,6,301,15,16,0.84 
2014,09,18,20:00,52,301,7,1011,16,14,5,10,11,4,301,22,21,1.09 
2014,09,17,20:00,301,8,7,1011,16,14,9,6,7,8,301,22,20,1.08 
2014,09,16,23:15,301,854,6,1021,16,6,12,3,4,3,301,22,12,1.60 
2014,09,16,22:00,301,1199,1,1021,16,4,11,4,5,0,301,15,10,1.15 
2014,09,16,18:40,301,250,1,997,16,14,8,7,8,7,301,18,22,0.80 
2014,09,16,18:40,301,250,6,997,16,12,11,4,5,8,301,20,22,0.92 
2014,09,15,21:00,301,52,1,1021,3,16,2,13,1,3,301,8,18,0.46 
2014,09,14,20:00,52,301,6,1022,9,16,7,8,2,8,301,19,15,1.12 
2014,09,14,20:00,301,52,7,1022,16,5,11,4,5,1,301,13,11,1.04 
2014,09,11,23:00,301,711,7,1011,17,21,9,6,6,9,301,31,29,1.13 
2014,09,10,20:00,250,301,6,1011,16,5,10,5,6,0,301,8,19,0.42 
2014,09,04,20:00,59,301,6,1011,11,16,3,12,8,4,301,18,18,1.04 
2014,09,03,21:30,301,22,1,1011,16,11,10,5,6,6,301,24,12,1.41 
2014,08,15,20:30,22,711,5,1043,16,1,14,1,2,0,711,6,17,0.33 
2014,08,14,20:00,711,787,5,1043,16,1,14,1,2,0,711,14,9,1.35 
2014,08,14,18:00,257,711,1,1043,22,18,4,11,11,4,711,34,31,1.07 
2014,08,07,21:30,711,214,0,1044,12,16,5,10,7,6,711,16,21,0.74 
2014,08,07,19:27,711,8,6,1044,14,16,6,9,8,7,711,17,22,0.77 
2014,08,07,18:00,944,711,6,1044,12,16,6,9,6,7,711,18,19,0.94 
2014,08,05,22:00,301,711,6,1044,13,16,5,10,8,6,711,17,19,0.84 
2014,08,05,22:00,711,1218,6,1044,16,6,12,3,4,3,711,15,12,1.02 
2014,08,05,19:00,711,743,6,1044,16,4,12,3,4,1,711,18,10,1.30 
2014,08,05,18:00,711,722,1,1044,16,6,13,2,3,4,711,17,8,1.27 
2014,08,03,22:15,711,8,5,1046,12,16,12,3,0,13,711,12,18,0.70 
2014,08,03,22:15,711,8,0,1046,4,16,4,11,0,5,711,8,14,0.61 
2014,08,03,16:30,711,210,1,1046,16,12,10,5,6,7,711,9,14,0.72 
2014,08,03,16:30,210,711,6,1046,16,8,9,6,7,2,711,14,17,0.76 
2014,08,03,16:30,711,210,0,1046,16,4,12,3,4,1,711,19,12,1.32 
2014,08,03,11:30,711,1152,6,1046,16,8,10,5,6,3,711,11,15,0.76 
2014,08,03,11:30,1152,711,1,1046,14,16,8,7,6,9,711,16,20,0.87 
2014,08,03,01:00,711,214,0,1046,16,3,14,1,2,2,711,12,4,1.26 
2014,08,02,23:45,711,1219,0,1046,16,11,9,6,7,5,711,20,19,1.10 
2014,08,02,18:30,711,8,0,1046,15,15,6,9,9,6,711,20,20,1.03 
2014,08,02,17:20,599,711,0,1046,4,16,4,11,0,5,711,20,7,1.86 
2014,08,02,13:25,711,22,6,1046,7,16,4,11,3,5,711,19,17,1.05 
2014,07,31,20:00,711,215,0,1044,16,13,11,4,5,9,711,19,17,1.05 
2014,07,29,20:00,711,52,0,1044,16,7,10,5,6,2,711,13,13,0.90 
2014,07,27,13:00,711,1052,0,1050,16,3,12,3,4,0,711,16,11,1.20 
2014,07,27,13:00,1052,711,6,1050,7,16,3,12,4,4,711,11,12,0.79 
2014,07,26,16:00,711,1226,0,1050,16,2,14,1,2,1,711,16,5,1.53 
2014,07,26,16:00,711,1226,6,1050,16,3,12,3,4,0,711,12,11,0.93 
2014,07,16,21:00,215,711,7,1053,16,7,10,5,6,2,711,6,20,0.32 
2014,07,16,21:00,711,215,0,1053,8,16,7,8,1,8,711,10,18,0.60 
2014,07,15,21:00,711,210,6,1044,14,16,10,5,4,11,711,26,18,1.33 
2014,07,15,20:00,711,59,6,1044,12,16,9,6,3,10,711,11,22,0.57 
2014,07,08,21:00,711,314,0,1044,16,6,14,1,2,5,711,12,11,0.93 
2014,07,06,22:15,711,1219,0,1044,9,16,7,8,2,8,711,12,19,0.67 
2014,06,16,12:00,711,250,1,1061,9,16,7,8,2,8,711,13,20,0.69 
2014,06,16,12:00,250,711,6,1061,9,16,5,10,4,6,711,13,16,0.82 
2014,06,16,12:00,711,250,5,1061,12,16,10,5,2,11,711,26,20,1.11 
2014,06,15,17:05,314,711,6,1061,9,16,4,11,5,5,711,18,15,1.09 
2014,06,15,16:00,59,711,0,1061,16,6,12,3,4,3,711,11,18,0.67 
2014,06,15,15:00,1237,711,6,1061,2,16,1,14,1,2,711,15,9,1.35 
2014,06,04,19:30,210,711,0,1063,13,16,6,9,7,7,711,17,21,0.87 
2014,06,04,19:30,711,210,6,1063,16,11,7,8,9,3,711,29,15,1.73 
2014,06,03,21:30,711,214,6,1063,16,11,10,5,6,6,711,18,16,1.12 
2014,06,03,21:30,214,711,0,1063,9,16,5,10,4,6,711,14,16,0.92 
2014,06,03,21:30,711,214,1,1063,5,16,3,12,2,4,711,3,21,0.12 
2014,06,01,18:15,8,711,7,1064,16,4,11,4,5,0,711,4,17,0.29 
2014,06,01,18:15,711,8,0,1064,8,16,7,8,1,8,711,15,18,0.77 
2014,05,31,20:00,711,301,0,1064,16,11,8,7,8,4,711,11,19,0.60 
2014,05,31,20:00,301,711,6,1064,13,16,5,10,8,6,711,14,18,0.81 
2014,05,31,20:00,711,301,1,1064,5,16,5,10,0,6,711,6,16,0.46 
2014,05,31,15:00,711,22,6,1064,10,16,6,9,4,7,711,10,18,0.62 
2014,05,31,15:00,711,22,0,1064,12,16,8,7,4,9,711,21,20,1.05 
2014,05,27,22:00,711,1242,1,1064,16,7,12,3,4,4,711,15,16,0.99 
2014,05,27,20:00,8,711,0,1064,16,7,13,2,3,5,711,12,18,0.66 
2014,05,22,22:15,250,711,5,1064,16,6,13,2,3,4,711,25,15,1.58 
2014,05,22,19:00,1244,711,6,1063,8,16,8,7,0,9,711,24,11,1.64 
2014,05,22,19:00,711,1244,0,1063,16,13,5,10,11,3,711,21,19,1.09 
2014,05,21,22:00,1045,711,0,1064,12,16,10,5,2,11,711,19,17,1.01 
2014,05,20,19:00,711,1258,1,1063,16,13,6,9,10,4,711,17,22,0.79 
2014,05,20,19:00,711,1258,6,1063,12,16,8,7,4,9,711,19,20,1.07 
2014,05,20,19:00,711,1258,0,1063,16,14,5,10,11,4,711,13,19,0.72 
2014,05,15,19:00,711,22,1,1064,11,16,7,8,4,8,711,23,24,1.04 
2014,05,14,20:00,711,301,0,1064,16,14,9,6,7,8,711,22,20,1.08 
2014,05,08,22:00,711,210,1,1064,16,9,11,4,5,5,711,14,18,0.79 
2014,05,07,22:00,8,711,7,1064,16,11,8,7,8,4,711,9,21,0.50 
2014,05,04,14:00,711,250,6,1071,3,16,3,12,0,4,711,6,18,0.37 
2014,05,04,14:00,711,250,5,1071,12,16,7,8,5,8,711,18,27,0.73 
2014,05,04,14:00,250,711,1,1071,8,16,3,12,5,4,711,5,17,0.41 
2014,05,03,18:45,711,215,0,1071,11,16,8,7,3,9,711,15,19,0.83 
2014,05,03,18:45,711,215,1,1071,9,16,2,13,7,3,711,14,19,0.71 
2014,05,02,18:30,8,711,0,1071,17,19,11,4,4,11,711,29,24,1.09 
2014,05,02,18:30,711,8,1,1071,16,10,5,10,11,0,711,21,19,1.07 
2014,04,30,21:00,711,1001,6,1064,16,3,12,3,4,0,711,20,12,1.58 
2014,04,19,10:00,711,301,0,1076,12,16,6,9,6,7,711,22,21,1.03 
2014,04,19,10:00,301,711,2,1076,16,14,9,6,7,8,711,18,23,0.81 
2014,04,18,21:00,49,711,0,1076,8,16,4,11,4,5,711,18,14,1.14 
2014,04,18,21:00,711,49,1,1076,16,9,9,6,7,3,711,21,14,1.39 
2014,04,14,22:00,1244,711,6,1077,11,16,9,6,2,10,711,25,16,1.34 
2014,04,13,21:00,711,214,1,1077,16,12,11,4,5,8,711,20,21,0.97 
2014,04,10,21:00,711,59,1,1077,16,10,11,4,5,6,711,26,18,1.38 
2014,04,08,20:15,711,8,6,1077,5,16,5,10,0,6,711,14,14,0.99 
2014,04,02,22:00,1280,711,5,1077,8,16,4,11,4,5,711,22,14,1.40 
2014,04,02,21:00,711,49,1,1077,16,4,14,1,2,3,711,15,8,1.16 
2014,04,01,19:00,711,1273,5,1077,16,4,11,4,5,0,711,12,9,1.10 
2014,03,31,22:00,711,287,1,1077,16,3,12,3,4,0,711,21,9,1.69 
2014,03,30,19:45,22,711,6,1080,16,8,8,7,8,1,711,14,21,0.83 
2014,03,30,19:45,22,711,5,1080,10,16,10,5,0,11,711,17,19,0.88 
2014,03,30,19:45,711,22,1,1080,16,12,12,3,4,9,711,20,16,1.15 
2014,03,30,19:45,22,711,0,1080,16,5,11,4,5,1,711,10,18,0.62 
2014,03,30,00:00,711,8,7,1080,16,11,9,6,7,5,711,18,18,0.94 
2014,03,30,00:00,711,8,1,1080,16,3,12,3,4,0,711,13,8,1.17 
2014,03,29,21:15,711,301,5,1080,16,11,8,7,8,4,711,21,14,1.24 
2014,03,29,21:15,301,711,0,1080,16,8,10,5,6,3,711,16,21,0.78 
2014,03,29,21:15,711,301,1,1080,16,8,9,6,7,2,711,28,14,1.75 
2014,03,28,18:15,711,210,7,1080,16,6,13,2,3,4,711,17,10,1.20 
2014,03,27,19:30,711,8,6,1080,15,19,13,2,2,13,711,24,25,0.99 
2014,03,27,19:30,711,8,1,1080,12,16,5,10,7,6,711,24,20,1.28 
2014,03,27,19:30,8,711,7,1080,5,16,5,10,0,6,711,17,15,1.08 
2014,03,24,20:15,711,215,0,1077,12,16,9,6,3,10,711,10,25,0.47 
2014,03,24,19:00,711,250,1,1077,16,14,11,4,5,10,711,24,21,1.18 
2014,03,20,21:30,711,250,0,1080,16,5,14,1,2,4,711,14,12,1.04 
2014,03,20,21:30,250,711,5,1080,13,16,11,4,2,12,711,16,22,0.76 
2014,03,18,22:00,711,1069,5,1077,16,6,12,3,4,3,711,20,14,1.21 
2014,03,13,18:00,711,59,6,1082,14,16,8,7,6,9,711,24,20,1.04 
2014,03,13,15:45,711,8,0,1082,7,16,6,9,1,7,711,13,20,0.76 
2014,03,13,13:00,711,214,1,1082,16,5,10,5,6,0,711,9,13,0.78 
2014,03,11,23:00,214,711,1,1080,9,16,3,12,6,4,711,27,17,1.67 
2014,03,11,20:35,711,22,6,1080,11,16,10,5,1,11,711,17,19,0.85 
2014,03,11,19:30,711,945,1,1080,16,13,6,9,10,4,711,27,21,1.36 
2014,03,07,17:00,711,1274,5,1077,16,3,12,3,4,0,711,16,12,1.25 
2014,03,06,20:00,210,711,6,1077,15,15,8,7,7,8,711,21,24,0.84 
2014,03,04,20:00,711,301,5,1077,16,6,12,3,4,3,711,21,14,1.25 
2014,02,22,00:30,711,250,5,1086,16,10,10,5,6,5,711,27,18,1.41 
2014,02,21,19:20,711,210,1,1086,16,8,8,7,8,1,711,23,13,1.39 
2014,02,21,16:15,711,250,5,1086,22,19,12,3,3,12,711,23,27,0.87 
2014,01,19,20:35,1152,711,6,1095,16,14,9,6,7,8,711,15,20,0.76 
2014,01,19,20:35,1152,711,5,1095,16,11,10,5,6,6,711,11,21,0.52 
2014,01,19,20:35,711,1152,7,1095,19,15,5,10,10,5,711,23,22,0.99 
2014,01,19,20:35,711,1152,1,1095,14,16,5,10,9,6,711,15,22,0.70 
2014,01,19,20:35,1152,711,8,1095,16,9,9,6,7,3,711,16,21,0.78 
2014,01,19,03:45,116,711,5,1095,14,16,8,7,6,9,711,20,22,0.91 
2014,01,19,03:45,116,711,6,1095,16,3,13,2,3,1,711,8,17,0.47 
2014,01,19,03:45,711,116,1,1095,16,14,9,6,7,8,711,25,20,1.12 
2014,01,18,19:00,711,1152,5,1095,16,5,13,2,3,3,711,28,11,2.03 
2014,01,18,19:00,711,1152,1,1095,16,2,13,2,3,0,711,21,7,1.96 
2014,01,18,19:00,1152,711,8,1095,16,13,6,9,10,4,711,12,22,0.61 
2013,12,15,20:10,1317,1244,1,1099,16,14,10,5,6,9,1317,20,22,0.95 
2013,12,15,20:10,1244,1317,6,1099,14,16,11,4,3,12,1317,19,19,1.08 
2013,12,15,20:10,1244,1317,0,1099,5,16,4,11,1,5,1317,16,14,1.05 
2013,12,12,21:15,1317,1319,1,1103,10,16,6,9,4,7,1317,10,21,0.55 
2013,12,12,21:15,1317,1319,5,1103,15,19,11,4,4,11,1317,26,22,1.10 
2013,12,11,22:45,1317,287,1,1103,16,7,11,4,5,3,1317,22,11,1.48 
2013,12,11,21:15,210,1317,1,1103,16,21,7,8,8,7,1317,29,23,1.26 
2013,12,11,19:15,1317,287,6,1103,14,16,9,6,5,10,1317,20,24,0.87 
2013,12,09,21:00,1317,1302,6,1099,16,3,13,2,3,1,1317,13,13,0.98 
2013,12,09,21:00,1317,1302,1,1099,16,13,11,4,5,9,1317,29,15,1.77 
2013,12,07,19:15,935,943,1,1098,16,14,4,11,12,3,935,23,19,1.21 
2013,12,07,19:15,943,935,6,1098,14,16,5,10,9,6,935,22,22,1.00 
2013,12,05,21:15,953,935,6,1098,2,16,2,13,0,3,935,15,13,1.02 
2013,12,05,21:15,935,953,5,1098,16,6,12,3,4,3,935,10,12,0.86 
2013,11,30,14:30,250,1317,5,1105,16,5,11,4,5,1,1317,14,17,0.77 
2013,11,30,14:30,1317,250,6,1105,16,6,12,3,4,3,1317,29,15,1.94 
2013,11,30,14:30,250,1317,1,1105,16,13,5,10,11,3,1317,19,18,1.14 
2013,11,29,20:00,1317,384,0,1105,16,12,7,8,9,4,1317,18,19,0.94 
2013,11,29,20:00,1317,384,6,1105,5,16,5,10,0,6,1317,15,19,0.90 
2013,11,29,20:00,1317,384,1,1105,16,6,10,5,6,1,1317,24,12,1.60 
2013,11,29,13:00,1312,1317,1,1105,9,16,4,11,5,5,1317,23,15,1.37 
2013,11,29,12:45,116,1317,6,1105,16,14,9,6,7,8,1317,16,23,0.77 
2013,11,29,11:04,1325,1317,6,1105,8,16,7,8,1,8,1317,7,13,0.69 
2013,11,24,12:41,210,1317,0,1106,10,16,9,6,1,10,1317,18,16,1.03 
2013,11,24,12:39,1317,210,1,1106,16,12,10,5,6,7,1317,11,21,0.57 
2013,11,23,05:00,1317,483,1,1106,16,3,15,0,1,3,1317,16,9,1.32 
2013,11,23,04:00,1331,1317,1,1106,4,16,4,11,0,5,1317,12,11,0.94 
2013,11,03,09:30,1317,1244,0,1110,12,16,12,3,0,13,1317,19,22,0.91 
2013,11,03,09:30,1244,1317,6,1110,16,11,10,5,6,6,1317,28,23,1.44 
2013,11,02,13:00,250,1317,5,1110,16,19,8,7,7,8,1317,35,25,1.42 
2013,11,02,13:00,250,1317,7,1110,13,16,8,7,5,9,1317,13,23,0.60 
2013,11,02,09:30,1317,210,0,1110,16,14,12,3,4,11,1317,24,18,1.21 
2013,11,02,09:30,1317,210,6,1110,16,2,13,2,3,0,1317,18,6,1.67 
2013,11,02,09:30,210,1317,7,1110,16,10,10,5,6,5,1317,15,22,0.72 
2013,10,31,16:30,384,1317,5,1110,16,13,11,4,5,9,1317,21,22,1.00 
2013,10,31,15:30,1317,287,5,1110,16,2,13,2,3,0,1317,21,12,1.54 
2013,10,31,14:30,1317,1340,1,1110,16,1,14,1,2,0,1317,11,6,1.21 
2013,10,27,20:00,1317,250,6,1112,16,6,10,5,6,1,1317,11,17,0.71 
2013,10,27,20:00,1317,250,7,1112,16,14,12,3,4,11,1317,19,22,0.92 
2013,10,27,20:00,250,1317,5,1112,16,5,10,5,6,0,1317,14,15,0.96 
2013,10,27,17:00,1317,1322,6,1112,21,17,9,6,6,9,1317,39,29,1.45 
2013,10,27,17:00,1317,1322,5,1112,16,4,11,4,5,0,1317,10,13,0.76 
2013,10,26,15:00,1317,384,6,1112,16,4,11,4,5,0,1317,17,7,1.50 
2013,10,26,12:00,1317,210,6,1112,21,19,11,4,4,11,1317,31,24,1.16 
2013,10,18,20:00,935,121,9,1098,16,2,13,2,3,0,935,12,8,1.07 
2013,10,18,19:00,935,87,9,1098,16,14,11,4,5,10,935,22,23,0.94 
2013,10,17,21:00,1317,323,6,1113,16,14,9,6,7,8,1317,19,22,0.86 
2013,10,17,21:00,1317,323,1,1113,12,16,10,5,2,11,1317,21,19,1.05 
2013,10,17,21:00,1317,323,5,1113,16,9,12,3,4,6,1317,23,17,1.35 
2013,10,13,15:00,1311,1317,11,1115,9,16,8,7,1,9,1317,19,15,1.12 
2013,10,13,15:00,1317,1311,10,1115,16,12,8,7,8,5,1317,29,17,1.50 
2013,10,12,10:00,1317,1311,13,1115,16,2,14,1,2,1,1317,13,8,1.25 
2013,10,12,10:00,1311,1317,11,1115,13,16,11,4,2,12,1317,19,19,1.05 
2013,10,12,10:00,1317,1311,10,1115,12,16,4,11,8,5,1317,10,22,0.58 
2013,10,10,22:00,1317,250,10,1115,16,6,9,6,7,0,1317,14,14,0.99 
2013,10,10,22:00,250,1317,11,1115,14,16,10,5,4,11,1317,15,23,0.69 
2013,10,06,21:00,1317,302,11,1117,16,3,12,3,4,0,1317,21,8,1.73 
2013,10,06,21:00,1317,302,9,1117,17,19,4,11,11,4,1317,24,19,1.02 
2013,10,06,21:00,1317,302,10,1117,19,17,10,5,5,10,1317,18,26,0.72 
2013,10,04,21:30,935,957,9,1098,16,7,11,4,5,3,935,20,12,1.32 
2013,10,01,20:00,1317,841,11,1116,16,6,10,5,6,1,1317,17,11,1.24 
2013,10,01,19:00,1317,1320,13,1116,16,3,12,3,4,0,1317,14,7,1.28 
2013,09,29,21:30,1317,250,10,1117,16,7,10,5,6,2,1317,20,12,1.32 
2013,09,29,21:30,250,1317,11,1117,8,16,7,8,1,8,1317,15,14,1.10 
2013,09,27,19:00,749,1317,13,1120,8,16,4,11,4,5,1317,17,12,1.05 
2013,09,26,23:30,1317,287,13,1120,16,4,11,4,5,0,1317,11,12,0.90 
2013,09,23,22:10,841,1317,10,1120,6,16,4,11,2,5,1317,13,17,0.84 
2013,09,23,21:20,1317,1280,13,1120,16,4,14,1,2,3,1317,15,12,1.07 
2013,09,23,20:15,1317,1312,10,1120,16,12,10,5,6,7,1317,18,18,0.95 
2013,09,22,22:00,250,1317,11,1120,16,8,10,5,6,3,1317,7,22,0.34 
2013,09,22,20:00,1317,1311,11,1120,13,16,9,6,4,10,1317,27,19,1.24 
2013,09,20,20:00,1317,1045,11,1117,19,16,6,9,9,6,1317,26,26,1.11 
2013,09,20,20:00,1317,1045,9,1117,10,16,6,9,4,7,1317,12,24,0.54 
2013,09,20,20:00,1045,1317,13,1117,9,16,8,7,1,9,1317,19,12,1.31 
2013,09,18,18:00,1317,49,9,1120,13,16,9,6,4,10,1317,17,21,0.85 
2013,09,17,20:00,1317,49,8,1125,10,16,9,6,1,10,1317,11,20,0.63 
2013,09,14,20:55,250,1317,11,1126,16,2,13,2,3,0,1317,7,17,0.43 
2013,09,14,20:55,1317,250,9,1126,10,16,6,9,4,7,1317,11,20,0.70 
2013,09,14,16:20,1317,698,9,1126,16,12,4,11,12,1,1317,10,18,0.63 
2013,09,14,15:30,1317,158,13,1126,16,7,11,4,5,3,1317,20,14,1.17 
2013,09,11,22:10,1317,250,11,1125,11,16,9,6,2,10,1317,24,19,1.26 
2013,09,11,22:10,1317,250,9,1125,7,16,6,9,1,7,1317,10,20,0.52 
2013,09,11,20:00,1317,1312,10,1125,16,10,8,7,8,3,1317,17,16,1.02 
2013,09,11,19:00,1317,844,11,1120,16,8,9,6,7,2,1317,23,14,1.38 
2013,09,11,18:00,1317,210,11,1120,16,5,13,2,3,3,1317,10,13,0.76 
2013,09,10,21:00,323,1317,8,1125,6,16,6,9,0,7,1317,24,14,1.51 
2013,09,10,20:00,1364,1317,13,1125,5,16,4,11,1,5,1317,20,13,1.38 
2013,09,09,22:45,250,1317,11,1127,16,12,7,8,9,4,1317,10,22,0.56 
2013,09,09,22:45,250,1317,10,1127,16,14,10,5,6,9,1317,10,22,0.52 
2013,09,09,22:45,1317,250,9,1127,16,13,6,9,10,4,1317,18,18,0.93 
2013,09,09,20:15,1317,1311,9,1127,16,8,9,6,7,2,1317,22,11,1.40 
2013,09,09,20:15,1311,1317,13,1127,3,16,3,12,0,4,1317,21,8,1.79 
2013,09,08,19:00,1317,698,9,1117,15,15,6,9,9,6,1317,21,19,1.04 
2013,09,08,18:00,1317,215,9,1120,15,15,6,9,9,6,1317,18,20,0.82 
2013,09,06,22:00,210,1317,10,1117,15,15,5,10,10,5,1317,18,19,0.97 
2013,09,06,21:15,1323,1317,13,1120,4,16,4,11,0,5,1317,22,12,1.65 
2013,09,06,20:00,215,1317,10,1117,15,15,8,7,7,8,1317,14,21,0.71 
2013,09,05,19:00,1106,1317,10,1117,3,16,3,12,0,4,1317,25,7,2.13 
2013,09,05,18:00,1317,287,9,1117,16,2,13,2,3,0,1317,11,5,1.23 
2013,09,04,20:00,384,1317,10,1125,16,14,12,3,4,11,1317,19,20,0.94 
2013,09,04,19:00,1317,1360,9,1120,16,4,12,3,4,1,1317,27,8,2.31 
2013,09,04,18:00,1317,1106,10,1120,16,11,7,8,9,3,1317,18,16,0.98 
2013,09,03,21:00,544,1317,10,1125,13,16,6,9,7,7,1317,21,22,0.96 
2013,09,03,20:00,1317,1355,9,1125,16,2,13,2,3,0,1317,15,7,1.42 
2013,08,20,20:30,1317,210,9,1130,16,5,11,4,5,1,1317,15,11,1.10 
2013,08,20,20:30,210,1317,10,1130,8,16,7,8,1,8,1317,18,13,1.17 
2013,08,14,20:00,1317,384,10,1130,16,14,8,7,8,7,1317,22,18,1.11 
2013,08,14,20:00,1317,384,9,1130,16,10,6,9,10,1,1317,16,15,0.99 
2013,08,09,00:40,1317,210,10,1134,16,14,4,11,12,3,1317,11,23,0.59 
2013,08,09,00:40,1317,210,9,1134,16,13,6,9,10,4,1317,18,20,0.95 
2013,08,08,22:40,1312,1317,10,1134,11,16,3,12,8,4,1317,18,21,0.95 
2013,08,08,22:40,1312,1317,9,1134,7,16,6,9,1,7,1317,27,13,1.89 
2013,08,08,18:50,1380,1317,9,1134,3,16,3,12,0,4,1317,15,7,1.48 
2013,06,30,21:15,1317,8,9,1137,16,11,6,9,10,2,1317,18,19,0.93 
2013,06,30,21:15,8,1317,10,1137,8,16,3,12,5,4,1317,14,17,0.87 
2013,06,30,15:00,210,1317,10,1137,11,16,10,5,1,11,1317,25,17,1.31 
2013,06,30,15:00,1317,210,9,1137,21,17,8,7,7,8,1317,20,27,0.78 
2013,06,29,15:45,1317,384,10,1137,16,6,11,4,5,2,1317,21,13,1.37 
2013,06,29,15:45,384,1317,13,1137,16,12,9,6,7,6,1317,19,23,0.88 
2013,06,29,15:45,1317,384,9,1137,16,12,7,8,9,4,1317,13,18,0.74 
2013,06,11,21:00,1317,506,11,1141,16,2,13,2,3,0,1317,26,6,2.27 
2013,06,11,20:00,8,1317,13,1141,15,15,8,7,7,8,1317,24,17,1.25 
2013,06,11,19:00,1312,1317,7,1141,13,16,3,12,10,4,1317,18,19,0.96 
2013,06,04,20:00,1317,8,11,1143,14,16,4,11,10,5,1317,17,19,0.85 
2013,05,29,20:00,250,1317,11,1143,21,18,8,7,7,8,1317,28,29,1.05 
2013,05,28,21:00,8,1317,13,1143,14,16,6,9,8,7,1317,35,20,1.52 
2013,05,28,20:00,1317,1395,9,1143,16,9,10,5,6,4,1317,22,13,1.34 
2013,05,28,19:00,1398,1317,11,1143,7,16,2,13,5,3,1317,14,14,0.95 
2013,05,21,20:00,1317,215,9,1143,17,21,7,8,8,7,1317,23,30,0.86 
2013,05,14,21:00,301,1317,13,1143,16,13,12,3,4,10,1317,18,20,0.83 
2013,05,14,20:00,1317,1401,11,1143,16,6,13,2,3,4,1317,18,14,1.14 
2013,04,21,17:00,1405,1317,7,1145,16,14,10,5,6,9,1317,20,18,1.04 
2013,04,21,17:00,1317,1405,11,1145,20,22,9,6,6,9,1317,30,32,0.98 
2013,04,21,00:30,250,1317,10,1145,16,14,7,8,9,6,1317,10,24,0.48 
2013,04,21,00:30,1317,250,13,1145,14,16,11,4,3,12,1317,14,21,0.79 
2013,04,20,17:00,1317,841,11,1145,16,9,9,6,7,3,1317,20,15,1.18 
2013,04,20,17:00,1317,841,9,1145,16,10,9,6,7,4,1317,25,16,1.40 
2013,04,20,04:00,1406,1317,10,1145,8,16,7,8,1,8,1317,14,13,0.96 
2013,04,20,04:00,1317,1406,9,1145,7,16,4,11,3,5,1317,11,20,0.56 
2013,04,20,04:00,1406,1317,11,1145,7,16,5,10,2,6,1317,9,13,0.73 
2013,04,14,14:30,1317,250,9,1151,14,16,10,5,4,11,1317,25,25,1.06 
2013,04,14,14:30,250,1317,11,1151,16,3,12,3,4,0,1317,8,19,0.44 
2013,04,13,14:00,1317,1383,11,1151,16,14,12,3,4,11,1317,15,21,0.72 
2013,04,13,14:00,1317,1383,9,1151,9,16,5,10,4,6,1317,13,21,0.68 
2013,04,13,14:00,1317,1383,13,1151,16,1,14,1,2,0,1317,16,10,1.33 
2013,04,07,17:15,1317,210,9,1152,16,10,6,9,10,1,1317,21,15,1.27 
2013,04,07,17:15,210,1317,10,1152,6,16,6,9,0,7,1317,16,14,0.98 
2013,04,07,14:00,1317,599,13,1152,21,16,9,6,6,9,1317,24,22,1.04 
2013,04,07,14:00,1317,599,9,1152,16,4,11,4,5,0,1317,19,9,1.45 
2013,04,05,17:58,1317,1383,9,1152,12,16,5,10,7,6,1317,18,22,0.83 
2013,04,05,13:30,1317,287,13,1152,16,6,11,4,5,2,1317,15,13,1.04 
2013,04,05,12:15,1317,1283,11,1152,16,7,13,2,3,5,1317,24,12,1.67 
2013,04,05,11:00,1317,315,13,1152,16,10,12,3,4,7,1317,27,15,1.57 
2013,04,03,21:30,1317,210,9,1154,16,9,7,8,9,1,1317,26,16,1.44 
2013,04,03,20:30,218,1317,13,1154,8,16,3,12,5,4,1317,17,13,1.14 
2013,04,03,19:30,1317,1151,10,1154,16,13,7,8,9,5,1317,19,24,0.85 
2013,03,30,23:00,1370,1317,11,1155,16,4,14,1,2,3,1317,14,16,1.01 
2013,03,30,18:30,1317,1405,9,1155,16,5,11,4,5,1,1317,23,13,1.50 
2013,03,30,16:15,1317,1353,9,1155,16,4,11,4,5,0,1317,22,8,1.64 
2013,03,30,14:30,52,1317,11,1155,5,16,5,10,0,6,1317,19,10,1.63 
2013,03,30,10:00,250,1317,10,1155,16,2,13,2,3,0,1317,9,17,0.53 
2013,03,30,10:00,1317,250,11,1155,11,16,6,9,5,7,1317,19,21,0.94 
2013,03,30,00:15,706,1317,11,1155,11,16,4,11,7,5,1317,25,21,1.17 
2013,03,30,00:15,1317,706,9,1155,16,6,10,5,6,1,1317,25,10,1.95 
2013,03,29,17:00,1106,1317,11,1155,11,16,8,7,3,9,1317,17,18,0.91 
2013,03,29,17:00,1106,1317,13,1155,7,16,4,11,3,5,1317,22,12,1.37 
2013,03,29,13:30,1317,1419,10,1155,16,1,14,1,2,0,1317,17,5,1.68 
2013,03,29,13:30,1317,1419,13,1155,16,1,14,1,2,0,1317,10,6,1.12 
2013,03,29,10:00,698,1317,11,1155,10,16,3,12,7,4,1317,27,15,1.42 
2013,03,29,10:00,1317,698,10,1155,11,16,5,10,6,6,1317,19,20,0.95 
2013,03,29,10:00,1317,698,13,1155,16,4,12,3,4,1,1317,20,8,1.64 
2013,03,14,21:00,301,1317,10,1164,16,21,12,3,3,12,1317,38,27,1.45 
2013,03,14,21:00,1317,301,13,1164,16,9,12,3,4,6,1317,15,18,0.85 
2013,03,14,19:00,1317,841,9,1164,16,3,12,3,4,0,1317,19,10,1.50 
2013,03,13,21:20,1317,690,13,1164,16,1,14,1,2,0,1317,19,7,1.72 
2013,03,13,20:15,1317,287,13,1164,16,11,9,6,7,5,1317,12,15,0.80 
2013,03,13,19:00,1317,214,9,1164,16,12,9,6,7,6,1317,38,15,2.09 
