2016,08,15,12:30,5,36,0,464,16,10,7,8,9,2,36,19,17,1.05 
2016,08,15,12:30,5,36,5,464,14,16,6,9,8,7,36,24,21,1.15 
2016,08,15,12:30,5,36,4,464,16,7,10,5,6,2,36,12,19,0.63 
2016,08,11,12:30,109,36,7,464,14,16,8,7,6,9,36,32,17,1.63 
2016,08,11,12:30,36,109,2,464,16,11,11,4,5,7,36,22,14,1.33 
2016,07,25,12:00,36,238,0,505,16,2,13,2,3,0,36,14,5,1.34 
2016,07,25,12:00,238,36,14,505,10,16,7,8,3,8,36,28,18,1.57 
2016,07,25,12:00,36,238,2,505,20,22,12,3,3,12,36,27,31,0.90 
2016,07,19,12:00,229,36,7,505,11,16,7,8,4,8,36,19,15,1.10 
2016,07,19,12:00,229,36,1,505,9,16,5,10,4,6,36,21,14,1.22 
2016,07,19,12:00,229,36,2,505,16,12,12,3,4,9,36,18,19,0.92 
2016,07,17,12:00,4,36,1,505,16,11,8,7,8,4,36,20,20,1.02 
2016,07,17,12:00,36,4,4,505,11,16,6,9,5,7,36,13,22,0.60 
2016,07,10,12:00,247,36,0,505,9,16,3,12,6,4,36,23,14,1.34 
2016,07,10,12:00,36,247,7,505,16,5,12,3,4,2,36,18,14,1.29 
2016,07,05,11:30,64,36,2,505,16,13,10,5,6,8,36,18,25,0.83 
2016,07,05,11:30,36,64,0,505,14,16,7,8,7,8,36,20,22,0.81 
2016,07,05,11:30,36,64,7,505,16,14,5,10,11,4,36,19,19,0.93 
2016,04,21,11:00,229,3,7,604,16,5,13,2,3,3,3,11,17,0.81 
2016,04,21,11:00,229,3,0,604,16,14,6,9,10,5,3,22,21,1.01 
2016,04,21,11:00,3,229,6,604,16,8,12,3,4,5,3,17,16,0.96 
2015,09,22,14:00,5,923,14,807,10,16,6,9,4,7,5,16,16,0.92 
2015,09,22,14:00,923,5,6,807,21,15,9,6,6,9,5,20,21,0.88 
2015,09,21,13:00,787,5,4,807,12,16,9,6,3,10,5,17,15,0.97 
2015,09,21,13:00,787,5,14,807,8,16,2,13,6,3,5,18,11,1.21 
2015,05,27,12:00,36,227,0,912,9,16,6,9,3,7,36,21,18,1.26 
2015,05,27,12:00,227,36,14,912,16,2,14,1,2,1,36,16,16,1.06 
