2015,12,09,10:00,3,229,1,638,1,16,1,14,0,2,3,11,16,0.79 
2015,12,08,12:00,3,227,2,638,16,8,13,2,3,6,3,11,17,0.72 
2015,12,08,12:00,3,227,0,638,16,13,9,6,7,7,3,20,18,1.03 
2015,12,08,10:00,3,787,1,638,9,16,3,12,6,4,3,15,19,0.79 
2015,12,08,10:00,787,3,7,638,16,12,8,7,8,5,3,11,22,0.59 
2015,12,07,10:00,3,429,0,638,8,16,6,9,2,7,3,15,22,0.71 
2015,12,07,10:00,429,3,4,638,16,7,14,1,2,6,3,11,20,0.56 
2015,12,01,10:00,3,799,6,638,19,17,4,11,11,4,3,24,23,1.00 
2015,12,01,10:00,799,3,7,638,5,16,5,10,0,6,3,18,15,1.09 
2015,10,18,11:00,3,227,14,749,3,16,3,12,0,4,3,14,18,0.84 
2015,10,04,12:00,3,429,7,749,13,16,6,9,7,7,3,18,22,0.92 
2015,10,03,12:00,3,924,0,749,13,16,6,9,7,7,3,11,22,0.55 
2015,09,22,11:00,3,972,6,807,16,1,15,0,1,1,3,13,8,1.28 
2015,09,22,11:00,972,3,0,807,16,11,8,7,8,4,3,23,17,1.16 
2015,09,22,11:00,3,972,7,807,16,12,9,6,7,6,3,23,22,1.07 
2015,09,21,10:00,799,974,6,807,10,16,6,9,4,7,974,17,18,0.89 
2015,09,21,10:00,799,974,7,807,19,21,7,8,8,7,974,26,34,0.90 
2015,09,15,03:35,2,799,0,817,16,14,7,8,9,6,2,22,17,1.10 
2015,09,15,03:34,799,2,1,817,2,16,2,13,0,3,2,4,12,0.46 
2015,09,06,01:00,36,2,2,817,5,16,5,10,0,6,2,16,10,1.29 
2015,09,06,01:00,2,36,14,817,14,16,8,7,6,9,2,22,22,1.10 
2015,06,21,12:00,64,227,1,878,13,16,5,10,8,6,64,28,23,1.25 
2015,06,20,14:30,429,64,6,878,16,1,14,1,2,0,64,10,16,0.57 
2015,05,31,14:00,1059,64,7,878,16,6,12,3,4,3,64,12,19,0.65 
2015,04,05,13:00,64,3,0,935,12,16,4,11,8,5,64,19,25,0.76 
2015,03,29,12:00,64,787,7,935,9,16,2,13,7,3,64,14,21,0.78 
2015,03,22,11:00,64,1058,7,935,8,16,2,13,6,3,64,16,19,0.85 
2015,03,01,12:00,429,64,0,935,16,9,9,6,7,3,64,17,21,1.02 
2015,02,22,10:00,799,64,1,935,15,21,12,3,3,12,64,20,28,0.76 
