2016,07,26,21:00,234,235,4,509,16,9,8,7,8,2,235,16,17,1.05 
2016,07,26,21:00,235,234,7,509,16,14,11,4,5,10,235,17,22,0.73 
2016,07,26,21:00,234,235,1,509,16,2,13,2,3,0,235,9,18,0.48 
2016,07,25,20:00,235,241,7,509,16,3,12,3,4,0,235,22,10,1.75 
2016,07,25,20:00,241,235,0,509,12,16,5,10,7,6,235,19,19,0.99 
2016,05,30,20:30,372,235,0,545,16,10,10,5,6,5,235,19,20,0.98 
2016,05,30,20:30,372,235,2,545,16,5,11,4,5,1,235,10,18,0.51 
2016,03,08,00:00,638,509,6,632,14,16,11,4,3,12,638,13,22,0.70 
2016,03,08,00:00,509,638,2,632,16,1,14,1,2,0,638,6,17,0.33 
2015,10,09,20:30,942,939,1,786,12,16,5,10,7,6,942,19,21,0.94 
2015,10,09,20:30,939,942,6,786,16,19,9,6,6,9,942,25,23,1.04 
2015,10,09,20:30,942,939,0,786,16,19,8,7,7,8,942,30,25,1.13 
2015,10,09,15:15,942,265,1,786,16,6,9,6,7,0,942,20,17,1.29 
2015,10,09,13:45,942,223,2,786,9,16,9,6,0,10,942,12,22,0.55 
2015,10,05,19:15,948,718,6,757,5,16,5,10,0,6,948,15,16,1.01 
2015,10,05,19:15,718,948,7,757,16,11,8,7,8,4,948,17,19,0.90 
2015,10,05,19:15,948,718,0,757,22,19,9,6,6,9,948,37,26,1.29 
2015,10,01,23:00,942,940,6,799,16,14,10,5,6,9,942,16,16,1.03 
2015,09,17,19:40,939,942,7,799,16,12,8,7,8,5,942,15,18,0.88 
2015,09,16,00:15,948,755,1,811,13,16,6,9,7,7,948,22,19,1.10 
2015,09,15,23:30,948,965,2,811,16,0,15,0,1,0,948,15,3,1.56 
2015,09,15,20:00,948,755,14,811,12,16,5,10,7,6,948,15,20,0.78 
2014,10,12,20:15,942,939,1,993,10,16,7,8,3,8,942,12,18,0.66 
2014,10,06,18:00,935,942,1,993,16,9,10,5,6,4,942,12,22,0.59 
2014,09,22,18:00,942,934,0,993,9,16,2,13,7,3,942,20,19,1.03 
2014,09,15,23:50,942,145,1,993,16,7,9,6,7,1,942,23,12,1.53 
2013,12,07,18:00,937,942,2,1098,16,10,12,3,4,7,942,10,21,0.52 
2013,12,07,18:00,942,937,0,1098,8,16,7,8,1,8,942,10,18,0.60 
2013,12,05,21:15,942,99,2,1098,16,8,8,7,8,1,942,27,13,1.63 
2013,12,05,21:15,99,942,0,1098,10,16,7,8,3,8,942,27,15,1.61 
2013,10,24,20:00,954,942,10,1098,15,15,4,11,11,4,942,19,23,0.85 
2013,10,21,20:00,942,103,9,1098,16,2,13,2,3,0,942,20,8,1.51 
2013,10,12,20:00,942,145,9,1098,14,16,5,10,9,6,942,23,19,1.06 
2013,10,04,21:00,942,953,10,1098,16,2,13,2,3,0,942,20,9,1.72 
