2016,08,15,19:00,18,19,14,468,16,10,8,7,8,3,19,14,20,0.68 
2016,08,15,19:00,18,19,0,468,16,11,8,7,8,4,19,12,23,0.54 
2016,08,14,21:30,12,19,1,468,2,16,2,13,0,3,19,10,7,1.09 
2016,08,14,21:30,19,12,14,468,16,14,8,7,8,7,19,18,24,0.80 
2016,08,13,18:00,19,12,6,475,16,4,11,4,5,0,19,16,8,1.51 
2016,08,13,18:00,19,12,7,475,17,19,7,8,8,7,19,26,20,1.11 
2016,08,13,18:00,12,19,2,475,5,16,5,10,0,6,19,13,8,1.13 
2016,08,09,20:00,131,19,1,475,2,16,2,13,0,3,19,15,6,1.50 
2016,08,09,20:00,131,19,0,475,12,16,6,9,6,7,19,15,14,1.02 
2016,07,31,18:45,18,19,2,500,16,4,12,3,4,1,19,7,16,0.46 
2016,07,31,18:45,19,18,7,500,19,16,4,11,11,4,19,17,23,0.75 
2016,07,31,18:45,19,18,0,500,12,16,6,9,6,7,19,14,22,0.72 
2016,07,31,14:45,19,12,7,500,16,9,9,6,7,3,19,16,15,1.05 
2016,07,31,14:45,12,19,1,500,16,14,5,10,11,4,19,19,18,0.99 
2016,07,31,14:45,12,19,2,500,3,16,3,12,0,4,19,12,7,1.20 
2016,07,30,19:30,211,19,2,500,5,16,4,11,1,5,19,10,9,0.86 
2016,07,30,19:30,211,19,14,500,6,16,6,9,0,7,19,12,9,1.04 
2016,02,14,12:50,40,18,1,655,9,16,5,10,4,6,40,18,19,1.12 
2016,02,14,12:50,18,40,6,655,16,12,7,8,9,4,40,16,18,0.85 
2016,02,14,09:30,19,40,7,655,13,16,5,10,8,6,40,17,16,1.02 
2016,02,14,09:30,19,40,0,655,14,16,11,4,3,12,40,22,19,1.07 
2016,02,13,22:25,40,18,7,655,7,16,4,11,3,5,40,15,16,0.87 
2016,02,13,22:25,18,40,6,655,16,12,9,6,7,6,40,10,20,0.55 
2016,02,13,13:45,143,40,2,655,12,16,9,6,3,10,40,25,15,1.29 
2016,02,13,13:45,40,143,6,655,16,8,9,6,7,2,40,28,12,1.94 
2016,02,13,13:45,40,143,0,655,6,16,5,10,1,6,40,18,16,1.12 
2015,12,12,19:30,768,40,0,708,5,16,4,11,1,5,40,14,9,1.24 
2015,12,12,19:30,768,40,6,708,4,16,1,14,3,2,40,15,4,1.45 
2015,12,12,13:30,40,131,14,708,16,9,8,7,8,2,40,23,14,1.41 
2015,12,12,13:30,131,40,6,708,4,16,4,11,0,5,40,15,8,1.23 
2015,12,12,09:00,773,40,7,708,1,16,1,14,0,2,40,18,2,1.81 
2015,12,12,09:00,773,40,0,708,0,16,0,15,0,1,40,15,5,1.53 
2015,10,04,13:00,19,18,0,795,13,16,8,7,5,9,19,23,18,1.09 
2015,10,04,13:00,19,18,6,795,8,16,5,10,3,6,19,9,19,0.53 
2015,10,03,16:15,40,19,6,795,10,16,7,8,3,8,19,19,15,1.11 
2015,10,03,16:15,40,19,7,795,9,16,8,7,1,9,19,18,11,1.24 
2015,02,19,20:45,1143,18,7,956,21,16,8,7,7,8,18,33,26,1.17 
2015,02,19,20:45,18,1143,6,956,16,12,12,3,4,9,18,20,17,1.06 
2015,02,19,20:45,1143,18,0,956,31,28,13,2,2,13,18,37,39,0.92 
