2016,07,15,23:00,8,286,0,502,22,20,12,3,3,12,286,30,28,1.05 
2016,07,15,23:00,8,286,14,502,16,9,10,5,6,4,286,16,23,0.67 
2016,07,13,20:00,13,286,2,502,5,16,5,10,0,6,286,11,9,0.93 
2016,07,13,20:00,13,286,14,502,5,16,5,10,0,6,286,20,13,1.24 
2016,06,12,14:10,22,286,1,552,16,12,6,9,10,3,286,15,20,0.74 
2016,06,11,13:00,286,365,0,552,16,11,11,4,5,7,286,23,9,1.38 
2016,06,10,14:20,362,286,14,552,16,14,10,5,6,9,286,21,21,0.98 
2016,06,09,13:00,286,13,0,552,9,16,6,9,3,7,286,11,19,0.56 
2016,05,26,22:30,286,257,7,502,11,16,5,10,6,6,286,19,19,0.92 
2016,05,26,22:30,257,286,14,502,16,3,12,3,4,0,286,11,17,0.66 
2016,05,26,00:00,257,286,14,502,11,16,7,8,4,8,286,21,16,1.22 
2016,05,25,23:00,257,286,2,502,16,7,9,6,7,1,286,10,18,0.59 
2016,05,25,19:15,303,286,2,502,10,16,5,10,5,6,286,24,16,1.38 
2016,05,25,18:00,303,286,0,502,14,16,11,4,3,12,286,23,19,1.21 
2016,05,24,19:50,70,286,2,502,16,0,15,0,1,0,286,7,16,0.47 
2016,05,24,18:00,70,286,14,502,19,17,9,6,6,9,286,27,24,1.06 
2016,05,08,11:15,34,286,7,584,16,13,4,11,12,2,286,14,23,0.69 
2016,05,08,11:15,286,34,0,584,5,16,3,12,2,4,286,5,19,0.30 
2016,05,08,11:15,34,286,14,584,5,16,2,13,3,3,286,15,8,1.32 
2016,05,06,11:45,34,286,7,584,14,16,8,7,6,9,286,20,20,1.02 
2016,05,06,11:45,286,34,0,584,11,16,9,6,2,10,286,15,20,0.74 
2016,05,06,11:45,286,34,14,584,16,12,8,7,8,5,286,12,16,0.79 
2016,05,06,08:45,286,429,4,584,16,13,11,4,5,9,286,19,16,1.03 
2016,05,06,08:45,429,286,0,584,8,16,3,12,5,4,286,19,11,1.32 
2016,05,05,15:40,286,193,0,584,16,14,9,6,7,8,286,29,18,1.37 
2016,05,05,15:40,286,193,14,584,16,7,9,6,7,1,286,17,8,1.30 
2016,05,05,10:10,34,286,4,584,16,1,14,1,2,0,286,9,16,0.59 
2016,05,05,10:10,286,34,0,584,11,16,5,10,6,6,286,17,21,0.88 
2016,05,05,04:45,286,65,14,584,16,7,13,2,3,5,286,21,12,1.48 
2016,04,27,03:00,286,116,7,598,16,13,10,5,6,8,286,16,20,0.85 
2016,04,27,02:00,116,286,6,598,11,16,5,10,6,6,286,25,17,1.33 
2016,04,24,03:00,70,286,6,598,16,13,7,8,9,5,286,19,20,1.00 
2016,04,24,02:00,70,286,2,598,16,3,12,3,4,0,286,10,18,0.76 
2016,04,06,03:00,286,366,7,598,13,16,5,10,8,6,286,21,18,1.07 
2016,04,06,02:00,366,286,2,598,16,2,14,1,2,1,286,4,16,0.28 
2016,03,23,05:00,286,362,6,598,16,6,11,4,5,2,286,22,9,1.58 
2016,03,23,04:00,362,286,2,598,4,16,3,12,1,4,286,19,10,1.64 
2016,03,19,18:00,270,286,4,624,16,10,11,4,5,6,286,20,18,1.16 
2016,03,19,18:00,286,270,7,624,16,4,13,2,3,2,286,18,10,1.48 
2016,03,19,18:00,286,270,14,624,16,19,8,7,7,8,286,25,23,1.03 
2016,03,19,02:30,424,286,6,590,16,14,12,3,4,11,286,24,17,1.25 
2016,03,19,02:30,424,286,14,590,16,9,8,7,8,2,286,14,21,0.71 
2016,03,18,04:20,303,286,1,598,16,7,8,7,8,0,286,13,16,0.82 
2016,03,18,02:00,303,286,0,598,11,16,5,10,6,6,286,22,18,1.25 
2016,03,17,03:30,286,257,1,598,8,16,5,10,3,6,286,13,18,0.80 
2016,03,17,02:00,286,257,2,598,16,19,9,6,6,9,286,29,21,1.20 
2016,03,15,01:00,286,279,4,590,16,2,13,2,3,0,286,9,8,0.94 
2016,03,15,01:00,279,286,6,590,9,16,8,7,1,9,286,22,14,1.47 
2016,03,14,03:05,286,101,14,598,16,12,7,8,9,4,286,31,18,1.51 
2016,03,14,02:00,101,286,6,598,6,16,5,10,1,6,286,17,13,1.22 
2016,03,13,06:10,286,312,14,598,16,9,7,8,9,1,286,19,15,1.24 
2016,03,13,05:00,286,312,6,598,7,16,5,10,2,6,286,25,19,1.43 
2016,03,09,04:00,286,279,2,598,16,3,12,3,4,0,286,18,9,1.50 
2016,03,09,03:15,286,279,1,598,16,4,11,4,5,0,286,23,7,1.90 
2016,02,28,22:40,286,257,7,639,16,19,8,7,7,8,286,22,21,0.97 
2016,02,28,22:40,257,286,0,639,16,14,10,5,6,9,286,19,20,0.96 
2016,02,27,22:50,286,152,2,639,11,16,6,9,5,7,286,24,15,1.38 
2016,02,27,04:20,286,22,6,639,16,9,9,6,7,3,286,20,12,1.23 
2016,02,21,23:00,303,286,0,647,16,13,6,9,10,4,286,15,19,0.87 
2016,02,21,23:00,303,286,1,647,16,10,9,6,7,4,286,14,18,0.79 
2016,02,21,20:30,270,286,2,647,9,16,6,9,3,7,286,21,13,1.33 
2016,02,21,20:30,270,286,14,647,7,16,6,9,1,7,286,19,11,1.29 
2016,02,18,03:00,291,286,6,598,6,16,5,10,1,6,286,19,9,1.41 
2016,02,18,02:00,286,291,1,598,16,5,10,5,6,0,286,11,10,0.92 
2016,02,10,03:15,682,286,0,598,16,10,11,4,5,6,286,18,18,0.94 
2016,02,10,02:00,682,286,2,598,12,16,8,7,4,9,286,24,17,1.35 
2016,02,01,06:30,150,286,6,663,16,2,13,2,3,0,286,15,16,1.14 
2016,02,01,06:30,150,286,14,663,16,9,8,7,8,2,286,25,18,1.41 
2016,01,31,07:20,286,697,0,663,16,4,13,2,3,2,286,16,9,1.44 
2016,01,31,07:20,697,286,14,663,8,16,6,9,2,7,286,14,12,1.02 
2016,01,30,06:20,286,699,7,663,16,7,9,6,7,1,286,19,10,1.28 
2016,01,30,05:10,286,150,7,663,13,16,4,11,9,5,286,23,18,1.19 
2016,01,30,04:00,699,286,14,663,2,16,2,13,0,3,286,20,7,1.81 
2015,11,19,11:30,286,257,7,744,12,16,6,9,6,7,286,10,18,0.61 
2015,11,19,09:00,286,303,1,744,16,14,6,9,10,5,286,21,21,0.98 
2015,11,19,09:00,286,303,7,744,16,13,7,8,9,5,286,22,20,1.03 
2015,11,19,07:15,70,286,1,744,12,16,10,5,2,11,286,10,15,0.76 
2015,11,19,07:15,70,286,2,744,12,16,8,7,4,9,286,8,17,0.56 
2015,11,19,01:00,682,286,2,744,12,16,5,10,7,6,286,24,16,1.27 
2015,11,19,01:00,682,286,14,744,10,16,4,11,6,5,286,22,11,1.38 
2015,11,18,21:40,257,286,14,744,16,6,9,6,7,0,286,8,17,0.52 
2015,11,18,21:40,286,257,7,744,19,16,5,10,10,5,286,25,21,1.09 
2015,11,18,21:40,286,257,6,744,11,16,8,7,3,9,286,13,17,0.73 
2015,11,18,02:30,286,279,0,744,16,14,8,7,8,7,286,24,19,1.24 
2015,11,18,02:30,286,279,14,744,16,8,8,7,8,1,286,25,11,1.51 
2015,11,17,01:15,286,682,6,744,16,14,9,6,7,8,286,27,18,1.29 
2015,11,16,23:15,286,796,6,744,16,8,12,3,4,5,286,14,16,0.83 
2015,11,16,21:45,291,286,14,744,11,16,3,12,8,4,286,19,13,1.29 
2015,11,14,22:55,291,286,2,748,16,10,9,6,7,4,286,19,19,0.99 
2015,11,14,21:05,286,70,14,748,0,16,0,15,0,1,286,4,15,0.26 
2015,11,14,20:00,291,286,1,748,10,16,7,8,3,8,286,17,17,0.98 
2015,10,18,13:15,429,286,7,749,9,16,8,7,1,9,286,18,15,1.07 
2015,10,17,12:00,227,286,7,749,8,16,7,8,1,8,286,3,3,0.83 
2015,10,16,12:25,286,3,14,749,16,5,10,5,6,0,286,13,8,1.13 
2015,10,04,11:00,924,286,1,749,16,14,8,7,8,7,286,20,17,1.05 
2015,10,03,14:15,923,286,7,749,16,8,10,5,6,3,286,16,19,0.94 
2015,09,26,18:50,303,286,14,766,16,4,11,4,5,0,286,9,17,0.53 
2015,09,26,18:50,286,303,7,766,7,16,6,9,1,7,286,17,19,0.99 
2015,09,24,22:00,279,286,7,766,10,16,6,9,4,7,286,22,15,1.28 
2015,09,24,22:00,279,286,2,766,13,16,8,7,5,9,286,10,15,0.76 
2015,09,24,16:00,286,303,7,766,13,16,3,12,10,4,286,25,16,1.29 
2015,09,24,16:00,286,303,4,766,5,16,2,13,3,3,286,16,17,0.96 
2015,09,24,16:00,286,303,14,766,16,14,4,11,12,3,286,26,17,1.25 
2015,09,19,17:15,286,792,1,808,11,16,7,8,4,8,286,14,21,0.74 
2015,09,19,14:30,286,22,14,808,13,16,5,10,8,6,286,13,22,0.65 
2015,08,21,19:30,250,286,6,846,16,5,12,3,4,2,286,17,18,1.10 
2015,08,21,18:25,286,711,0,846,16,9,9,6,7,3,286,11,15,0.79 
2015,08,20,16:36,270,286,2,846,16,11,10,5,6,6,286,17,18,0.93 
2015,08,08,10:30,270,286,1,868,16,4,12,3,4,1,286,14,14,0.97 
2015,08,06,18:15,286,302,14,868,16,19,7,8,8,7,286,25,23,1.09 
2015,08,06,15:15,302,286,0,868,14,16,10,5,4,11,286,16,19,0.78 
2015,08,06,12:30,286,302,7,868,16,10,10,5,6,5,286,25,12,1.60 
2015,08,05,15:25,270,286,0,868,16,6,12,3,4,3,286,10,16,0.63 
2015,08,05,12:15,214,286,1,868,16,2,13,2,3,0,286,16,17,1.01 
2015,07,19,08:00,286,648,6,873,16,2,13,2,3,0,286,15,7,1.32 
2015,07,19,08:00,286,648,7,873,19,16,5,10,10,5,286,34,22,1.45 
2015,07,18,15:30,286,994,7,873,16,8,11,4,5,4,286,29,11,1.98 
2015,07,18,11:30,286,1046,6,873,16,0,15,0,1,0,286,9,4,1.15 
2015,07,12,01:00,286,215,2,875,5,16,5,10,0,6,286,9,17,0.57 
2015,07,12,01:00,215,286,4,875,16,8,9,6,7,2,286,15,19,0.79 
2015,07,11,02:00,286,18,6,875,16,5,12,3,4,2,286,16,11,1.19 
2015,07,11,01:00,258,286,7,875,16,6,11,4,5,2,286,14,15,0.95 
2015,07,10,21:45,286,291,7,875,16,13,5,10,11,3,286,20,15,1.21 
2015,06,21,13:00,286,1059,6,878,16,5,11,4,5,1,286,16,7,1.32 
2015,06,20,13:30,286,227,6,878,16,11,7,8,9,3,286,27,12,1.61 
2015,05,31,12:00,787,1058,7,878,16,9,12,3,4,6,787,8,15,0.62 
2015,05,30,23:20,328,327,0,911,12,16,11,4,1,12,327,20,16,1.15 
2015,05,30,23:20,327,328,1,911,16,4,12,3,4,1,327,21,8,1.77 
2015,05,16,17:40,215,787,6,921,16,1,14,1,2,0,787,12,16,0.98 
2015,05,16,17:40,215,787,14,921,16,3,12,3,4,0,787,11,16,0.72 
2015,05,16,15:30,787,250,1,921,5,16,5,10,0,6,787,10,16,0.65 
2015,05,16,15:30,787,250,2,921,16,13,5,10,11,3,787,28,14,1.49 
2015,05,16,11:40,787,303,1,921,16,8,8,7,8,1,787,25,11,1.87 
2015,05,16,11:40,303,787,6,921,9,16,9,6,0,10,787,34,10,2.12 
2015,05,15,18:00,787,210,1,921,13,16,7,8,6,8,787,30,18,1.37 
2015,05,15,18:00,787,210,7,921,16,13,12,3,4,10,787,22,18,1.16 
2015,04,05,14:00,787,429,4,935,14,16,5,10,9,6,787,13,21,0.66 
2015,03,29,12:00,64,787,7,935,9,16,2,13,7,3,787,21,17,1.19 
2015,03,22,10:00,3,787,0,935,16,5,12,3,4,2,787,6,18,0.36 
2015,03,12,18:00,215,787,6,954,16,3,14,1,2,2,787,9,16,0.62 
2015,03,12,15:45,787,13,7,954,16,2,13,2,3,0,787,10,6,1.14 
2015,03,12,14:50,210,787,6,954,16,3,13,2,3,1,787,7,18,0.38 
2015,03,01,11:00,787,799,7,935,16,0,15,0,1,0,787,17,0,2.25 
2015,02,22,11:00,1058,787,1,935,3,16,3,12,0,4,787,21,5,1.83 
2015,02,15,18:42,22,787,6,959,13,16,3,12,10,4,787,19,14,1.11 
2015,02,15,15:00,787,1106,0,959,16,11,10,5,6,6,787,22,18,1.12 
2014,08,14,20:00,711,787,5,1043,16,1,14,1,2,0,787,7,15,0.41 
2014,08,14,17:30,22,787,1,1043,16,9,9,6,7,3,787,17,19,0.83 
