2016,08,14,15:30,45,54,14,477,16,11,6,9,10,2,54,11,24,0.50 
2016,06,06,22:15,241,371,7,545,16,7,12,3,4,4,371,11,22,0.61 
2016,06,06,22:15,241,371,14,545,16,9,11,4,5,5,371,21,23,0.93 
2016,05,23,20:20,421,371,1,545,8,16,7,8,1,8,371,23,13,1.37 
2016,05,23,20:20,421,371,2,545,7,16,5,10,2,6,371,20,12,1.29 
2016,03,27,19:15,508,475,14,617,16,5,13,2,3,3,475,8,19,0.45 
2016,03,07,21:00,475,508,4,632,14,16,13,2,1,14,475,17,25,0.78 
2016,03,07,21:00,508,475,14,632,16,10,9,6,7,4,475,16,19,0.85 
2016,03,07,21:00,475,508,1,632,16,12,5,10,11,2,475,20,20,1.02 
2016,02,22,23:00,655,475,1,632,11,16,6,9,5,7,475,29,16,1.57 
2016,02,22,23:00,655,475,4,632,12,16,6,9,6,7,475,21,17,1.13 
2016,01,10,12:00,472,475,1,679,16,7,10,5,6,2,475,15,19,0.89 
2016,01,10,12:00,475,472,7,679,3,16,3,12,0,4,475,8,17,0.50 
2015,12,14,18:00,475,723,0,697,3,16,3,12,0,4,475,7,17,0.42 
2015,12,14,18:00,723,475,2,697,16,10,8,7,8,3,475,18,22,0.86 
2015,11,24,20:00,642,475,14,733,16,11,7,8,9,3,475,9,23,0.53 
2015,11,24,20:00,475,642,4,733,14,16,7,8,7,8,475,24,24,1.02 
2015,11,16,23:00,856,475,4,733,2,16,2,13,0,3,475,16,12,1.27 
2015,11,16,22:00,475,229,0,733,16,7,9,6,7,1,475,14,15,0.84 
2015,11,16,20:00,856,475,7,733,16,6,9,6,7,0,475,13,19,0.74 
2015,09,15,23:30,948,965,2,811,16,0,15,0,1,0,965,6,16,0.31 
2015,09,15,21:15,965,475,0,811,4,16,3,12,1,4,965,6,18,0.36 
2015,05,08,21:40,755,234,0,927,12,16,9,6,3,10,755,20,21,1.01 
2015,04,02,20:30,552,755,7,948,16,4,11,4,5,0,755,8,18,0.50 
2015,04,02,19:00,755,1117,0,948,11,16,8,7,3,9,755,13,18,0.72 
2015,04,02,14:00,648,755,1,948,10,16,8,7,2,9,755,21,16,1.19 
2015,04,02,14:00,648,755,6,948,6,16,5,10,1,6,755,16,12,1.08 
2014,12,17,19:50,1154,371,1,975,6,16,5,10,1,6,371,17,13,1.22 
2014,12,17,19:50,1154,371,6,975,7,16,6,9,1,7,371,17,12,1.10 
2014,12,17,19:50,371,1154,14,975,16,6,10,5,6,1,371,24,12,1.57 
2014,12,17,19:50,1154,371,5,975,16,8,10,5,6,3,371,15,22,0.74 
2014,10,19,22:45,1172,49,5,1005,12,16,9,6,3,10,1172,22,23,1.01 
