2016,06,05,18:55,377,378,7,555,16,3,12,3,4,0,377,22,7,1.82 
2016,06,05,18:55,377,378,1,555,16,0,15,0,1,0,377,14,8,1.43 
2016,03,24,17:00,320,552,6,623,16,6,13,2,3,4,552,10,18,0.66 
2016,03,24,15:30,231,552,14,623,16,9,11,4,5,5,552,21,20,1.14 
2016,03,24,13:00,320,552,1,623,9,16,7,8,2,8,552,20,15,1.30 
2016,01,10,19:50,552,377,7,678,16,6,14,1,2,5,552,20,14,1.29 
2016,01,10,19:50,552,377,2,678,15,19,10,5,5,10,552,30,20,1.31 
2016,01,10,19:50,377,552,6,678,8,16,7,8,1,8,552,12,15,0.77 
2016,01,10,12:00,552,376,6,678,16,9,12,3,4,6,552,30,15,1.68 
2016,01,10,12:00,552,376,7,678,16,11,10,5,6,6,552,25,17,1.27 
2015,11,17,17:30,855,552,6,745,16,9,10,5,6,4,552,19,19,1.09 
2015,11,16,17:30,552,831,0,745,6,16,4,11,2,5,552,12,18,0.66 
2015,11,16,17:30,552,831,7,745,11,16,8,7,3,9,552,18,23,0.87 
2015,10,01,17:30,935,956,1,799,16,10,8,7,8,3,956,17,22,0.78 
2015,10,01,17:30,935,956,7,799,16,12,10,5,6,7,956,31,20,1.41 
2015,09,29,21:30,942,956,1,799,16,11,8,7,8,4,956,21,16,1.20 
2015,09,29,20:30,956,74,1,799,16,4,14,1,2,3,956,19,11,1.39 
2015,09,29,18:30,956,939,7,799,8,16,2,13,6,3,956,17,19,0.98 
2015,09,28,22:55,937,956,2,799,16,12,9,6,7,6,956,26,23,1.15 
2015,09,17,18:30,956,139,7,799,16,14,7,8,9,6,956,29,24,1.24 
2015,08,11,17:00,104,956,0,799,3,16,3,12,0,4,956,11,9,1.00 
2015,08,11,17:00,956,104,1,799,16,3,12,3,4,0,956,24,8,2.17 
2015,04,04,10:00,552,297,7,948,8,16,8,7,0,9,552,30,22,1.55 
2015,04,03,22:30,840,552,6,948,6,16,5,10,1,6,552,22,14,1.45 
2015,04,03,15:30,800,552,1,948,16,11,7,8,9,3,552,18,22,0.84 
2015,04,03,15:30,552,800,7,948,7,16,6,9,1,7,552,14,17,0.85 
2015,04,03,12:00,1045,552,7,948,16,6,10,5,6,1,552,11,19,0.56 
2015,04,03,12:00,1045,552,0,948,16,6,11,4,5,2,552,14,17,0.85 
2015,04,02,22:30,1125,552,1,948,3,16,3,12,0,4,552,21,9,1.60 
2015,04,02,20:30,552,755,7,948,16,4,11,4,5,0,552,17,12,1.18 
2015,04,02,19:00,552,1125,0,948,11,16,9,6,2,10,552,22,16,1.25 
2015,04,02,17:00,1134,552,5,948,11,16,9,6,2,10,552,26,18,1.40 
2015,04,02,14:00,1134,552,6,948,16,5,11,4,5,1,552,16,19,0.88 
2014,08,28,22:11,939,956,0,1035,16,3,12,3,4,0,956,10,18,0.60 
2014,08,28,22:00,956,939,1,1035,8,16,6,9,2,7,956,9,21,0.44 
2014,08,16,19:00,1018,956,1,1035,6,16,4,11,2,5,956,23,10,1.66 
2014,08,16,19:00,1018,956,6,1035,12,16,9,6,3,10,956,21,16,1.18 
