2016,05,16,04:45,435,424,14,574,3,16,3,12,0,4,435,11,18,0.59 
2016,05,16,04:45,424,435,7,574,16,14,6,9,10,5,435,25,19,1.21 
2016,05,15,23:00,435,114,2,574,16,10,8,7,8,3,435,16,16,0.94 
2016,05,15,23:00,114,435,7,574,18,22,6,9,9,6,435,34,28,1.14 
2016,05,15,23:00,435,114,0,574,3,16,3,12,0,4,435,18,18,1.20 
2016,05,09,02:55,270,97,14,581,16,12,9,6,7,6,97,23,20,1.17 
2016,05,08,22:15,97,436,7,581,16,9,7,8,9,1,97,20,16,1.15 
2016,05,08,22:15,436,97,0,581,16,13,10,5,6,8,97,23,21,1.11 
2016,05,08,22:15,97,436,2,581,16,13,11,4,5,9,97,17,22,0.75 
2016,04,15,05:00,257,435,6,590,16,2,13,2,3,0,435,9,18,0.48 
2016,04,15,05:00,435,257,4,590,10,16,7,8,3,8,435,14,20,0.79 
2016,04,15,05:00,435,257,7,590,16,9,7,8,9,1,435,21,17,1.19 
2016,04,15,02:15,279,435,7,590,10,16,6,9,4,7,435,26,16,1.33 
2016,04,15,02:15,435,279,4,590,7,16,5,10,2,6,435,10,20,0.49 
2016,04,15,02:15,435,279,14,590,16,13,6,9,10,4,435,20,20,0.99 
2016,04,13,02:00,97,270,1,590,6,16,5,10,1,6,97,15,14,1.10 
2015,09,30,02:00,291,334,14,725,16,6,12,3,4,3,334,11,19,0.58 
2015,09,23,02:00,334,738,14,725,10,16,3,12,7,4,334,17,18,1.00 
2015,09,15,03:30,334,707,7,725,16,8,12,3,4,5,334,15,14,0.93 
2015,08,12,02:45,334,1034,2,863,14,16,12,3,2,13,334,26,24,1.04 
2015,08,12,02:45,1034,334,7,863,6,16,5,10,1,6,334,12,12,0.88 
2015,08,12,02:45,334,1034,14,863,12,16,6,9,6,7,334,20,23,0.89 
