2014,10,05,17:35,1185,1183,7,1015,14,16,8,7,6,9,1185,18,25,0.73 
2014,10,05,16:45,1181,1185,6,1015,16,3,13,2,3,1,1185,11,17,0.75 
2014,10,05,14:30,1185,1188,1,1015,16,12,12,3,4,9,1185,22,16,1.23 
2014,10,05,13:20,1185,1181,6,1015,14,16,7,8,7,8,1185,17,25,0.71 
2014,10,05,12:20,1185,1183,1,1015,16,13,8,7,8,6,1185,20,16,1.12 
2014,10,05,11:25,1186,1185,1,1015,11,16,7,8,4,8,1185,23,15,1.27 
2014,10,05,10:25,1182,1185,1,1015,16,10,9,6,7,4,1185,16,20,0.78 
2014,10,05,09:35,1185,1187,1,1015,16,6,10,5,6,1,1185,25,11,1.78 
2014,10,04,17:51,1190,1111,0,1018,3,16,3,12,0,4,1190,12,18,0.63 
2014,10,04,17:50,1190,1111,6,1018,9,16,3,12,6,4,1190,18,17,1.03 
2014,10,04,16:50,1190,1191,7,1018,15,15,8,7,7,8,1190,19,22,0.90 
2014,10,04,14:55,1111,1190,1,1018,16,3,12,3,4,0,1190,12,17,0.80 
2014,10,04,13:50,1190,1193,0,1018,16,14,7,8,9,6,1190,15,22,0.69 
2014,10,04,12:40,1190,1189,1,1018,9,16,3,12,6,4,1190,13,22,0.67 
2014,10,04,11:00,1190,1043,0,1018,10,16,4,11,6,5,1190,23,17,1.31 
2014,10,04,10:00,1190,1192,0,1018,16,10,7,8,9,2,1190,16,14,1.02 
2014,07,31,18:30,1225,925,1,1047,13,16,8,7,5,9,1225,19,20,0.98 
2014,07,31,16:00,517,1225,0,1047,16,3,12,3,4,0,1225,6,18,0.37 
2014,06,28,14:45,1235,1234,1,1057,16,10,7,8,9,2,1235,33,12,2.06 
2014,06,28,13:15,1235,1236,1,1057,16,10,10,5,6,5,1235,26,17,1.50 
2014,06,28,12:00,1235,1233,6,1057,10,16,8,7,2,9,1235,14,17,0.80 
2014,06,28,11:15,1187,1235,2,1057,16,2,13,2,3,0,1235,7,16,0.42 
2014,06,28,10:35,1232,1235,0,1057,16,8,12,3,4,5,1235,18,17,1.14 
2014,06,28,09:45,1188,1235,6,1057,16,10,12,3,4,7,1235,17,21,0.86 
2013,05,14,19:00,1399,841,10,1143,11,16,7,8,4,8,1399,11,21,0.56 
